-7.878099999999999454e+02 1.982999999999999829e+01 7.969999999999999751e+00
-7.879700000000000273e+02 2.667000000000000171e+01 3.529999999999999805e+00
-7.883099999999999454e+02 2.564000000000000057e+01 1.165000000000000036e+01
-7.881100000000000136e+02 3.178999999999999915e+01 4.230000000000000426e+00
-7.880800000000000409e+02 3.609000000000000341e+01 5.000000000000000278e-02
-7.884299999999999500e+02 5.269999999999999574e+00 4.717000000000000171e+01
-7.882999999999999545e+02 5.000000000000000000e+00 3.760999999999999943e+01
-7.885900000000000318e+02 3.053999999999999915e+01 4.660000000000000142e+01
-7.881000000000000227e+02 1.338000000000000078e+01 2.666000000000000014e+01
-7.882899999999999636e+02 8.439999999999999503e+00 3.304999999999999716e+01
-7.882999999999999545e+02 1.889999999999999858e+01 1.971999999999999886e+01
-7.882899999999999636e+02 2.887000000000000099e+01 7.910000000000000142e+00
-7.878200000000000500e+02 2.307999999999999829e+01 3.910000000000000142e+00
-7.884900000000000091e+02 3.828000000000000114e+01 2.841000000000000014e+01
-7.884199999999999591e+02 1.010000000000000009e+00 4.817999999999999972e+01
-7.880099999999999909e+02 1.869000000000000128e+01 1.174000000000000021e+01
-7.882699999999999818e+02 3.234000000000000341e+01 4.049999999999999822e+00
-7.884900000000000091e+02 4.817999999999999972e+01 2.632999999999999829e+01
-7.881200000000000045e+02 2.771000000000000085e+01 8.199999999999999289e+00
-7.880900000000000318e+02 1.671999999999999886e+01 2.239999999999999858e+01
-7.885800000000000409e+02 2.255000000000000071e+01 4.753999999999999915e+01
-7.878099999999999454e+02 1.803999999999999915e+01 1.192999999999999972e+01
-7.883999999999999773e+02 1.894999999999999929e+01 3.510999999999999943e+01
-7.884199999999999591e+02 1.007000000000000028e+01 4.510000000000000142e+01
-7.882400000000000091e+02 3.579999999999999716e+01 3.800000000000000044e-01
-7.883200000000000500e+02 2.226999999999999957e+01 1.565000000000000036e+01
-7.880000000000000000e+02 2.219999999999999929e+01 7.940000000000000391e+00
-7.885900000000000318e+02 4.190999999999999659e+01 4.550000000000000000e+01
-7.885299999999999727e+02 1.583999999999999986e+01 4.810999999999999943e+01
-7.879199999999999591e+02 3.331000000000000227e+01 0.000000000000000000e+00
-7.882999999999999545e+02 1.225999999999999979e+01 2.810000000000000142e+01
-7.883899999999999864e+02 4.265999999999999659e+01 2.608999999999999986e+01
-7.877999999999999545e+02 2.746000000000000085e+01 0.000000000000000000e+00
-7.882999999999999545e+02 1.541999999999999993e+01 2.407999999999999829e+01
-7.883999999999999773e+02 3.146000000000000085e+01 2.760000000000000142e+01
-7.884099999999999682e+02 2.428000000000000114e+01 3.107000000000000028e+01
-7.879700000000000273e+02 1.607999999999999829e+01 1.657000000000000028e+01
-7.881299999999999955e+02 2.410999999999999943e+01 1.342999999999999972e+01
-7.884099999999999682e+02 1.465000000000000036e+01 4.034000000000000341e+01
-7.882699999999999818e+02 2.140000000000000124e+00 4.714000000000000057e+01
-7.881000000000000227e+02 2.078000000000000114e+01 1.739999999999999858e+01
-7.881200000000000045e+02 9.580000000000000071e+00 3.157999999999999829e+01
