-7.880399999999999636e+02 1.685999999999999943e+01 1.508000000000000007e+01
-7.883999999999999773e+02 5.200000000000000178e-01 4.834000000000000341e+01
-7.883099999999999454e+02 1.176999999999999957e+01 3.062999999999999901e+01
-7.882000000000000455e+02 3.222999999999999687e+01 4.179999999999999716e+00
-7.883500000000000227e+02 2.312000000000000099e+01 1.637000000000000099e+01
-7.883099999999999454e+02 2.630000000000000071e+01 1.088000000000000078e+01
-7.878400000000000318e+02 1.383999999999999986e+01 2.935999999999999943e+01
-7.882000000000000455e+02 3.618999999999999773e+01 0.000000000000000000e+00
-7.878200000000000500e+02 2.792000000000000171e+01 0.000000000000000000e+00
-7.879299999999999500e+02 1.621000000000000085e+01 2.146999999999999886e+01
-7.882699999999999818e+02 1.817999999999999972e+01 2.062000000000000099e+01
-7.886000000000000227e+02 4.010000000000000142e+01 4.572999999999999687e+01
-7.883700000000000045e+02 2.044999999999999929e+01 2.705000000000000071e+01
-7.880499999999999545e+02 2.021999999999999886e+01 1.140000000000000036e+01
-7.877200000000000273e+02 1.560999999999999943e+01 1.755000000000000071e+01
-7.876499999999999773e+02 1.288000000000000078e+01 2.375000000000000000e+01
-7.882100000000000364e+02 2.848999999999999844e+01 8.380000000000000782e+00
-7.883700000000000045e+02 1.266999999999999993e+01 3.742000000000000171e+01
-7.885000000000000000e+02 9.050000000000000711e+00 4.856000000000000227e+01
-7.876299999999999955e+02 2.308999999999999986e+01 4.070000000000000284e+00
-7.880299999999999727e+02 2.394999999999999929e+01 7.330000000000000071e+00
-7.886100000000000136e+02 2.987000000000000099e+01 4.728999999999999915e+01
-7.883999999999999773e+02 3.850000000000000089e+00 4.428999999999999915e+01
-7.885700000000000500e+02 2.119000000000000128e+01 4.724000000000000199e+01
-7.878500000000000227e+02 1.830999999999999872e+01 1.065000000000000036e+01
-7.885299999999999727e+02 5.078000000000000114e+01 4.168999999999999773e+01
-7.880000000000000000e+02 2.787999999999999901e+01 3.720000000000000195e+00
-7.879700000000000273e+02 3.253999999999999915e+01 0.000000000000000000e+00
-7.883700000000000045e+02 8.150000000000000355e+00 4.142000000000000171e+01
-7.885299999999999727e+02 1.434999999999999964e+01 4.790999999999999659e+01
-7.883700000000000045e+02 1.600000000000000000e+01 3.133999999999999986e+01
-7.882799999999999727e+02 2.160999999999999943e+01 1.642000000000000171e+01
-7.878400000000000318e+02 2.441000000000000014e+01 3.700000000000000178e+00
-7.883200000000000500e+02 2.117000000000000171e+01 1.948999999999999844e+01
-7.878600000000000136e+02 1.994000000000000128e+01 7.549999999999999822e+00
-7.882500000000000000e+02 2.510000000000000142e+01 1.230000000000000071e+01
-7.876499999999999773e+02 2.575000000000000000e+01 2.899999999999999800e-01
-7.884800000000000182e+02 4.875999999999999801e+01 2.867000000000000171e+01
-7.882699999999999818e+02 6.129999999999999893e+00 4.325999999999999801e+01
