-7.879600000000000364e+02 1.660999999999999943e+01 1.292999999999999972e+01
-7.883600000000000136e+02 1.585999999999999943e+01 2.351000000000000156e+01
-7.884199999999999591e+02 2.500000000000000000e-01 4.815999999999999659e+01
-7.880599999999999454e+02 3.561999999999999744e+01 5.699999999999999512e-01
-7.886000000000000227e+02 3.284000000000000341e+01 4.567999999999999972e+01
-7.879700000000000273e+02 2.135000000000000142e+01 8.509999999999999787e+00
-7.884500000000000455e+02 2.671999999999999886e+01 3.268999999999999773e+01
-7.884900000000000091e+02 5.039999999999999858e+01 2.603000000000000114e+01
-7.882200000000000273e+02 1.721000000000000085e+01 2.180999999999999872e+01
-7.885000000000000000e+02 3.975000000000000000e+01 2.835000000000000142e+01
-7.878099999999999454e+02 2.210999999999999943e+01 4.389999999999999680e+00
-7.880599999999999454e+02 1.792000000000000171e+01 1.794999999999999929e+01
-7.880900000000000318e+02 2.551999999999999957e+01 8.349999999999999645e+00
-7.878200000000000500e+02 2.607000000000000028e+01 0.000000000000000000e+00
-7.884600000000000364e+02 9.769999999999999574e+00 4.520000000000000284e+01
-7.883200000000000500e+02 2.603000000000000114e+01 1.153999999999999915e+01
-7.882100000000000364e+02 4.639999999999999680e+00 3.629999999999999716e+01
-7.880299999999999727e+02 1.492999999999999972e+01 2.467000000000000171e+01
-7.882400000000000091e+02 3.224000000000000199e+01 4.150000000000000355e+00
-7.883999999999999773e+02 4.414999999999999858e+01 2.603000000000000114e+01
-7.880099999999999909e+02 1.050000000000000000e+01 3.039000000000000057e+01
-7.885800000000000409e+02 4.311999999999999744e+01 4.418999999999999773e+01
-7.884600000000000364e+02 4.910000000000000142e+00 4.838000000000000256e+01
-7.880700000000000500e+02 2.960000000000000142e+01 4.450000000000000178e+00
-7.877599999999999909e+02 1.839999999999999858e+01 1.074000000000000021e+01
-7.882300000000000182e+02 2.473000000000000043e+01 1.271000000000000085e+01
-7.882300000000000182e+02 3.614999999999999858e+01 0.000000000000000000e+00
-7.882699999999999818e+02 3.838000000000000256e+01 5.049999999999999822e+00
-7.882400000000000091e+02 2.119999999999999929e+01 1.691000000000000014e+01
-7.883300000000000409e+02 2.269999999999999929e+01 1.513000000000000078e+01
-7.881499999999999773e+02 8.589999999999999858e+00 3.286999999999999744e+01
-7.885499999999999545e+02 1.605000000000000071e+01 4.814000000000000057e+01
-7.885900000000000318e+02 2.416000000000000014e+01 4.765999999999999659e+01
-7.878799999999999955e+02 2.755999999999999872e+01 4.709999999999999964e+00
-7.880700000000000500e+02 6.480000000000000426e+00 3.563000000000000256e+01
-7.882999999999999545e+02 3.825000000000000000e+01 9.199999999999999289e+00
-7.883600000000000136e+02 1.928000000000000114e+01 1.926000000000000156e+01
-7.883500000000000227e+02 1.310000000000000053e+00 4.346999999999999886e+01
-7.876200000000000045e+02 2.496999999999999886e+01 1.080000000000000071e+00
-7.884400000000000546e+02 2.155999999999999872e+01 3.797999999999999687e+01
-7.884400000000000546e+02 1.533000000000000007e+01 4.290999999999999659e+01
-7.879199999999999591e+02 3.185999999999999943e+01 0.000000000000000000e+00
-7.883400000000000318e+02 4.330000000000000071e+00 4.086999999999999744e+01
-7.882400000000000091e+02 2.862000000000000099e+01 8.199999999999999289e+00
-7.883500000000000227e+02 1.214000000000000057e+01 2.825000000000000000e+01
-7.883500000000000227e+02 8.410000000000000142e+00 3.460000000000000142e+01
-7.880900000000000318e+02 2.133999999999999986e+01 1.284999999999999964e+01
-7.882000000000000455e+02 1.313000000000000078e+01 2.696999999999999886e+01
-7.884299999999999500e+02 3.259000000000000341e+01 2.796999999999999886e+01
