-7.884900000000000091e+02 4.867000000000000171e+01 2.612000000000000099e+01
-7.880000000000000000e+02 2.269999999999999929e+01 8.009999999999999787e+00
-7.878500000000000227e+02 2.262999999999999901e+01 3.979999999999999982e+00
-7.881499999999999773e+02 1.150999999999999979e+01 2.905000000000000071e+01
-7.881000000000000227e+02 2.066000000000000014e+01 1.755999999999999872e+01
-7.882999999999999545e+02 1.506000000000000050e+01 2.451999999999999957e+01
-7.882300000000000182e+02 3.546000000000000085e+01 7.199999999999999734e-01
-7.879700000000000273e+02 2.660000000000000142e+01 4.219999999999999751e+00
-7.881100000000000136e+02 2.787000000000000099e+01 9.070000000000000284e+00
-7.882799999999999727e+02 7.809999999999999609e+00 3.386999999999999744e+01
-7.885299999999999727e+02 1.525000000000000000e+01 4.852000000000000313e+01
-7.885900000000000318e+02 3.167999999999999972e+01 4.750999999999999801e+01
-7.878400000000000318e+02 9.939999999999999503e+00 3.108999999999999986e+01
-7.884199999999999591e+02 0.000000000000000000e+00 4.857999999999999829e+01
-7.885800000000000409e+02 2.226999999999999957e+01 4.745000000000000284e+01
-7.882899999999999636e+02 2.878999999999999915e+01 8.019999999999999574e+00
-7.884099999999999682e+02 1.803000000000000114e+01 3.346000000000000085e+01
-7.880900000000000318e+02 8.550000000000000711e+00 3.289999999999999858e+01
-7.883099999999999454e+02 1.469999999999999973e+00 4.256000000000000227e+01
-7.878700000000000045e+02 1.664000000000000057e+01 1.291000000000000014e+01
-7.880900000000000318e+02 2.430000000000000071e+01 1.314000000000000057e+01
-7.877899999999999636e+02 2.751000000000000156e+01 1.100000000000000006e-01
-7.881200000000000045e+02 3.211999999999999744e+01 4.309999999999999609e+00
-7.882999999999999545e+02 2.558999999999999986e+01 1.167999999999999972e+01
-7.884099999999999682e+02 1.463000000000000078e+01 4.109000000000000341e+01
-7.882599999999999909e+02 3.231000000000000227e+01 4.099999999999999645e+00
-7.881100000000000136e+02 3.625000000000000000e+01 0.000000000000000000e+00
-7.884900000000000091e+02 3.815999999999999659e+01 2.871999999999999886e+01
-7.882999999999999545e+02 1.864999999999999858e+01 2.003000000000000114e+01
-7.882799999999999727e+02 1.163000000000000078e+01 2.892000000000000171e+01
-7.883999999999999773e+02 4.302000000000000313e+01 2.605999999999999872e+01
-7.881000000000000227e+02 1.673999999999999844e+01 2.239999999999999858e+01
-7.879600000000000364e+02 3.232000000000000028e+01 0.000000000000000000e+00
-7.879700000000000273e+02 1.561999999999999922e+01 1.682000000000000028e+01
-7.877899999999999636e+02 2.026999999999999957e+01 8.609999999999999432e+00
-7.884199999999999591e+02 8.570000000000000284e+00 4.232999999999999829e+01
-7.885700000000000500e+02 4.150000000000000000e+01 4.527000000000000313e+01
-7.880099999999999909e+02 1.903999999999999915e+01 1.174000000000000021e+01
-7.882999999999999545e+02 2.208999999999999986e+01 1.583000000000000007e+01
-7.884099999999999682e+02 3.910000000000000142e+00 4.696000000000000085e+01
-7.883099999999999454e+02 3.129999999999999893e+00 3.814999999999999858e+01
-7.884099999999999682e+02 2.367999999999999972e+01 3.026999999999999957e+01
-7.884299999999999500e+02 3.121000000000000085e+01 2.912999999999999901e+01
