-7.880800000000000409e+02 2.451999999999999957e+01 1.293999999999999950e+01
-7.884199999999999591e+02 4.900000000000000355e+00 4.500000000000000000e+01
-7.882999999999999545e+02 2.564999999999999858e+01 1.165000000000000036e+01
-7.884900000000000091e+02 4.911999999999999744e+01 2.603000000000000114e+01
-7.883999999999999773e+02 3.051999999999999957e+01 2.675000000000000000e+01
-7.880900000000000318e+02 3.192999999999999972e+01 4.509999999999999787e+00
-7.885000000000000000e+02 4.134000000000000341e+01 3.144999999999999929e+01
-7.879500000000000455e+02 1.599000000000000021e+01 1.646999999999999886e+01
-7.884199999999999591e+02 9.699999999999999734e-01 4.818999999999999773e+01
-7.882899999999999636e+02 2.226000000000000156e+01 1.561999999999999922e+01
-7.884099999999999682e+02 1.469999999999999929e+01 4.053999999999999915e+01
-7.881399999999999864e+02 1.717999999999999972e+01 2.185999999999999943e+01
-7.877300000000000182e+02 2.087999999999999901e+01 6.870000000000000107e+00
-7.882599999999999909e+02 3.261999999999999744e+01 3.759999999999999787e+00
-7.882300000000000182e+02 3.561999999999999744e+01 6.500000000000000222e-01
-7.883999999999999773e+02 1.796000000000000085e+01 3.289000000000000057e+01
-7.885099999999999909e+02 1.100999999999999979e+01 4.799000000000000199e+01
-7.880700000000000500e+02 2.832999999999999829e+01 8.529999999999999361e+00
-7.882799999999999727e+02 1.546000000000000085e+01 2.403000000000000114e+01
-7.884199999999999591e+02 9.300000000000000711e+00 4.228999999999999915e+01
-7.877599999999999909e+02 2.314000000000000057e+01 3.779999999999999805e+00
-7.881399999999999864e+02 3.650999999999999801e+01 0.000000000000000000e+00
-7.881299999999999955e+02 1.391000000000000014e+01 2.598999999999999844e+01
-7.882899999999999636e+02 1.878000000000000114e+01 1.987999999999999901e+01
-7.885800000000000409e+02 2.925000000000000000e+01 4.578000000000000114e+01
-7.878600000000000136e+02 3.360000000000000142e+01 0.000000000000000000e+00
-7.880599999999999454e+02 2.041000000000000014e+01 1.787000000000000099e+01
-7.885499999999999545e+02 2.232000000000000028e+01 4.585999999999999943e+01
-7.882699999999999818e+02 1.213000000000000078e+01 2.825000000000000000e+01
-7.883099999999999454e+02 1.219999999999999973e+00 4.231000000000000227e+01
-7.882799999999999727e+02 8.439999999999999503e+00 3.304999999999999716e+01
-7.878799999999999955e+02 1.405000000000000071e+01 2.296999999999999886e+01
-7.880000000000000000e+02 1.887000000000000099e+01 1.184999999999999964e+01
-7.882899999999999636e+02 2.907000000000000028e+01 7.709999999999999964e+00
-7.883899999999999864e+02 4.402000000000000313e+01 2.607000000000000028e+01
-7.879299999999999500e+02 2.335000000000000142e+01 7.980000000000000426e+00
-7.876100000000000136e+02 2.519999999999999929e+01 8.299999999999999600e-01
-7.885399999999999636e+02 1.600000000000000000e+01 4.785000000000000142e+01
-7.877999999999999545e+02 2.614999999999999858e+01 0.000000000000000000e+00
-7.882500000000000000e+02 5.099999999999999645e+00 3.747999999999999687e+01
-7.881599999999999682e+02 9.589999999999999858e+00 3.155000000000000071e+01
-7.884700000000000273e+02 3.332000000000000028e+01 3.517000000000000171e+01
-7.883999999999999773e+02 2.273999999999999844e+01 2.973000000000000043e+01
-7.878899999999999864e+02 2.792000000000000171e+01 4.580000000000000071e+00
