-7.884199999999999591e+02 1.741000000000000014e+01 4.035000000000000142e+01
-7.883300000000000409e+02 1.687000000000000099e+01 2.221999999999999886e+01
-7.877500000000000000e+02 2.657999999999999829e+01 0.000000000000000000e+00
-7.884299999999999500e+02 6.700000000000000400e-01 4.849000000000000199e+01
-7.882999999999999545e+02 2.689000000000000057e+01 1.017999999999999972e+01
-7.878999999999999773e+02 1.126999999999999957e+01 2.935999999999999943e+01
-7.884299999999999500e+02 5.469999999999999751e+00 4.574000000000000199e+01
-7.883200000000000500e+02 1.322000000000000064e+01 2.685999999999999943e+01
-7.885000000000000000e+02 4.309000000000000341e+01 2.742999999999999972e+01
-7.880299999999999727e+02 3.560999999999999943e+01 1.100000000000000006e-01
-7.876799999999999500e+02 1.987999999999999901e+01 8.689999999999999503e+00
-7.882999999999999545e+02 4.910000000000000142e+00 3.757999999999999829e+01
-7.885700000000000500e+02 2.694999999999999929e+01 4.702000000000000313e+01
-7.885399999999999636e+02 4.615999999999999659e+01 4.286999999999999744e+01
-7.884299999999999500e+02 1.050000000000000000e+01 4.364999999999999858e+01
-7.881399999999999864e+02 6.150000000000000355e+00 3.609000000000000341e+01
-7.877400000000000091e+02 2.239999999999999858e+01 4.080000000000000071e+00
-7.882000000000000455e+02 3.264999999999999858e+01 3.740000000000000213e+00
-7.883099999999999454e+02 1.350000000000000089e+00 4.307999999999999829e+01
-7.883400000000000318e+02 2.044000000000000128e+01 1.783999999999999986e+01
-7.880599999999999454e+02 2.950000000000000000e+01 3.759999999999999787e+00
-7.878700000000000045e+02 1.862999999999999901e+01 1.250999999999999979e+01
-7.881499999999999773e+02 1.443999999999999950e+01 2.532000000000000028e+01
-7.881100000000000136e+02 1.110999999999999943e+01 2.957000000000000028e+01
-7.881799999999999500e+02 2.583999999999999986e+01 1.141999999999999993e+01
-7.879199999999999591e+02 2.967000000000000171e+01 0.000000000000000000e+00
-7.879500000000000455e+02 7.929999999999999716e+00 3.371999999999999886e+01
-7.880599999999999454e+02 2.121000000000000085e+01 1.096000000000000085e+01
-7.885399999999999636e+02 1.864000000000000057e+01 4.671000000000000085e+01
-7.883700000000000045e+02 4.875000000000000000e+01 2.612000000000000099e+01
-7.879700000000000273e+02 1.506000000000000050e+01 2.133999999999999986e+01
-7.878200000000000500e+02 1.592999999999999972e+01 1.787000000000000099e+01
-7.883200000000000500e+02 2.367000000000000171e+01 1.394999999999999929e+01
-7.883099999999999454e+02 9.359999999999999432e+00 3.185999999999999943e+01
-7.880099999999999909e+02 1.725000000000000000e+01 1.673000000000000043e+01
-7.879400000000000546e+02 2.039999999999999858e+01 7.410000000000000142e+00
-7.881499999999999773e+02 1.835999999999999943e+01 2.039000000000000057e+01
-7.884199999999999591e+02 2.226999999999999957e+01 3.459000000000000341e+01
-7.881900000000000546e+02 2.928999999999999915e+01 7.450000000000000178e+00
-7.880599999999999454e+02 2.501999999999999957e+01 7.320000000000000284e+00
-7.886000000000000227e+02 3.775000000000000000e+01 4.749000000000000199e+01
-7.879400000000000546e+02 2.475000000000000000e+01 3.580000000000000071e+00
-7.884299999999999500e+02 2.785000000000000142e+01 3.017000000000000171e+01
-7.884299999999999500e+02 3.571999999999999886e+01 2.728999999999999915e+01
-7.881699999999999591e+02 2.221000000000000085e+01 1.569999999999999929e+01
