-7.872500000000000000e+02 6.139999999999999858e+01 1.489999999999999991e+00
-7.872400000000000091e+02 5.950999999999999801e+01 1.929999999999999938e+00
-7.872100000000000364e+02 6.209000000000000341e+01 0.000000000000000000e+00
-7.870000000000000000e+02 5.532999999999999829e+01 1.400000000000000133e-01
-7.870399999999999636e+02 6.009000000000000341e+01 4.500000000000000111e-01
-7.870700000000000500e+02 6.018999999999999773e+01 7.399999999999999911e-01
-7.870900000000000318e+02 5.788000000000000256e+01 1.179999999999999938e+00
-7.872599999999999909e+02 5.353000000000000114e+01 3.490000000000000213e+00
-7.872300000000000182e+02 4.306000000000000227e+01 1.350000000000000089e+00
-7.871200000000000045e+02 6.246999999999999886e+01 0.000000000000000000e+00
-7.871499999999999773e+02 6.285999999999999943e+01 1.600000000000000033e-01
-7.871799999999999500e+02 6.315999999999999659e+01 4.500000000000000111e-01
-7.868099999999999454e+02 5.575999999999999801e+01 1.100000000000000089e+00
-7.869199999999999591e+02 6.139999999999999858e+01 6.700000000000000400e-01
-7.863999999999999773e+02 5.396999999999999886e+01 1.240000000000000036e+01
-7.870199999999999818e+02 5.539000000000000057e+01 2.819999999999999840e+00
-7.871100000000000136e+02 6.178000000000000114e+01 1.820000000000000062e+00
-7.872100000000000364e+02 6.386999999999999744e+01 2.370000000000000107e+00
-7.871299999999999955e+02 6.132999999999999829e+01 1.860000000000000098e+00
-7.872200000000000273e+02 5.814999999999999858e+01 6.150000000000000355e+00
-7.871299999999999955e+02 5.714999999999999858e+01 8.070000000000000284e+00
-7.869400000000000546e+02 6.268999999999999773e+01 0.000000000000000000e+00
-7.871100000000000136e+02 6.334000000000000341e+01 0.000000000000000000e+00
-7.869500000000000455e+02 6.329999999999999716e+01 0.000000000000000000e+00
-7.866299999999999955e+02 6.049000000000000199e+01 1.820000000000000062e+00
-7.867500000000000000e+02 5.815999999999999659e+01 4.530000000000000249e+00
-7.869400000000000546e+02 5.864000000000000057e+01 4.790000000000000036e+00
-7.869700000000000273e+02 6.232999999999999829e+01 2.330000000000000071e+00
-7.869800000000000182e+02 5.904999999999999716e+01 1.081000000000000050e+01
-7.869400000000000546e+02 6.296999999999999886e+01 4.500000000000000111e-01
-7.869299999999999500e+02 6.275000000000000000e+01 8.599999999999999867e-01
-7.871000000000000227e+02 6.729999999999999716e+01 0.000000000000000000e+00
-7.869900000000000091e+02 6.653000000000000114e+01 0.000000000000000000e+00
-7.869800000000000182e+02 6.620999999999999375e+01 0.000000000000000000e+00
-7.870000000000000000e+02 6.632999999999999829e+01 1.000000000000000056e-01
-7.870299999999999727e+02 6.693999999999999773e+01 0.000000000000000000e+00
-7.871000000000000227e+02 6.493000000000000682e+01 2.500000000000000000e-01
-7.867400000000000091e+02 6.437000000000000455e+01 0.000000000000000000e+00
-7.868799999999999955e+02 6.404000000000000625e+01 3.800000000000000044e-01
-7.868700000000000045e+02 6.443000000000000682e+01 0.000000000000000000e+00
-7.869500000000000455e+02 6.523000000000000398e+01 0.000000000000000000e+00
-7.868999999999999773e+02 6.309000000000000341e+01 2.450000000000000178e+00
-7.870700000000000500e+02 6.818000000000000682e+01 0.000000000000000000e+00
-7.870099999999999909e+02 6.743000000000000682e+01 0.000000000000000000e+00
-7.869900000000000091e+02 6.614000000000000057e+01 5.300000000000000266e-01
-7.867599999999999909e+02 6.454999999999999716e+01 9.899999999999999911e-01
-7.867599999999999909e+02 6.490999999999999659e+01 5.999999999999999778e-01
-7.868999999999999773e+02 6.701999999999999602e+01 0.000000000000000000e+00
-7.868500000000000227e+02 6.560999999999999943e+01 0.000000000000000000e+00
-7.868099999999999454e+02 6.554000000000000625e+01 0.000000000000000000e+00
-7.868600000000000136e+02 6.592000000000000171e+01 0.000000000000000000e+00
-7.868600000000000136e+02 6.324000000000000199e+01 3.359999999999999876e+00
-7.865599999999999454e+02 6.354999999999999716e+01 2.609999999999999876e+00
-7.869500000000000455e+02 6.770000000000000284e+01 0.000000000000000000e+00
-7.870099999999999909e+02 6.898999999999999488e+01 0.000000000000000000e+00
-7.866000000000000227e+02 6.518999999999999773e+01 1.830000000000000071e+00
-7.866399999999999864e+02 6.507999999999999829e+01 3.040000000000000036e+00
-7.866200000000000045e+02 6.498999999999999488e+01 1.850000000000000089e+00
-7.868799999999999955e+02 6.726000000000000512e+01 0.000000000000000000e+00
-7.868200000000000500e+02 6.593000000000000682e+01 0.000000000000000000e+00
-7.868400000000000318e+02 6.696999999999999886e+01 0.000000000000000000e+00
-7.866000000000000227e+02 6.482999999999999829e+01 4.459999999999999964e+00
-7.865199999999999818e+02 6.482999999999999829e+01 2.709999999999999964e+00
-7.869299999999999500e+02 6.834999999999999432e+01 0.000000000000000000e+00
-7.869400000000000546e+02 6.840000000000000568e+01 0.000000000000000000e+00
-7.870099999999999909e+02 6.906000000000000227e+01 0.000000000000000000e+00
-7.868600000000000136e+02 6.793000000000000682e+01 0.000000000000000000e+00
-7.868500000000000227e+02 6.778000000000000114e+01 0.000000000000000000e+00
-7.868200000000000500e+02 6.640000000000000568e+01 0.000000000000000000e+00
-7.867400000000000091e+02 6.601999999999999602e+01 1.000000000000000000e+00
-7.865099999999999909e+02 6.504999999999999716e+01 3.680000000000000160e+00
-7.863899999999999864e+02 6.526999999999999602e+01 3.439999999999999947e+00
-7.868999999999999773e+02 6.846999999999999886e+01 0.000000000000000000e+00
-7.869400000000000546e+02 6.937000000000000455e+01 0.000000000000000000e+00
-7.869800000000000182e+02 6.948000000000000398e+01 0.000000000000000000e+00
-7.869600000000000364e+02 6.945000000000000284e+01 0.000000000000000000e+00
-7.868300000000000409e+02 6.843999999999999773e+01 0.000000000000000000e+00
-7.868200000000000500e+02 6.642000000000000171e+01 0.000000000000000000e+00
-7.864700000000000273e+02 6.614000000000000057e+01 3.200000000000000178e+00
-7.863500000000000227e+02 6.606000000000000227e+01 3.589999999999999858e+00
-7.868700000000000045e+02 6.868000000000000682e+01 0.000000000000000000e+00
-7.869800000000000182e+02 6.973000000000000398e+01 0.000000000000000000e+00
-7.869600000000000364e+02 6.946999999999999886e+01 0.000000000000000000e+00
-7.865800000000000409e+02 6.729999999999999716e+01 1.229999999999999982e+00
-7.868200000000000500e+02 6.756999999999999318e+01 0.000000000000000000e+00
-7.867000000000000455e+02 6.731999999999999318e+01 6.199999999999999956e-01
-7.866499999999999773e+02 6.748999999999999488e+01 1.799999999999999933e-01
-7.865199999999999818e+02 6.718000000000000682e+01 2.669999999999999929e+00
-7.864600000000000364e+02 6.714000000000000057e+01 4.750000000000000000e+00
-7.868400000000000318e+02 6.923999999999999488e+01 0.000000000000000000e+00
-7.869600000000000364e+02 6.951999999999999602e+01 0.000000000000000000e+00
-7.867000000000000455e+02 6.767000000000000171e+01 5.300000000000000266e-01
-7.868099999999999454e+02 6.768000000000000682e+01 2.999999999999999889e-02
-7.867200000000000273e+02 6.815999999999999659e+01 0.000000000000000000e+00
-7.868200000000000500e+02 6.826999999999999602e+01 0.000000000000000000e+00
-7.866799999999999500e+02 6.745999999999999375e+01 9.899999999999999911e-01
-7.865499999999999545e+02 6.743999999999999773e+01 1.479999999999999982e+00
-7.863999999999999773e+02 6.740000000000000568e+01 2.759999999999999787e+00
-7.861799999999999500e+02 6.737999999999999545e+01 5.490000000000000213e+00
-7.869600000000000364e+02 6.981000000000000227e+01 0.000000000000000000e+00
-7.869099999999999682e+02 6.956999999999999318e+01 0.000000000000000000e+00
-7.866000000000000227e+02 6.790000000000000568e+01 9.699999999999999734e-01
-7.867599999999999909e+02 6.842000000000000171e+01 0.000000000000000000e+00
-7.867999999999999545e+02 6.890000000000000568e+01 0.000000000000000000e+00
-7.866299999999999955e+02 6.840000000000000568e+01 8.000000000000000167e-02
-7.866100000000000136e+02 6.795999999999999375e+01 1.100000000000000089e+00
-7.864800000000000182e+02 6.776000000000000512e+01 2.020000000000000018e+00
-7.869199999999999591e+02 6.982999999999999829e+01 0.000000000000000000e+00
-7.869600000000000364e+02 7.031999999999999318e+01 0.000000000000000000e+00
-7.868799999999999955e+02 6.962000000000000455e+01 0.000000000000000000e+00
-7.867000000000000455e+02 6.875000000000000000e+01 0.000000000000000000e+00
-7.867000000000000455e+02 6.854000000000000625e+01 6.199999999999999956e-01
-7.867500000000000000e+02 6.948000000000000398e+01 0.000000000000000000e+00
-7.866200000000000045e+02 6.859000000000000341e+01 2.899999999999999800e-01
-7.864299999999999500e+02 6.787999999999999545e+01 2.649999999999999911e+00
-7.869299999999999500e+02 7.042000000000000171e+01 0.000000000000000000e+00
-7.866900000000000546e+02 6.900000000000000000e+01 8.000000000000000167e-02
-7.867100000000000364e+02 6.951999999999999602e+01 0.000000000000000000e+00
-7.867400000000000091e+02 7.017000000000000171e+01 0.000000000000000000e+00
-7.864199999999999591e+02 6.795999999999999375e+01 2.779999999999999805e+00
-7.868500000000000227e+02 7.065000000000000568e+01 0.000000000000000000e+00
-7.867599999999999909e+02 7.059999999999999432e+01 0.000000000000000000e+00
-7.869099999999999682e+02 7.070999999999999375e+01 0.000000000000000000e+00
-7.863899999999999864e+02 6.976000000000000512e+01 7.600000000000000089e-01
-7.866000000000000227e+02 7.054000000000000625e+01 1.600000000000000089e+00
-7.863899999999999864e+02 6.829999999999999716e+01 3.220000000000000195e+00
-7.867400000000000091e+02 7.064000000000000057e+01 0.000000000000000000e+00
-7.867500000000000000e+02 7.070999999999999375e+01 0.000000000000000000e+00
