-7.872500000000000000e+02 6.139999999999999858e+01 1.489999999999999991e+00
-7.872400000000000091e+02 5.950999999999999801e+01 1.929999999999999938e+00
-7.872100000000000364e+02 6.209000000000000341e+01 0.000000000000000000e+00
-7.870000000000000000e+02 5.532999999999999829e+01 1.400000000000000133e-01
-7.870900000000000318e+02 5.788000000000000256e+01 1.179999999999999938e+00
-7.872599999999999909e+02 5.353000000000000114e+01 3.490000000000000213e+00
-7.872300000000000182e+02 4.306000000000000227e+01 1.350000000000000089e+00
-7.872100000000000364e+02 6.171999999999999886e+01 5.899999999999999689e-01
-7.872799999999999727e+02 5.060000000000000142e+01 6.160000000000000142e+00
-7.872500000000000000e+02 5.896999999999999886e+01 3.129999999999999893e+00
-7.873200000000000500e+02 6.057999999999999829e+01 8.279999999999999361e+00
-7.873099999999999454e+02 5.889000000000000057e+01 7.580000000000000071e+00
-7.872100000000000364e+02 6.082999999999999829e+01 1.020000000000000018e+00
-7.871900000000000546e+02 4.288000000000000256e+01 5.650000000000000355e+00
-7.871900000000000546e+02 5.825999999999999801e+01 0.000000000000000000e+00
-7.870199999999999818e+02 5.404999999999999716e+01 5.500000000000000444e-01
-7.874500000000000455e+02 5.777000000000000313e+01 8.490000000000000213e+00
-7.872100000000000364e+02 6.388000000000000256e+01 0.000000000000000000e+00
-7.872500000000000000e+02 5.772999999999999687e+01 4.120000000000000107e+00
-7.871499999999999773e+02 5.217000000000000171e+01 1.409999999999999920e+00
-7.869199999999999591e+02 4.802000000000000313e+01 4.089999999999999858e+00
-7.871699999999999591e+02 4.846000000000000085e+01 2.270000000000000018e+00
-7.872799999999999727e+02 5.149000000000000199e+01 1.201999999999999957e+01
-7.872000000000000455e+02 6.146000000000000085e+01 3.029999999999999805e+00
-7.872100000000000364e+02 6.386999999999999744e+01 2.370000000000000107e+00
-7.869099999999999682e+02 4.675000000000000000e+01 2.148000000000000043e+01
-7.871900000000000546e+02 6.254999999999999716e+01 7.000000000000000666e-02
-7.871699999999999591e+02 5.875999999999999801e+01 1.040000000000000036e+00
-7.871799999999999500e+02 5.893999999999999773e+01 0.000000000000000000e+00
-7.868099999999999454e+02 5.575999999999999801e+01 1.100000000000000089e+00
-7.866599999999999682e+02 5.857999999999999829e+01 9.699999999999999734e-01
-7.869900000000000091e+02 5.560999999999999943e+01 1.189999999999999947e+00
-7.872200000000000273e+02 5.814999999999999858e+01 6.150000000000000355e+00
-7.870199999999999818e+02 5.539000000000000057e+01 2.819999999999999840e+00
-7.871299999999999955e+02 5.714999999999999858e+01 8.070000000000000284e+00
-7.870399999999999636e+02 5.602000000000000313e+01 2.899999999999999911e+00
-7.870800000000000409e+02 5.471999999999999886e+01 3.430000000000000160e+00
-7.870700000000000500e+02 5.264999999999999858e+01 4.910000000000000142e+00
-7.871200000000000045e+02 5.839000000000000057e+01 2.310000000000000053e+00
-7.871799999999999500e+02 5.989000000000000057e+01 0.000000000000000000e+00
-7.870000000000000000e+02 5.946000000000000085e+01 9.200000000000000400e-01
-7.869500000000000455e+02 5.700000000000000000e+01 2.330000000000000071e+00
-7.867300000000000182e+02 5.804999999999999716e+01 1.610000000000000098e+00
-7.867799999999999727e+02 5.360999999999999943e+01 6.620000000000000107e+00
-7.870399999999999636e+02 5.657999999999999829e+01 1.544999999999999929e+01
-7.871100000000000136e+02 5.928000000000000114e+01 6.750000000000000000e+00
-7.870299999999999727e+02 5.872999999999999687e+01 4.759999999999999787e+00
-7.869500000000000455e+02 6.095000000000000284e+01 0.000000000000000000e+00
-7.871699999999999591e+02 6.210000000000000142e+01 0.000000000000000000e+00
-7.871799999999999500e+02 6.290999999999999659e+01 4.000000000000000083e-02
-7.871799999999999500e+02 6.299000000000000199e+01 0.000000000000000000e+00
-7.871599999999999682e+02 5.990999999999999659e+01 2.600000000000000089e-01
-7.870700000000000500e+02 6.143999999999999773e+01 0.000000000000000000e+00
-7.870000000000000000e+02 5.977000000000000313e+01 2.060000000000000053e+00
-7.869500000000000455e+02 5.835000000000000142e+01 2.970000000000000195e+00
-7.868300000000000409e+02 5.775999999999999801e+01 3.310000000000000053e+00
-7.863999999999999773e+02 5.396999999999999886e+01 1.240000000000000036e+01
-7.869800000000000182e+02 5.904999999999999716e+01 1.081000000000000050e+01
-7.869600000000000364e+02 5.907999999999999829e+01 5.480000000000000426e+00
-7.871499999999999773e+02 6.285999999999999943e+01 1.600000000000000033e-01
-7.871200000000000045e+02 6.228999999999999915e+01 0.000000000000000000e+00
-7.871799999999999500e+02 6.315999999999999659e+01 4.500000000000000111e-01
-7.871599999999999682e+02 6.473000000000000398e+01 0.000000000000000000e+00
-7.871499999999999773e+02 6.462999999999999545e+01 0.000000000000000000e+00
-7.870399999999999636e+02 6.009000000000000341e+01 4.500000000000000111e-01
-7.870700000000000500e+02 6.018999999999999773e+01 7.399999999999999911e-01
-7.869299999999999500e+02 5.992000000000000171e+01 4.099999999999999756e-01
-7.871399999999999864e+02 6.249000000000000199e+01 5.100000000000000089e-01
-7.871100000000000136e+02 6.178000000000000114e+01 1.820000000000000062e+00
-7.871299999999999955e+02 6.132999999999999829e+01 1.860000000000000098e+00
-7.871000000000000227e+02 6.000000000000000000e+01 1.330000000000000071e+00
-7.871399999999999864e+02 6.067999999999999972e+01 3.609999999999999876e+00
-7.868099999999999454e+02 6.143999999999999773e+01 3.699999999999999956e-01
-7.868500000000000227e+02 6.150000000000000000e+01 0.000000000000000000e+00
-7.869400000000000546e+02 5.864000000000000057e+01 4.790000000000000036e+00
-7.867500000000000000e+02 5.815999999999999659e+01 4.530000000000000249e+00
-7.871200000000000045e+02 6.246999999999999886e+01 0.000000000000000000e+00
-7.871100000000000136e+02 6.232999999999999829e+01 7.800000000000000266e-01
-7.871499999999999773e+02 6.374000000000000199e+01 1.290000000000000036e+00
-7.870299999999999727e+02 6.139999999999999858e+01 8.399999999999999689e-01
-7.869199999999999591e+02 6.139999999999999858e+01 6.700000000000000400e-01
-7.867999999999999545e+02 6.092999999999999972e+01 8.199999999999999512e-01
-7.871000000000000227e+02 6.189999999999999858e+01 1.429999999999999938e+00
-7.868899999999999864e+02 6.010999999999999943e+01 4.469999999999999751e+00
-7.870499999999999545e+02 6.021000000000000085e+01 2.049999999999999822e+00
-7.866699999999999591e+02 6.021999999999999886e+01 1.500000000000000000e+00
-7.868500000000000227e+02 5.986999999999999744e+01 5.370000000000000107e+00
-7.869400000000000546e+02 6.268999999999999773e+01 0.000000000000000000e+00
-7.871100000000000136e+02 6.334000000000000341e+01 0.000000000000000000e+00
-7.869500000000000455e+02 6.329999999999999716e+01 0.000000000000000000e+00
-7.871200000000000045e+02 6.484999999999999432e+01 3.699999999999999956e-01
-7.870599999999999454e+02 6.281000000000000227e+01 6.500000000000000222e-01
-7.871200000000000045e+02 6.470000000000000284e+01 1.250000000000000000e+00
-7.871100000000000136e+02 6.275000000000000000e+01 1.169999999999999929e+00
-7.868700000000000045e+02 6.204999999999999716e+01 1.000000000000000000e+00
-7.868600000000000136e+02 6.182000000000000028e+01 1.570000000000000062e+00
-7.869400000000000546e+02 6.197999999999999687e+01 1.760000000000000009e+00
-7.869099999999999682e+02 6.210000000000000142e+01 1.620000000000000107e+00
-7.869600000000000364e+02 6.127000000000000313e+01 2.450000000000000178e+00
-7.869700000000000273e+02 6.232999999999999829e+01 2.330000000000000071e+00
-7.869299999999999500e+02 6.121999999999999886e+01 3.490000000000000213e+00
-7.870399999999999636e+02 6.096999999999999886e+01 3.620000000000000107e+00
-7.870000000000000000e+02 6.150999999999999801e+01 2.470000000000000195e+00
-7.868799999999999955e+02 6.082000000000000028e+01 2.270000000000000018e+00
-7.866299999999999955e+02 6.049000000000000199e+01 1.820000000000000062e+00
-7.869400000000000546e+02 6.296999999999999886e+01 4.500000000000000111e-01
-7.869299999999999500e+02 6.275000000000000000e+01 8.599999999999999867e-01
-7.867899999999999636e+02 6.275000000000000000e+01 0.000000000000000000e+00
-7.871000000000000227e+02 6.729999999999999716e+01 0.000000000000000000e+00
-7.870900000000000318e+02 6.682999999999999829e+01 0.000000000000000000e+00
-7.869600000000000364e+02 6.403000000000000114e+01 0.000000000000000000e+00
-7.870499999999999545e+02 6.437999999999999545e+01 0.000000000000000000e+00
-7.870499999999999545e+02 6.354999999999999716e+01 1.199999999999999956e-01
-7.870800000000000409e+02 6.470999999999999375e+01 0.000000000000000000e+00
-7.871100000000000136e+02 6.377000000000000313e+01 5.999999999999999778e-02
-7.868300000000000409e+02 6.342000000000000171e+01 1.499999999999999944e-01
-7.869099999999999682e+02 6.345000000000000284e+01 0.000000000000000000e+00
-7.870199999999999818e+02 6.300000000000000000e+01 8.299999999999999600e-01
-7.867200000000000273e+02 6.235999999999999943e+01 2.259999999999999787e+00
-7.869400000000000546e+02 6.120000000000000284e+01 4.860000000000000320e+00
-7.863500000000000227e+02 6.078000000000000114e+01 5.269999999999999574e+00
-7.863500000000000227e+02 6.184000000000000341e+01 7.139999999999999680e+00
-7.868500000000000227e+02 6.192999999999999972e+01 6.629999999999999893e+00
-7.866499999999999773e+02 6.289000000000000057e+01 1.219999999999999973e+00
-7.867500000000000000e+02 6.277000000000000313e+01 5.480000000000000426e+00
-7.867100000000000364e+02 6.218999999999999773e+01 5.769999999999999574e+00
-7.869299999999999500e+02 6.334000000000000341e+01 1.550000000000000044e+00
-7.870800000000000409e+02 6.418999999999999773e+01 1.719999999999999973e+00
