-7.872300000000000182e+02 4.306000000000000227e+01 1.350000000000000089e+00
-7.871900000000000546e+02 4.288000000000000256e+01 5.650000000000000355e+00
-7.872699999999999818e+02 4.021000000000000085e+01 7.299999999999999822e+00
-7.871399999999999864e+02 4.760000000000000142e+01 5.699999999999999512e-01
-7.874600000000000364e+02 5.328999999999999915e+01 4.599999999999999645e+00
-7.874900000000000091e+02 5.417000000000000171e+01 3.970000000000000195e+00
-7.871299999999999955e+02 3.835999999999999943e+01 3.290000000000000036e+00
-7.872500000000000000e+02 4.600000000000000000e+01 6.160000000000000142e+00
-7.873099999999999454e+02 4.989000000000000057e+01 6.709999999999999964e+00
-7.876000000000000227e+02 5.457999999999999829e+01 2.250000000000000000e+00
-7.873200000000000500e+02 4.224000000000000199e+01 7.610000000000000320e+00
-7.868799999999999955e+02 3.703999999999999915e+01 8.449999999999999289e+00
-7.873600000000000136e+02 3.752000000000000313e+01 1.248000000000000043e+01
-7.874199999999999591e+02 5.404999999999999716e+01 0.000000000000000000e+00
-7.875800000000000409e+02 4.525000000000000000e+01 1.027999999999999936e+01
-7.874199999999999591e+02 5.018999999999999773e+01 4.600000000000000200e-01
-7.872999999999999545e+02 4.075999999999999801e+01 7.139999999999999680e+00
-7.871399999999999864e+02 4.129999999999999716e+01 1.659999999999999920e+00
-7.874800000000000182e+02 5.372999999999999687e+01 4.059999999999999609e+00
-7.875700000000000500e+02 4.339999999999999858e+01 1.882999999999999829e+01
-7.873400000000000318e+02 3.693999999999999773e+01 9.269999999999999574e+00
-7.874500000000000455e+02 4.278999999999999915e+01 1.923000000000000043e+01
-7.876000000000000227e+02 4.664999999999999858e+01 1.687999999999999901e+01
-7.868500000000000227e+02 5.170000000000000284e+01 4.099999999999999756e-01
-7.871699999999999591e+02 4.846000000000000085e+01 2.270000000000000018e+00
-7.871900000000000546e+02 4.857000000000000028e+01 2.069999999999999840e+00
-7.873099999999999454e+02 4.742000000000000171e+01 9.019999999999999574e+00
-7.870000000000000000e+02 5.532999999999999829e+01 1.400000000000000133e-01
-7.873799999999999955e+02 5.609000000000000341e+01 4.000000000000000083e-02
-7.873600000000000136e+02 5.657000000000000028e+01 0.000000000000000000e+00
-7.873899999999999864e+02 4.992000000000000171e+01 1.275999999999999979e+01
-7.874900000000000091e+02 5.197999999999999687e+01 1.375000000000000000e+01
-7.874700000000000273e+02 5.061999999999999744e+01 1.660999999999999943e+01
-7.872599999999999909e+02 5.353000000000000114e+01 3.490000000000000213e+00
-7.872799999999999727e+02 5.060000000000000142e+01 6.160000000000000142e+00
-7.870199999999999818e+02 5.404999999999999716e+01 5.500000000000000444e-01
-7.873899999999999864e+02 5.095000000000000284e+01 1.234999999999999964e+01
-7.871799999999999500e+02 5.578000000000000114e+01 7.399999999999999911e-01
-7.873200000000000500e+02 5.329999999999999716e+01 4.099999999999999645e+00
-7.873899999999999864e+02 5.289999999999999858e+01 9.589999999999999858e+00
-7.873700000000000045e+02 5.428999999999999915e+01 7.800000000000000266e-01
-7.872599999999999909e+02 5.093999999999999773e+01 5.950000000000000178e+00
-7.873099999999999454e+02 5.068999999999999773e+01 6.500000000000000000e+00
-7.871499999999999773e+02 5.217000000000000171e+01 1.409999999999999920e+00
-7.872200000000000273e+02 5.285999999999999943e+01 4.580000000000000071e+00
-7.870900000000000318e+02 5.239000000000000057e+01 1.120000000000000107e+00
-7.873099999999999454e+02 5.142000000000000171e+01 6.129999999999999893e+00
-7.873099999999999454e+02 5.210000000000000142e+01 5.219999999999999751e+00
-7.873999999999999773e+02 6.025000000000000000e+01 1.840000000000000080e+00
-7.872400000000000091e+02 5.156000000000000227e+01 4.769999999999999574e+00
-7.871399999999999864e+02 5.242000000000000171e+01 6.300000000000000044e-01
-7.872799999999999727e+02 5.039999999999999858e+01 6.379999999999999893e+00
-7.874199999999999591e+02 5.242000000000000171e+01 1.047000000000000064e+01
-7.871900000000000546e+02 4.163000000000000256e+01 7.450000000000000178e+00
-7.869199999999999591e+02 4.802000000000000313e+01 4.089999999999999858e+00
-7.870599999999999454e+02 4.842000000000000171e+01 4.459999999999999964e+00
-7.871100000000000136e+02 4.147999999999999687e+01 5.379999999999999893e+00
-7.874500000000000455e+02 5.777000000000000313e+01 8.490000000000000213e+00
-7.873899999999999864e+02 6.022999999999999687e+01 4.700000000000000178e+00
-7.873999999999999773e+02 6.011999999999999744e+01 4.990000000000000213e+00
-7.874199999999999591e+02 5.485999999999999943e+01 5.070000000000000284e+00
-7.872500000000000000e+02 4.295000000000000284e+01 1.430000000000000071e+01
-7.873400000000000318e+02 5.032999999999999829e+01 1.091999999999999993e+01
-7.873200000000000500e+02 4.810000000000000142e+01 1.052999999999999936e+01
-7.875000000000000000e+02 4.911999999999999744e+01 1.855000000000000071e+01
-7.871699999999999591e+02 5.046000000000000085e+01 4.459999999999999964e+00
-7.867000000000000455e+02 5.129999999999999716e+01 2.740000000000000213e+00
-7.871200000000000045e+02 4.884000000000000341e+01 6.240000000000000213e+00
-7.868099999999999454e+02 4.960999999999999943e+01 3.580000000000000071e+00
-7.871900000000000546e+02 5.252000000000000313e+01 2.450000000000000178e+00
-7.873500000000000227e+02 5.678999999999999915e+01 0.000000000000000000e+00
-7.873799999999999955e+02 5.020000000000000284e+01 1.405000000000000071e+01
-7.872300000000000182e+02 5.546999999999999886e+01 8.499999999999999778e-01
-7.873600000000000136e+02 5.522999999999999687e+01 1.959999999999999964e+00
-7.872200000000000273e+02 5.489999999999999858e+01 2.470000000000000195e+00
-7.872999999999999545e+02 5.589000000000000057e+01 1.280000000000000027e+00
-7.873400000000000318e+02 5.596000000000000085e+01 1.020000000000000018e+00
-7.872100000000000364e+02 5.529999999999999716e+01 9.399999999999999467e-01
-7.870000000000000000e+02 5.310999999999999943e+01 7.199999999999999734e-01
-7.868700000000000045e+02 5.278999999999999915e+01 2.430000000000000160e+00
-7.865900000000000318e+02 5.307000000000000028e+01 2.419999999999999929e+00
-7.872200000000000273e+02 5.067000000000000171e+01 6.490000000000000213e+00
-7.872500000000000000e+02 5.479999999999999716e+01 1.000000000000000000e+01
-7.871799999999999500e+02 4.227000000000000313e+01 9.179999999999999716e+00
-7.871000000000000227e+02 5.022999999999999687e+01 5.709999999999999964e+00
-7.869600000000000364e+02 4.842000000000000171e+01 6.099999999999999645e+00
-7.871100000000000136e+02 4.442999999999999972e+01 7.849999999999999645e+00
-7.870000000000000000e+02 4.775999999999999801e+01 7.139999999999999680e+00
-7.869800000000000182e+02 4.831000000000000227e+01 6.240000000000000213e+00
-7.869400000000000546e+02 4.217000000000000171e+01 7.750000000000000000e+00
-7.873999999999999773e+02 5.915999999999999659e+01 5.900000000000000355e+00
-7.873300000000000409e+02 5.420000000000000284e+01 1.168999999999999950e+01
-7.872799999999999727e+02 5.149000000000000199e+01 1.201999999999999957e+01
-7.873099999999999454e+02 5.132999999999999829e+01 1.325999999999999979e+01
-7.867699999999999818e+02 5.040999999999999659e+01 4.299999999999999822e+00
-7.871799999999999500e+02 5.268999999999999773e+01 3.819999999999999840e+00
-7.870700000000000500e+02 5.264999999999999858e+01 4.910000000000000142e+00
-7.870900000000000318e+02 5.296999999999999886e+01 2.759999999999999787e+00
-7.870700000000000500e+02 5.684000000000000341e+01 4.299999999999999933e-01
-7.873099999999999454e+02 5.778999999999999915e+01 0.000000000000000000e+00
-7.873400000000000318e+02 5.322999999999999687e+01 1.511999999999999922e+01
-7.872200000000000273e+02 5.561999999999999744e+01 1.250000000000000000e+00
-7.873600000000000136e+02 6.061999999999999744e+01 2.600000000000000089e+00
-7.873600000000000136e+02 5.560000000000000142e+01 7.570000000000000284e+00
-7.873500000000000227e+02 5.821000000000000085e+01 3.390000000000000124e+00
-7.872100000000000364e+02 5.528999999999999915e+01 2.660000000000000142e+00
-7.870900000000000318e+02 5.510999999999999943e+01 2.600000000000000089e+00
-7.873400000000000318e+02 5.849000000000000199e+01 1.919999999999999929e+00
-7.872699999999999818e+02 5.645000000000000284e+01 3.870000000000000107e+00
-7.869800000000000182e+02 5.589000000000000057e+01 8.199999999999999512e-01
-7.868099999999999454e+02 5.575999999999999801e+01 1.100000000000000089e+00
-7.869900000000000091e+02 5.560999999999999943e+01 1.189999999999999947e+00
-7.868500000000000227e+02 5.559000000000000341e+01 1.679999999999999938e+00
-7.869800000000000182e+02 5.479999999999999716e+01 1.739999999999999991e+00
-7.868400000000000318e+02 5.352000000000000313e+01 1.739999999999999991e+00
-7.872200000000000273e+02 5.418999999999999773e+01 8.449999999999999289e+00
-7.871699999999999591e+02 5.182999999999999829e+01 7.360000000000000320e+00
-7.871699999999999591e+02 5.127000000000000313e+01 8.320000000000000284e+00
-7.870099999999999909e+02 4.346000000000000085e+01 1.023000000000000043e+01
-7.868600000000000136e+02 5.007000000000000028e+01 7.389999999999999680e+00
-7.867100000000000364e+02 4.985000000000000142e+01 8.339999999999999858e+00
-7.872400000000000091e+02 5.489999999999999858e+01 1.252999999999999936e+01
-7.872400000000000091e+02 5.292999999999999972e+01 2.108999999999999986e+01
-7.869099999999999682e+02 4.675000000000000000e+01 2.148000000000000043e+01
-7.872999999999999545e+02 5.725000000000000000e+01 9.080000000000000071e+00
-7.872200000000000273e+02 5.420000000000000284e+01 1.841000000000000014e+01
-7.873200000000000500e+02 6.057999999999999829e+01 8.279999999999999361e+00
-7.868500000000000227e+02 5.525999999999999801e+01 2.390000000000000124e+00
