-7.872300000000000182e+02 4.306000000000000227e+01 1.350000000000000089e+00
-7.872699999999999818e+02 4.021000000000000085e+01 7.299999999999999822e+00
-7.871399999999999864e+02 4.760000000000000142e+01 5.699999999999999512e-01
-7.871299999999999955e+02 3.835999999999999943e+01 3.290000000000000036e+00
-7.876000000000000227e+02 5.457999999999999829e+01 2.250000000000000000e+00
-7.872999999999999545e+02 4.075999999999999801e+01 7.139999999999999680e+00
-7.871399999999999864e+02 4.129999999999999716e+01 1.659999999999999920e+00
-7.871299999999999955e+02 3.410999999999999943e+01 9.900000000000000355e+00
-7.879600000000000364e+02 4.310999999999999943e+01 2.469000000000000128e+01
-7.876799999999999500e+02 4.496000000000000085e+01 6.519999999999999574e+00
-7.873899999999999864e+02 4.117999999999999972e+01 6.830000000000000071e+00
-7.872999999999999545e+02 4.081000000000000227e+01 7.080000000000000071e+00
-7.876200000000000045e+02 3.915999999999999659e+01 1.771999999999999886e+01
-7.873200000000000500e+02 4.497999999999999687e+01 2.330000000000000071e+00
-7.876100000000000136e+02 4.795000000000000284e+01 6.200000000000000178e+00
-7.872100000000000364e+02 4.114999999999999858e+01 6.440000000000000391e+00
-7.875700000000000500e+02 2.657000000000000028e+01 1.632000000000000028e+01
-7.871100000000000136e+02 4.360999999999999943e+01 0.000000000000000000e+00
-7.875099999999999909e+02 3.406000000000000227e+01 1.256000000000000050e+01
-7.871499999999999773e+02 4.075000000000000000e+01 1.959999999999999964e+00
-7.875800000000000409e+02 5.211999999999999744e+01 2.379999999999999893e+00
-7.878200000000000500e+02 4.528999999999999915e+01 1.589000000000000057e+01
-7.872100000000000364e+02 4.221999999999999886e+01 3.620000000000000107e+00
-7.871799999999999500e+02 4.175999999999999801e+01 4.870000000000000107e+00
-7.872599999999999909e+02 4.196000000000000085e+01 5.459999999999999964e+00
-7.871000000000000227e+02 4.006000000000000227e+01 3.009999999999999787e+00
-7.876499999999999773e+02 4.371000000000000085e+01 1.280000000000000071e+01
-7.875900000000000318e+02 3.579999999999999716e+01 1.134999999999999964e+01
-7.872300000000000182e+02 4.778000000000000114e+01 9.200000000000000400e-01
-7.875800000000000409e+02 5.492999999999999972e+01 6.700000000000000400e-01
-7.871399999999999864e+02 4.707999999999999829e+01 8.800000000000000044e-01
-7.875099999999999909e+02 4.785000000000000142e+01 0.000000000000000000e+00
-7.875199999999999818e+02 3.242999999999999972e+01 1.492999999999999972e+01
-7.877000000000000455e+02 4.342000000000000171e+01 1.418999999999999950e+01
-7.876399999999999864e+02 3.684000000000000341e+01 1.892000000000000171e+01
-7.877799999999999727e+02 2.942999999999999972e+01 1.901000000000000156e+01
-7.878600000000000136e+02 3.775999999999999801e+01 1.878000000000000114e+01
-7.871699999999999591e+02 4.045000000000000284e+01 2.879999999999999893e+00
-7.873099999999999454e+02 4.563000000000000256e+01 2.069999999999999840e+00
-7.875299999999999727e+02 3.547999999999999687e+01 1.071000000000000085e+01
-7.872500000000000000e+02 3.457000000000000028e+01 1.021000000000000085e+01
-7.873999999999999773e+02 4.196000000000000085e+01 5.790000000000000036e+00
-7.876100000000000136e+02 5.186999999999999744e+01 3.330000000000000071e+00
-7.875700000000000500e+02 3.596000000000000085e+01 7.450000000000000178e+00
-7.873999999999999773e+02 4.263000000000000256e+01 2.600000000000000089e+00
-7.878999999999999773e+02 4.182000000000000028e+01 2.112999999999999901e+01
-7.877100000000000364e+02 4.572999999999999687e+01 8.830000000000000071e+00
-7.875900000000000318e+02 5.479999999999999716e+01 2.640000000000000124e+00
-7.875800000000000409e+02 4.525000000000000000e+01 1.027999999999999936e+01
-7.875499999999999545e+02 4.989000000000000057e+01 7.150000000000000355e+00
-7.876000000000000227e+02 4.932000000000000028e+01 8.119999999999999218e+00
-7.870099999999999909e+02 4.014000000000000057e+01 6.750000000000000000e+00
-7.875499999999999545e+02 5.792999999999999972e+01 1.550000000000000044e+00
-7.874199999999999591e+02 5.404999999999999716e+01 0.000000000000000000e+00
-7.874199999999999591e+02 5.018999999999999773e+01 4.600000000000000200e-01
-7.874600000000000364e+02 5.852000000000000313e+01 7.800000000000000266e-01
-7.874700000000000273e+02 5.021000000000000085e+01 3.500000000000000000e+00
-7.875000000000000000e+02 5.246000000000000085e+01 1.550000000000000044e+00
-7.875000000000000000e+02 4.907999999999999829e+01 3.919999999999999929e+00
-7.872400000000000091e+02 4.982999999999999829e+01 2.000000000000000000e+00
-7.870499999999999545e+02 5.386999999999999744e+01 0.000000000000000000e+00
-7.870399999999999636e+02 5.217000000000000171e+01 0.000000000000000000e+00
-7.874800000000000182e+02 4.865999999999999659e+01 4.240000000000000213e+00
-7.874299999999999500e+02 5.142999999999999972e+01 8.199999999999999512e-01
-7.872599999999999909e+02 4.985000000000000142e+01 1.739999999999999991e+00
-7.871699999999999591e+02 5.104999999999999716e+01 3.099999999999999978e-01
-7.872799999999999727e+02 3.304999999999999716e+01 1.692000000000000171e+01
-7.876399999999999864e+02 4.360000000000000142e+01 1.648999999999999844e+01
-7.876900000000000546e+02 3.567000000000000171e+01 2.275000000000000000e+01
-7.874800000000000182e+02 3.317999999999999972e+01 2.280999999999999872e+01
-7.876599999999999682e+02 3.846000000000000085e+01 2.176999999999999957e+01
-7.871100000000000136e+02 4.147999999999999687e+01 5.379999999999999893e+00
-7.870000000000000000e+02 4.045000000000000284e+01 5.299999999999999822e+00
-7.872400000000000091e+02 4.652000000000000313e+01 2.229999999999999982e+00
-7.871900000000000546e+02 4.857000000000000028e+01 2.069999999999999840e+00
-7.872300000000000182e+02 4.897999999999999687e+01 2.129999999999999893e+00
-7.871000000000000227e+02 4.785999999999999943e+01 2.129999999999999893e+00
-7.872500000000000000e+02 3.559000000000000341e+01 1.052999999999999936e+01
-7.869800000000000182e+02 3.521999999999999886e+01 1.182000000000000028e+01
-7.875299999999999727e+02 5.371999999999999886e+01 6.709999999999999964e+00
-7.873600000000000136e+02 3.752000000000000313e+01 1.248000000000000043e+01
-7.873400000000000318e+02 3.693999999999999773e+01 9.269999999999999574e+00
-7.875499999999999545e+02 4.297999999999999687e+01 1.466999999999999993e+01
-7.875099999999999909e+02 3.839000000000000057e+01 1.121000000000000085e+01
-7.875399999999999636e+02 4.281000000000000227e+01 1.358999999999999986e+01
-7.875199999999999818e+02 4.297999999999999687e+01 1.216999999999999993e+01
-7.874299999999999500e+02 3.959000000000000341e+01 9.609999999999999432e+00
-7.873200000000000500e+02 4.224000000000000199e+01 7.610000000000000320e+00
-7.871900000000000546e+02 4.163000000000000256e+01 7.450000000000000178e+00
-7.874600000000000364e+02 3.685999999999999943e+01 1.540000000000000036e+01
-7.874800000000000182e+02 4.528999999999999915e+01 9.820000000000000284e+00
-7.875700000000000500e+02 4.231000000000000227e+01 1.689000000000000057e+01
-7.875399999999999636e+02 3.650000000000000000e+01 1.816000000000000014e+01
-7.874600000000000364e+02 4.102000000000000313e+01 8.980000000000000426e+00
-7.873300000000000409e+02 3.674000000000000199e+01 8.019999999999999574e+00
-7.874299999999999500e+02 3.606000000000000227e+01 1.280000000000000071e+01
-7.873999999999999773e+02 4.800999999999999801e+01 8.039999999999999147e+00
-7.871699999999999591e+02 4.425999999999999801e+01 4.070000000000000284e+00
-7.871200000000000045e+02 4.442999999999999972e+01 3.720000000000000195e+00
-7.871900000000000546e+02 4.288000000000000256e+01 5.650000000000000355e+00
-7.872699999999999818e+02 4.715999999999999659e+01 3.419999999999999929e+00
-7.869600000000000364e+02 4.592000000000000171e+01 2.950000000000000178e+00
-7.872500000000000000e+02 4.789999999999999858e+01 2.859999999999999876e+00
-7.872599999999999909e+02 4.485000000000000142e+01 4.129999999999999893e+00
-7.873200000000000500e+02 4.489000000000000057e+01 4.049999999999999822e+00
-7.872200000000000273e+02 4.296000000000000085e+01 5.150000000000000355e+00
-7.876399999999999864e+02 4.650000000000000000e+01 9.099999999999999645e+00
-7.874900000000000091e+02 4.682999999999999829e+01 8.990000000000000213e+00
-7.868799999999999955e+02 3.703999999999999915e+01 8.449999999999999289e+00
-7.875700000000000500e+02 4.820000000000000284e+01 1.324000000000000021e+01
-7.876000000000000227e+02 5.164000000000000057e+01 1.055000000000000071e+01
-7.873600000000000136e+02 4.607000000000000028e+01 9.060000000000000497e+00
-7.875700000000000500e+02 4.339999999999999858e+01 1.882999999999999829e+01
-7.874800000000000182e+02 5.372999999999999687e+01 4.059999999999999609e+00
-7.872200000000000273e+02 5.388000000000000256e+01 6.999999999999999556e-01
-7.868500000000000227e+02 5.170000000000000284e+01 4.099999999999999756e-01
-7.876000000000000227e+02 4.967999999999999972e+01 1.208000000000000007e+01
-7.871299999999999955e+02 3.782999999999999829e+01 8.410000000000000142e+00
-7.873700000000000045e+02 5.428999999999999915e+01 7.800000000000000266e-01
-7.873899999999999864e+02 4.428999999999999915e+01 9.080000000000000071e+00
-7.874500000000000455e+02 4.278999999999999915e+01 1.923000000000000043e+01
-7.872599999999999909e+02 3.857000000000000028e+01 9.449999999999999289e+00
-7.872000000000000455e+02 3.631000000000000227e+01 1.210999999999999943e+01
-7.869400000000000546e+02 4.217000000000000171e+01 7.750000000000000000e+00
-7.874600000000000364e+02 5.328999999999999915e+01 4.599999999999999645e+00
-7.867799999999999727e+02 4.063000000000000256e+01 7.360000000000000320e+00
-7.871200000000000045e+02 4.695000000000000284e+01 3.930000000000000160e+00
-7.876499999999999773e+02 3.796000000000000085e+01 2.567000000000000171e+01
