-7.871299999999999955e+02 3.835999999999999943e+01 3.290000000000000036e+00
-7.871399999999999864e+02 4.129999999999999716e+01 1.659999999999999920e+00
-7.879600000000000364e+02 4.310999999999999943e+01 2.469000000000000128e+01
-7.875700000000000500e+02 2.657000000000000028e+01 1.632000000000000028e+01
-7.871100000000000136e+02 4.360999999999999943e+01 0.000000000000000000e+00
-7.871499999999999773e+02 4.075000000000000000e+01 1.959999999999999964e+00
-7.875800000000000409e+02 5.211999999999999744e+01 2.379999999999999893e+00
-7.878200000000000500e+02 4.528999999999999915e+01 1.589000000000000057e+01
-7.875099999999999909e+02 4.785000000000000142e+01 0.000000000000000000e+00
-7.875199999999999818e+02 3.242999999999999972e+01 1.492999999999999972e+01
-7.877799999999999727e+02 2.942999999999999972e+01 1.901000000000000156e+01
-7.878600000000000136e+02 3.775999999999999801e+01 1.878000000000000114e+01
-7.875700000000000500e+02 3.596000000000000085e+01 7.450000000000000178e+00
-7.873999999999999773e+02 4.263000000000000256e+01 2.600000000000000089e+00
-7.878999999999999773e+02 4.182000000000000028e+01 2.112999999999999901e+01
-7.877100000000000364e+02 4.572999999999999687e+01 8.830000000000000071e+00
-7.870399999999999636e+02 3.352000000000000313e+01 1.139000000000000057e+01
-7.877899999999999636e+02 3.740999999999999659e+01 1.755999999999999872e+01
-7.877799999999999727e+02 3.917999999999999972e+01 1.430000000000000071e+01
-7.875000000000000000e+02 3.859000000000000341e+01 7.299999999999999822e+00
-7.874600000000000364e+02 4.656000000000000227e+01 4.500000000000000111e-01
-7.876900000000000546e+02 4.489000000000000057e+01 5.370000000000000107e+00
-7.875299999999999727e+02 4.603999999999999915e+01 1.189999999999999947e+00
-7.878700000000000045e+02 3.803000000000000114e+01 1.955000000000000071e+01
-7.872100000000000364e+02 3.967000000000000171e+01 2.620000000000000107e+00
-7.876799999999999500e+02 3.521999999999999886e+01 8.429999999999999716e+00
-7.868600000000000136e+02 4.217000000000000171e+01 1.389999999999999902e+00
-7.878400000000000318e+02 3.453999999999999915e+01 2.030999999999999872e+01
-7.876900000000000546e+02 3.618999999999999773e+01 1.042999999999999972e+01
-7.877100000000000364e+02 3.768999999999999773e+01 1.113000000000000078e+01
-7.873899999999999864e+02 4.192000000000000171e+01 3.600000000000000089e+00
-7.874299999999999500e+02 4.420000000000000284e+01 1.739999999999999991e+00
-7.872699999999999818e+02 3.214000000000000057e+01 1.607999999999999829e+01
-7.880700000000000500e+02 3.593999999999999773e+01 2.648000000000000043e+01
-7.878700000000000045e+02 4.053000000000000114e+01 1.605999999999999872e+01
-7.878099999999999454e+02 3.939000000000000057e+01 1.850000000000000000e+01
-7.874199999999999591e+02 4.285000000000000142e+01 4.299999999999999933e-01
-7.878099999999999454e+02 4.749000000000000199e+01 1.473000000000000043e+01
-7.875099999999999909e+02 4.507000000000000028e+01 3.870000000000000107e+00
-7.874099999999999682e+02 3.885999999999999943e+01 6.219999999999999751e+00
-7.877400000000000091e+02 4.217999999999999972e+01 1.423000000000000043e+01
-7.877100000000000364e+02 4.589000000000000057e+01 3.930000000000000160e+00
-7.873600000000000136e+02 3.590999999999999659e+01 3.370000000000000107e+00
-7.877300000000000182e+02 4.982000000000000028e+01 3.009999999999999787e+00
-7.878200000000000500e+02 4.689000000000000057e+01 1.522000000000000064e+01
-7.879400000000000546e+02 4.303999999999999915e+01 2.535999999999999943e+01
-7.879299999999999500e+02 2.925000000000000000e+01 3.453999999999999915e+01
-7.875900000000000318e+02 3.377000000000000313e+01 1.282000000000000028e+01
-7.877999999999999545e+02 3.700000000000000000e+01 1.950000000000000000e+01
-7.876499999999999773e+02 4.056000000000000227e+01 4.639999999999999680e+00
-7.876900000000000546e+02 2.544999999999999929e+01 2.723999999999999844e+01
-7.877000000000000455e+02 4.371000000000000085e+01 7.870000000000000107e+00
-7.875800000000000409e+02 3.360000000000000142e+01 8.410000000000000142e+00
-7.876599999999999682e+02 5.349000000000000199e+01 3.099999999999999978e-01
-7.876299999999999955e+02 3.277000000000000313e+01 1.383000000000000007e+01
-7.877899999999999636e+02 5.053000000000000114e+01 4.790000000000000036e+00
-7.872000000000000455e+02 3.246000000000000085e+01 1.358000000000000007e+01
-7.874400000000000546e+02 3.902000000000000313e+01 6.320000000000000284e+00
-7.881000000000000227e+02 3.959000000000000341e+01 2.975000000000000000e+01
-7.875800000000000409e+02 4.845000000000000284e+01 2.709999999999999964e+00
-7.876900000000000546e+02 4.835999999999999943e+01 1.024000000000000021e+01
-7.875800000000000409e+02 4.085000000000000142e+01 6.200000000000000178e+00
-7.875299999999999727e+02 3.078999999999999915e+01 2.439999999999999858e+01
-7.876399999999999864e+02 3.684000000000000341e+01 1.892000000000000171e+01
-7.875000000000000000e+02 2.748000000000000043e+01 2.089999999999999858e+01
-7.873400000000000318e+02 3.183999999999999986e+01 1.835000000000000142e+01
-7.875399999999999636e+02 3.836999999999999744e+01 8.880000000000000782e+00
-7.876900000000000546e+02 3.567000000000000171e+01 2.275000000000000000e+01
-7.876900000000000546e+02 3.789000000000000057e+01 1.292999999999999972e+01
-7.874500000000000455e+02 5.546999999999999886e+01 0.000000000000000000e+00
-7.877100000000000364e+02 3.404999999999999716e+01 2.462999999999999901e+01
-7.877699999999999818e+02 3.553000000000000114e+01 2.355000000000000071e+01
-7.878500000000000227e+02 4.182000000000000028e+01 2.253999999999999915e+01
-7.875099999999999909e+02 3.257000000000000028e+01 1.540000000000000036e+01
-7.877000000000000455e+02 4.342000000000000171e+01 1.418999999999999950e+01
-7.877799999999999727e+02 3.736999999999999744e+01 2.076999999999999957e+01
-7.874800000000000182e+02 5.240999999999999659e+01 2.200000000000000011e-01
-7.873200000000000500e+02 2.985000000000000142e+01 1.830999999999999872e+01
-7.876000000000000227e+02 5.418999999999999773e+01 2.620000000000000107e+00
-7.876799999999999500e+02 4.364000000000000057e+01 1.198000000000000043e+01
-7.872100000000000364e+02 3.610999999999999943e+01 8.919999999999999929e+00
-7.872300000000000182e+02 4.306000000000000227e+01 1.350000000000000089e+00
-7.876299999999999955e+02 4.989000000000000057e+01 3.950000000000000178e+00
-7.875000000000000000e+02 5.167000000000000171e+01 9.000000000000000222e-01
-7.871299999999999955e+02 3.410999999999999943e+01 9.900000000000000355e+00
-7.874900000000000091e+02 4.510999999999999943e+01 6.009999999999999787e+00
-7.871699999999999591e+02 4.045000000000000284e+01 2.879999999999999893e+00
-7.875299999999999727e+02 3.547999999999999687e+01 1.071000000000000085e+01
-7.873099999999999454e+02 4.563000000000000256e+01 2.069999999999999840e+00
-7.873300000000000409e+02 4.913000000000000256e+01 0.000000000000000000e+00
-7.873999999999999773e+02 2.937000000000000099e+01 2.007000000000000028e+01
-7.876100000000000136e+02 4.795000000000000284e+01 6.200000000000000178e+00
-7.876599999999999682e+02 4.300000000000000000e+01 1.082000000000000028e+01
-7.873200000000000500e+02 4.489000000000000057e+01 4.049999999999999822e+00
-7.878500000000000227e+02 4.214000000000000057e+01 1.769999999999999929e+01
-7.873700000000000045e+02 4.796999999999999886e+01 1.760000000000000009e+00
-7.876799999999999500e+02 4.496000000000000085e+01 6.519999999999999574e+00
-7.875000000000000000e+02 4.810000000000000142e+01 3.060000000000000053e+00
-7.875700000000000500e+02 3.397999999999999687e+01 1.450000000000000000e+01
-7.874199999999999591e+02 5.404999999999999716e+01 0.000000000000000000e+00
-7.876599999999999682e+02 4.939000000000000057e+01 4.969999999999999751e+00
-7.874600000000000364e+02 4.214999999999999858e+01 5.200000000000000178e+00
-7.872799999999999727e+02 4.004999999999999716e+01 6.339999999999999858e+00
-7.876699999999999591e+02 4.353999999999999915e+01 1.261999999999999922e+01
-7.875700000000000500e+02 3.552000000000000313e+01 1.256000000000000050e+01
-7.872799999999999727e+02 4.353000000000000114e+01 1.780000000000000027e+00
-7.872999999999999545e+02 3.396999999999999886e+01 1.228999999999999915e+01
-7.874600000000000364e+02 2.964000000000000057e+01 1.978000000000000114e+01
-7.874900000000000091e+02 3.768999999999999773e+01 8.300000000000000711e+00
-7.873500000000000227e+02 4.224000000000000199e+01 4.620000000000000107e+00
-7.870000000000000000e+02 3.875999999999999801e+01 6.379999999999999893e+00
-7.876100000000000136e+02 5.186999999999999744e+01 3.330000000000000071e+00
-7.873899999999999864e+02 4.960999999999999943e+01 1.000000000000000000e+00
-7.875800000000000409e+02 5.492999999999999972e+01 6.700000000000000400e-01
-7.871399999999999864e+02 4.760000000000000142e+01 5.699999999999999512e-01
-7.875399999999999636e+02 3.368999999999999773e+01 1.425999999999999979e+01
-7.876799999999999500e+02 4.459000000000000341e+01 8.230000000000000426e+00
-7.875599999999999454e+02 4.650000000000000000e+01 4.459999999999999964e+00
-7.876000000000000227e+02 5.457999999999999829e+01 2.250000000000000000e+00
-7.873999999999999773e+02 3.446000000000000085e+01 1.009999999999999964e+01
-7.872500000000000000e+02 4.796999999999999886e+01 2.899999999999999800e-01
-7.875800000000000409e+02 4.928999999999999915e+01 5.480000000000000426e+00
-7.875900000000000318e+02 3.579999999999999716e+01 1.134999999999999964e+01
-7.874500000000000455e+02 4.946999999999999886e+01 2.209999999999999964e+00
-7.873700000000000045e+02 4.770000000000000284e+01 3.290000000000000036e+00
-7.872300000000000182e+02 3.663000000000000256e+01 7.940000000000000391e+00
-7.873200000000000500e+02 4.497999999999999687e+01 2.330000000000000071e+00
-7.874400000000000546e+02 4.035000000000000142e+01 7.830000000000000071e+00
