-7.871399999999999864e+02 4.129999999999999716e+01 1.659999999999999920e+00
-7.879600000000000364e+02 4.310999999999999943e+01 2.469000000000000128e+01
-7.871100000000000136e+02 4.360999999999999943e+01 0.000000000000000000e+00
-7.875099999999999909e+02 4.785000000000000142e+01 0.000000000000000000e+00
-7.877799999999999727e+02 2.942999999999999972e+01 1.901000000000000156e+01
-7.878600000000000136e+02 3.775999999999999801e+01 1.878000000000000114e+01
-7.878999999999999773e+02 4.182000000000000028e+01 2.112999999999999901e+01
-7.870399999999999636e+02 3.352000000000000313e+01 1.139000000000000057e+01
-7.875299999999999727e+02 4.603999999999999915e+01 1.189999999999999947e+00
-7.878700000000000045e+02 3.803000000000000114e+01 1.955000000000000071e+01
-7.876799999999999500e+02 3.521999999999999886e+01 8.429999999999999716e+00
-7.878400000000000318e+02 3.453999999999999915e+01 2.030999999999999872e+01
-7.880700000000000500e+02 3.593999999999999773e+01 2.648000000000000043e+01
-7.878700000000000045e+02 4.053000000000000114e+01 1.605999999999999872e+01
-7.874199999999999591e+02 4.285000000000000142e+01 4.299999999999999933e-01
-7.877100000000000364e+02 4.589000000000000057e+01 3.930000000000000160e+00
-7.873600000000000136e+02 3.590999999999999659e+01 3.370000000000000107e+00
-7.877300000000000182e+02 4.982000000000000028e+01 3.009999999999999787e+00
-7.879299999999999500e+02 2.925000000000000000e+01 3.453999999999999915e+01
-7.875900000000000318e+02 3.377000000000000313e+01 1.282000000000000028e+01
-7.876900000000000546e+02 2.544999999999999929e+01 2.723999999999999844e+01
-7.875800000000000409e+02 3.360000000000000142e+01 8.410000000000000142e+00
-7.876599999999999682e+02 5.349000000000000199e+01 3.099999999999999978e-01
-7.876299999999999955e+02 3.277000000000000313e+01 1.383000000000000007e+01
-7.872000000000000455e+02 3.246000000000000085e+01 1.358000000000000007e+01
-7.881000000000000227e+02 3.959000000000000341e+01 2.975000000000000000e+01
-7.876000000000000227e+02 3.403000000000000114e+01 6.440000000000000391e+00
-7.872899999999999636e+02 4.193999999999999773e+01 1.310000000000000053e+00
-7.876000000000000227e+02 4.828999999999999915e+01 5.699999999999999512e-01
-7.874299999999999500e+02 3.507999999999999829e+01 4.030000000000000249e+00
-7.878500000000000227e+02 4.854999999999999716e+01 4.849999999999999645e+00
-7.878500000000000227e+02 3.953999999999999915e+01 1.787999999999999901e+01
-7.874800000000000182e+02 4.364999999999999858e+01 0.000000000000000000e+00
-7.879800000000000182e+02 3.167000000000000171e+01 2.587999999999999901e+01
-7.875900000000000318e+02 3.367999999999999972e+01 1.367999999999999972e+01
-7.879400000000000546e+02 4.240999999999999659e+01 1.181000000000000050e+01
-7.876699999999999591e+02 2.860999999999999943e+01 1.451999999999999957e+01
-7.879199999999999591e+02 3.321999999999999886e+01 2.457000000000000028e+01
-7.876299999999999955e+02 4.761999999999999744e+01 2.620000000000000107e+00
-7.877100000000000364e+02 2.655000000000000071e+01 1.517999999999999972e+01
-7.875599999999999454e+02 4.882000000000000028e+01 0.000000000000000000e+00
-7.878099999999999454e+02 3.571000000000000085e+01 4.230000000000000426e+00
-7.877200000000000273e+02 2.642999999999999972e+01 2.741000000000000014e+01
-7.875399999999999636e+02 2.605000000000000071e+01 2.160000000000000142e+01
-7.876100000000000136e+02 5.092999999999999972e+01 1.120000000000000107e+00
-7.876100000000000136e+02 3.789999999999999858e+01 1.899999999999999911e+00
-7.877699999999999818e+02 3.332999999999999829e+01 2.116000000000000014e+01
-7.876100000000000136e+02 3.538000000000000256e+01 8.750000000000000000e+00
-7.880000000000000000e+02 3.721999999999999886e+01 2.860000000000000142e+01
-7.878500000000000227e+02 4.214000000000000057e+01 1.769999999999999929e+01
-7.872999999999999545e+02 3.396999999999999886e+01 1.228999999999999915e+01
-7.873999999999999773e+02 3.446000000000000085e+01 1.009999999999999964e+01
-7.871299999999999955e+02 3.410999999999999943e+01 9.900000000000000355e+00
-7.874800000000000182e+02 3.525999999999999801e+01 1.351999999999999957e+01
-7.868600000000000136e+02 4.217000000000000171e+01 1.389999999999999902e+00
-7.875800000000000409e+02 5.492999999999999972e+01 6.700000000000000400e-01
-7.878500000000000227e+02 4.182000000000000028e+01 2.253999999999999915e+01
-7.871000000000000227e+02 4.586999999999999744e+01 3.499999999999999778e-01
-7.873799999999999955e+02 4.775999999999999801e+01 0.000000000000000000e+00
-7.874600000000000364e+02 4.656000000000000227e+01 4.500000000000000111e-01
-7.874299999999999500e+02 4.420000000000000284e+01 1.739999999999999991e+00
-7.873700000000000045e+02 4.367000000000000171e+01 1.370000000000000107e+00
-7.869500000000000455e+02 4.649000000000000199e+01 2.999999999999999889e-02
-7.874800000000000182e+02 4.484000000000000341e+01 1.699999999999999956e+00
-7.879600000000000364e+02 3.696999999999999886e+01 2.614999999999999858e+01
-7.879800000000000182e+02 3.910000000000000142e+01 2.821999999999999886e+01
-7.879700000000000273e+02 4.300000000000000000e+01 2.691000000000000014e+01
-7.875399999999999636e+02 3.368999999999999773e+01 1.425999999999999979e+01
-7.879400000000000546e+02 4.303999999999999915e+01 2.535999999999999943e+01
-7.878600000000000136e+02 4.303999999999999915e+01 1.364000000000000057e+01
-7.878500000000000227e+02 4.581000000000000227e+01 1.359999999999999964e+01
-7.878799999999999955e+02 4.271999999999999886e+01 1.553999999999999915e+01
-7.875199999999999818e+02 3.242999999999999972e+01 1.492999999999999972e+01
-7.878200000000000500e+02 3.595000000000000284e+01 2.764000000000000057e+01
-7.875700000000000500e+02 2.657000000000000028e+01 1.632000000000000028e+01
-7.875000000000000000e+02 2.921999999999999886e+01 1.540000000000000036e+01
-7.874900000000000091e+02 2.794000000000000128e+01 1.553999999999999915e+01
-7.876900000000000546e+02 2.705999999999999872e+01 1.696000000000000085e+01
-7.875399999999999636e+02 5.081000000000000227e+01 0.000000000000000000e+00
-7.877899999999999636e+02 3.740999999999999659e+01 1.755999999999999872e+01
-7.877799999999999727e+02 3.917999999999999972e+01 1.430000000000000071e+01
-7.876900000000000546e+02 4.489000000000000057e+01 5.370000000000000107e+00
-7.876900000000000546e+02 3.618999999999999773e+01 1.042999999999999972e+01
-7.877100000000000364e+02 3.768999999999999773e+01 1.113000000000000078e+01
-7.878099999999999454e+02 3.939000000000000057e+01 1.850000000000000000e+01
-7.877999999999999545e+02 3.700000000000000000e+01 1.950000000000000000e+01
-7.876499999999999773e+02 4.056000000000000227e+01 4.639999999999999680e+00
-7.877899999999999636e+02 5.053000000000000114e+01 4.790000000000000036e+00
-7.877300000000000182e+02 4.142999999999999972e+01 7.450000000000000178e+00
-7.877699999999999818e+02 4.217999999999999972e+01 1.153999999999999915e+01
-7.875000000000000000e+02 3.706000000000000227e+01 4.849999999999999645e+00
-7.877899999999999636e+02 3.607000000000000028e+01 2.248000000000000043e+01
-7.876599999999999682e+02 4.939000000000000057e+01 4.969999999999999751e+00
-7.875499999999999545e+02 3.640999999999999659e+01 6.910000000000000142e+00
-7.878099999999999454e+02 3.792999999999999972e+01 2.305000000000000071e+01
-7.877400000000000091e+02 4.390999999999999659e+01 9.240000000000000213e+00
-7.877899999999999636e+02 4.260999999999999943e+01 1.256000000000000050e+01
-7.874600000000000364e+02 3.621999999999999886e+01 6.519999999999999574e+00
-7.877599999999999909e+02 4.596999999999999886e+01 5.860000000000000320e+00
-7.875000000000000000e+02 3.632000000000000028e+01 5.750000000000000000e+00
-7.875900000000000318e+02 3.778999999999999915e+01 5.559999999999999609e+00
-7.877500000000000000e+02 4.043999999999999773e+01 1.121000000000000085e+01
-7.876799999999999500e+02 3.899000000000000199e+01 6.030000000000000249e+00
-7.871299999999999955e+02 3.835999999999999943e+01 3.290000000000000036e+00
-7.871499999999999773e+02 4.075000000000000000e+01 1.959999999999999964e+00
-7.873999999999999773e+02 4.263000000000000256e+01 2.600000000000000089e+00
-7.872100000000000364e+02 3.967000000000000171e+01 2.620000000000000107e+00
-7.873899999999999864e+02 4.192000000000000171e+01 3.600000000000000089e+00
-7.876000000000000227e+02 4.257999999999999829e+01 2.950000000000000178e+00
-7.872899999999999636e+02 3.988000000000000256e+01 3.189999999999999947e+00
-7.871200000000000045e+02 3.846000000000000085e+01 3.009999999999999787e+00
-7.876100000000000136e+02 5.186999999999999744e+01 3.330000000000000071e+00
-7.876100000000000136e+02 5.517999999999999972e+01 2.430000000000000160e+00
-7.876000000000000227e+02 5.418999999999999773e+01 2.620000000000000107e+00
-7.875800000000000409e+02 4.845000000000000284e+01 2.709999999999999964e+00
-7.875800000000000409e+02 5.211999999999999744e+01 2.379999999999999893e+00
-7.874600000000000364e+02 3.989999999999999858e+01 3.930000000000000160e+00
-7.875499999999999545e+02 4.253000000000000114e+01 3.520000000000000018e+00
-7.875099999999999909e+02 3.975000000000000000e+01 4.679999999999999716e+00
-7.876900000000000546e+02 3.332000000000000028e+01 1.771000000000000085e+01
-7.878799999999999955e+02 4.599000000000000199e+01 1.962999999999999901e+01
-7.875700000000000500e+02 3.076999999999999957e+01 2.453999999999999915e+01
-7.877599999999999909e+02 4.967999999999999972e+01 1.139000000000000057e+01
-7.876799999999999500e+02 3.151000000000000156e+01 2.237999999999999901e+01
-7.877200000000000273e+02 4.860999999999999943e+01 6.009999999999999787e+00
-7.877400000000000091e+02 3.985000000000000142e+01 1.561999999999999922e+01
-7.878799999999999955e+02 4.609000000000000341e+01 1.860000000000000142e+01
-7.878400000000000318e+02 4.122999999999999687e+01 3.657999999999999829e+01
