-7.871399999999999864e+02 4.129999999999999716e+01 1.659999999999999920e+00
-7.871100000000000136e+02 4.360999999999999943e+01 0.000000000000000000e+00
-7.875099999999999909e+02 4.785000000000000142e+01 0.000000000000000000e+00
-7.877799999999999727e+02 2.942999999999999972e+01 1.901000000000000156e+01
-7.875299999999999727e+02 4.603999999999999915e+01 1.189999999999999947e+00
-7.876799999999999500e+02 3.521999999999999886e+01 8.429999999999999716e+00
-7.880700000000000500e+02 3.593999999999999773e+01 2.648000000000000043e+01
-7.874199999999999591e+02 4.285000000000000142e+01 4.299999999999999933e-01
-7.873600000000000136e+02 3.590999999999999659e+01 3.370000000000000107e+00
-7.877300000000000182e+02 4.982000000000000028e+01 3.009999999999999787e+00
-7.876599999999999682e+02 5.349000000000000199e+01 3.099999999999999978e-01
-7.876000000000000227e+02 3.403000000000000114e+01 6.440000000000000391e+00
-7.872899999999999636e+02 4.193999999999999773e+01 1.310000000000000053e+00
-7.876000000000000227e+02 4.828999999999999915e+01 5.699999999999999512e-01
-7.874299999999999500e+02 3.507999999999999829e+01 4.030000000000000249e+00
-7.878500000000000227e+02 4.854999999999999716e+01 4.849999999999999645e+00
-7.874800000000000182e+02 4.364999999999999858e+01 0.000000000000000000e+00
-7.879800000000000182e+02 3.167000000000000171e+01 2.587999999999999901e+01
-7.879400000000000546e+02 4.240999999999999659e+01 1.181000000000000050e+01
-7.876699999999999591e+02 2.860999999999999943e+01 1.451999999999999957e+01
-7.879199999999999591e+02 3.321999999999999886e+01 2.457000000000000028e+01
-7.877100000000000364e+02 2.655000000000000071e+01 1.517999999999999972e+01
-7.875599999999999454e+02 4.882000000000000028e+01 0.000000000000000000e+00
-7.878099999999999454e+02 3.571000000000000085e+01 4.230000000000000426e+00
-7.877200000000000273e+02 2.642999999999999972e+01 2.741000000000000014e+01
-7.876100000000000136e+02 3.789999999999999858e+01 1.899999999999999911e+00
-7.879400000000000546e+02 3.189000000000000057e+01 2.496999999999999886e+01
-7.878400000000000318e+02 4.614999999999999858e+01 5.969999999999999751e+00
-7.874099999999999682e+02 3.652000000000000313e+01 3.479999999999999982e+00
-7.881200000000000045e+02 3.196000000000000085e+01 3.443999999999999773e+01
-7.876699999999999591e+02 3.253999999999999915e+01 7.940000000000000391e+00
-7.879700000000000273e+02 3.560000000000000142e+01 2.585000000000000142e+01
-7.880000000000000000e+02 3.896000000000000085e+01 1.467999999999999972e+01
-7.879099999999999682e+02 3.546999999999999886e+01 1.846999999999999886e+01
-7.880900000000000318e+02 3.303000000000000114e+01 2.701999999999999957e+01
-7.874400000000000546e+02 3.752000000000000313e+01 3.600000000000000089e+00
-7.876799999999999500e+02 4.614000000000000057e+01 9.200000000000000400e-01
-7.875099999999999909e+02 3.209000000000000341e+01 1.101999999999999957e+01
-7.878600000000000136e+02 3.225999999999999801e+01 1.191999999999999993e+01
-7.877799999999999727e+02 4.560999999999999943e+01 3.819999999999999840e+00
-7.879400000000000546e+02 3.657000000000000028e+01 1.853000000000000114e+01
-7.876799999999999500e+02 4.379999999999999716e+01 4.030000000000000249e+00
-7.881100000000000136e+02 2.244999999999999929e+01 2.969000000000000128e+01
-7.878200000000000500e+02 3.672999999999999687e+01 8.019999999999999574e+00
-7.876900000000000546e+02 2.298999999999999844e+01 2.087999999999999901e+01
-7.875900000000000318e+02 2.153000000000000114e+01 3.682000000000000028e+01
-7.871200000000000045e+02 3.846000000000000085e+01 3.009999999999999787e+00
-7.879299999999999500e+02 2.925000000000000000e+01 3.453999999999999915e+01
-7.876299999999999955e+02 3.277000000000000313e+01 1.383000000000000007e+01
-7.878099999999999454e+02 4.153999999999999915e+01 1.522000000000000064e+01
-7.872000000000000455e+02 3.246000000000000085e+01 1.358000000000000007e+01
-7.878899999999999864e+02 4.482000000000000028e+01 1.726000000000000156e+01
-7.875000000000000000e+02 2.921999999999999886e+01 1.540000000000000036e+01
-7.877699999999999818e+02 3.332999999999999829e+01 2.116000000000000014e+01
-7.870399999999999636e+02 3.352000000000000313e+01 1.139000000000000057e+01
-7.875399999999999636e+02 2.605000000000000071e+01 2.160000000000000142e+01
-7.876900000000000546e+02 4.489000000000000057e+01 5.370000000000000107e+00
-7.877300000000000182e+02 4.142999999999999972e+01 7.450000000000000178e+00
-7.875000000000000000e+02 3.706000000000000227e+01 4.849999999999999645e+00
-7.876200000000000045e+02 3.378000000000000114e+01 8.880000000000000782e+00
-7.879600000000000364e+02 3.696999999999999886e+01 2.614999999999999858e+01
-7.877999999999999545e+02 4.081000000000000227e+01 8.970000000000000639e+00
-7.875199999999999818e+02 3.242999999999999972e+01 1.492999999999999972e+01
-7.874600000000000364e+02 3.989999999999999858e+01 3.930000000000000160e+00
-7.877999999999999545e+02 3.732999999999999829e+01 1.524000000000000021e+01
-7.877899999999999636e+02 4.156000000000000227e+01 5.809999999999999609e+00
-7.881000000000000227e+02 3.959000000000000341e+01 2.975000000000000000e+01
-7.876200000000000045e+02 4.724000000000000199e+01 1.639999999999999902e+00
-7.874299999999999500e+02 4.420000000000000284e+01 1.739999999999999991e+00
-7.877100000000000364e+02 3.768999999999999773e+01 1.113000000000000078e+01
-7.878999999999999773e+02 4.182000000000000028e+01 2.112999999999999901e+01
-7.873099999999999454e+02 3.089999999999999858e+01 1.468999999999999950e+01
-7.875499999999999545e+02 3.640999999999999659e+01 6.910000000000000142e+00
-7.877000000000000455e+02 2.673000000000000043e+01 1.914999999999999858e+01
-7.871299999999999955e+02 3.835999999999999943e+01 3.290000000000000036e+00
-7.878700000000000045e+02 3.803000000000000114e+01 1.955000000000000071e+01
-7.878500000000000227e+02 4.581000000000000227e+01 1.359999999999999964e+01
-7.877899999999999636e+02 3.882000000000000028e+01 1.356000000000000050e+01
-7.876900000000000546e+02 2.544999999999999929e+01 2.723999999999999844e+01
-7.876100000000000136e+02 3.872999999999999687e+01 7.019999999999999574e+00
-7.876499999999999773e+02 2.303999999999999915e+01 3.286999999999999744e+01
-7.878400000000000318e+02 3.453999999999999915e+01 2.030999999999999872e+01
-7.876499999999999773e+02 4.056000000000000227e+01 4.639999999999999680e+00
-7.876100000000000136e+02 3.538000000000000256e+01 8.750000000000000000e+00
-7.876699999999999591e+02 3.627000000000000313e+01 8.820000000000000284e+00
-7.878200000000000500e+02 3.728000000000000114e+01 1.860000000000000142e+01
-7.875900000000000318e+02 3.367999999999999972e+01 1.367999999999999972e+01
-7.878600000000000136e+02 4.303999999999999915e+01 1.364000000000000057e+01
-7.871499999999999773e+02 4.075000000000000000e+01 1.959999999999999964e+00
-7.875700000000000500e+02 2.657000000000000028e+01 1.632000000000000028e+01
-7.875000000000000000e+02 3.632000000000000028e+01 5.750000000000000000e+00
-7.876699999999999591e+02 2.571999999999999886e+01 2.703999999999999915e+01
-7.879600000000000364e+02 4.310999999999999943e+01 2.469000000000000128e+01
-7.868600000000000136e+02 4.217000000000000171e+01 1.389999999999999902e+00
-7.877100000000000364e+02 4.589000000000000057e+01 3.930000000000000160e+00
-7.876799999999999500e+02 3.899000000000000199e+01 6.030000000000000249e+00
-7.878799999999999955e+02 4.271999999999999886e+01 1.553999999999999915e+01
-7.877500000000000000e+02 4.043999999999999773e+01 1.121000000000000085e+01
-7.874199999999999591e+02 4.372999999999999687e+01 2.620000000000000107e+00
-7.877899999999999636e+02 5.053000000000000114e+01 4.790000000000000036e+00
-7.874600000000000364e+02 3.621999999999999886e+01 6.519999999999999574e+00
-7.879800000000000182e+02 3.910000000000000142e+01 2.821999999999999886e+01
-7.876299999999999955e+02 4.761999999999999744e+01 2.620000000000000107e+00
-7.874900000000000091e+02 2.794000000000000128e+01 1.553999999999999915e+01
-7.872799999999999727e+02 4.553999999999999915e+01 0.000000000000000000e+00
-7.876000000000000227e+02 4.257999999999999829e+01 2.950000000000000178e+00
-7.878099999999999454e+02 3.939000000000000057e+01 1.850000000000000000e+01
-7.875199999999999818e+02 4.629999999999999716e+01 1.080000000000000071e+00
-7.876000000000000227e+02 3.649000000000000199e+01 6.929999999999999716e+00
-7.873700000000000045e+02 4.367000000000000171e+01 1.370000000000000107e+00
-7.874099999999999682e+02 3.922999999999999687e+01 2.759999999999999787e+00
-7.875900000000000318e+02 3.150000000000000000e+01 1.642000000000000171e+01
-7.876900000000000546e+02 2.705999999999999872e+01 1.696000000000000085e+01
-7.875900000000000318e+02 3.778999999999999915e+01 5.559999999999999609e+00
-7.875499999999999545e+02 4.253000000000000114e+01 3.520000000000000018e+00
-7.874500000000000455e+02 3.503000000000000114e+01 7.240000000000000213e+00
-7.879700000000000273e+02 4.300000000000000000e+01 2.691000000000000014e+01
-7.876900000000000546e+02 3.618999999999999773e+01 1.042999999999999972e+01
-7.878700000000000045e+02 4.053000000000000114e+01 1.605999999999999872e+01
-7.877500000000000000e+02 3.959000000000000341e+01 1.315000000000000036e+01
-7.875499999999999545e+02 4.917000000000000171e+01 0.000000000000000000e+00
-7.873999999999999773e+02 4.263000000000000256e+01 2.600000000000000089e+00
-7.879600000000000364e+02 3.810000000000000142e+01 2.614000000000000057e+01
-7.880000000000000000e+02 3.721999999999999886e+01 2.860000000000000142e+01
-7.875900000000000318e+02 3.377000000000000313e+01 1.282000000000000028e+01
-7.875800000000000409e+02 3.360000000000000142e+01 8.410000000000000142e+00
-7.875800000000000409e+02 5.492999999999999972e+01 6.700000000000000400e-01
-7.874800000000000182e+02 4.484000000000000341e+01 1.699999999999999956e+00
