-7.877799999999999727e+02 2.942999999999999972e+01 1.901000000000000156e+01
-7.876799999999999500e+02 3.521999999999999886e+01 8.429999999999999716e+00
-7.874199999999999591e+02 4.285000000000000142e+01 4.299999999999999933e-01
-7.873600000000000136e+02 3.590999999999999659e+01 3.370000000000000107e+00
-7.877300000000000182e+02 4.982000000000000028e+01 3.009999999999999787e+00
-7.876000000000000227e+02 3.403000000000000114e+01 6.440000000000000391e+00
-7.872899999999999636e+02 4.193999999999999773e+01 1.310000000000000053e+00
-7.874299999999999500e+02 3.507999999999999829e+01 4.030000000000000249e+00
-7.877100000000000364e+02 2.655000000000000071e+01 1.517999999999999972e+01
-7.878099999999999454e+02 3.571000000000000085e+01 4.230000000000000426e+00
-7.876100000000000136e+02 3.789999999999999858e+01 1.899999999999999911e+00
-7.879400000000000546e+02 3.189000000000000057e+01 2.496999999999999886e+01
-7.878400000000000318e+02 4.614999999999999858e+01 5.969999999999999751e+00
-7.874099999999999682e+02 3.652000000000000313e+01 3.479999999999999982e+00
-7.876699999999999591e+02 3.253999999999999915e+01 7.940000000000000391e+00
-7.880000000000000000e+02 3.896000000000000085e+01 1.467999999999999972e+01
-7.876799999999999500e+02 4.614000000000000057e+01 9.200000000000000400e-01
-7.878600000000000136e+02 3.225999999999999801e+01 1.191999999999999993e+01
-7.877799999999999727e+02 4.560999999999999943e+01 3.819999999999999840e+00
-7.876799999999999500e+02 4.379999999999999716e+01 4.030000000000000249e+00
-7.881100000000000136e+02 2.244999999999999929e+01 2.969000000000000128e+01
-7.878200000000000500e+02 3.672999999999999687e+01 8.019999999999999574e+00
-7.876900000000000546e+02 2.298999999999999844e+01 2.087999999999999901e+01
-7.881200000000000045e+02 1.716000000000000014e+01 3.325999999999999801e+01
-7.875499999999999545e+02 4.250999999999999801e+01 1.860000000000000098e+00
-7.876100000000000136e+02 3.695000000000000284e+01 3.370000000000000107e+00
-7.881399999999999864e+02 2.757999999999999829e+01 2.544999999999999929e+01
-7.873500000000000227e+02 3.874000000000000199e+01 1.879999999999999893e+00
-7.876399999999999864e+02 4.350999999999999801e+01 3.419999999999999929e+00
-7.879800000000000182e+02 4.146999999999999886e+01 7.889999999999999680e+00
-7.876200000000000045e+02 4.335000000000000142e+01 0.000000000000000000e+00
-7.878500000000000227e+02 4.713000000000000256e+01 3.560000000000000053e+00
-7.879800000000000182e+02 2.673000000000000043e+01 2.603999999999999915e+01
-7.880099999999999909e+02 3.415999999999999659e+01 2.498999999999999844e+01
-7.878500000000000227e+02 4.092000000000000171e+01 9.970000000000000639e+00
-7.881499999999999773e+02 1.209999999999999964e+01 3.871000000000000085e+01
-7.876900000000000546e+02 5.025999999999999801e+01 0.000000000000000000e+00
-7.879400000000000546e+02 3.278999999999999915e+01 1.213000000000000078e+01
-7.881000000000000227e+02 3.432000000000000028e+01 1.525999999999999979e+01
-7.877200000000000273e+02 2.473000000000000043e+01 2.066000000000000014e+01
-7.876900000000000546e+02 4.820000000000000284e+01 1.739999999999999991e+00
-7.875099999999999909e+02 3.445000000000000284e+01 6.419999999999999929e+00
-7.878099999999999454e+02 2.321999999999999886e+01 2.532000000000000028e+01
-7.876699999999999591e+02 2.776000000000000156e+01 1.059999999999999964e+01
-7.878400000000000318e+02 4.310999999999999943e+01 6.019999999999999574e+00
-7.879500000000000455e+02 4.296999999999999886e+01 7.519999999999999574e+00
-7.877200000000000273e+02 3.035000000000000142e+01 1.169999999999999929e+01
-7.872100000000000364e+02 3.967000000000000171e+01 7.399999999999999911e-01
-7.880499999999999545e+02 2.532999999999999829e+01 2.871999999999999886e+01
-7.876599999999999682e+02 5.349000000000000199e+01 3.099999999999999978e-01
-7.880499999999999545e+02 2.498999999999999844e+01 2.998999999999999844e+01
-7.880800000000000409e+02 3.525999999999999801e+01 2.035999999999999943e+01
-7.880900000000000318e+02 3.303000000000000114e+01 2.701999999999999957e+01
-7.875900000000000318e+02 2.153000000000000114e+01 3.682000000000000028e+01
-7.878999999999999773e+02 3.959000000000000341e+01 1.669000000000000128e+01
-7.877799999999999727e+02 3.392999999999999972e+01 2.000000000000000000e+01
-7.875399999999999636e+02 2.605000000000000071e+01 2.160000000000000142e+01
-7.877799999999999727e+02 3.247999999999999687e+01 2.278000000000000114e+01
-7.879199999999999591e+02 3.321999999999999886e+01 2.457000000000000028e+01
-7.879400000000000546e+02 4.240999999999999659e+01 1.181000000000000050e+01
-7.877500000000000000e+02 3.236999999999999744e+01 2.244000000000000128e+01
-7.871100000000000136e+02 4.360999999999999943e+01 0.000000000000000000e+00
-7.876499999999999773e+02 2.303999999999999915e+01 3.286999999999999744e+01
-7.881200000000000045e+02 3.635999999999999943e+01 2.778000000000000114e+01
-7.877699999999999818e+02 3.332999999999999829e+01 2.116000000000000014e+01
-7.881200000000000045e+02 3.196000000000000085e+01 3.443999999999999773e+01
-7.877200000000000273e+02 2.642999999999999972e+01 2.741000000000000014e+01
-7.876699999999999591e+02 2.860999999999999943e+01 1.451999999999999957e+01
-7.876299999999999955e+02 3.592000000000000171e+01 7.019999999999999574e+00
-7.879299999999999500e+02 4.025000000000000000e+01 1.443999999999999950e+01
-7.876900000000000546e+02 3.618999999999999773e+01 1.042999999999999972e+01
-7.877999999999999545e+02 4.081000000000000227e+01 8.970000000000000639e+00
-7.875900000000000318e+02 3.328999999999999915e+01 1.066000000000000014e+01
-7.879299999999999500e+02 3.425999999999999801e+01 1.691000000000000014e+01
-7.877899999999999636e+02 4.063000000000000256e+01 6.769999999999999574e+00
-7.877899999999999636e+02 4.156000000000000227e+01 5.809999999999999609e+00
-7.878500000000000227e+02 3.771000000000000085e+01 1.385999999999999943e+01
-7.875299999999999727e+02 4.603999999999999915e+01 1.189999999999999947e+00
-7.875800000000000409e+02 3.764999999999999858e+01 5.889999999999999680e+00
-7.877899999999999636e+02 3.997999999999999687e+01 9.230000000000000426e+00
-7.876799999999999500e+02 2.585999999999999943e+01 2.669000000000000128e+01
-7.875199999999999818e+02 4.010999999999999943e+01 4.889999999999999680e+00
-7.878099999999999454e+02 4.184000000000000341e+01 1.115000000000000036e+01
-7.878500000000000227e+02 4.854999999999999716e+01 4.849999999999999645e+00
-7.875499999999999545e+02 4.253000000000000114e+01 3.520000000000000018e+00
-7.877899999999999636e+02 5.053000000000000114e+01 4.790000000000000036e+00
-7.879800000000000182e+02 2.935999999999999943e+01 2.650000000000000000e+01
-7.874900000000000091e+02 2.794000000000000128e+01 1.553999999999999915e+01
-7.875499999999999545e+02 3.640999999999999659e+01 6.910000000000000142e+00
-7.879400000000000546e+02 3.978000000000000114e+01 1.505000000000000071e+01
-7.871499999999999773e+02 4.075000000000000000e+01 1.959999999999999964e+00
-7.876100000000000136e+02 3.532999999999999829e+01 8.490000000000000213e+00
-7.877000000000000455e+02 2.673000000000000043e+01 1.914999999999999858e+01
-7.877799999999999727e+02 4.417000000000000171e+01 4.719999999999999751e+00
-7.876699999999999591e+02 3.627000000000000313e+01 8.820000000000000284e+00
-7.873999999999999773e+02 4.263000000000000256e+01 2.600000000000000089e+00
-7.875599999999999454e+02 4.882000000000000028e+01 0.000000000000000000e+00
-7.874500000000000455e+02 3.503000000000000114e+01 7.240000000000000213e+00
-7.877899999999999636e+02 3.882000000000000028e+01 1.356000000000000050e+01
-7.871200000000000045e+02 3.846000000000000085e+01 3.009999999999999787e+00
-7.877100000000000364e+02 3.768999999999999773e+01 1.113000000000000078e+01
-7.876900000000000546e+02 2.705999999999999872e+01 1.696000000000000085e+01
-7.879400000000000546e+02 3.657000000000000028e+01 1.853000000000000114e+01
-7.878500000000000227e+02 4.204999999999999716e+01 9.679999999999999716e+00
-7.871200000000000045e+02 4.568999999999999773e+01 2.700000000000000178e-01
-7.876299999999999955e+02 3.277000000000000313e+01 1.383000000000000007e+01
-7.876499999999999773e+02 4.056000000000000227e+01 4.639999999999999680e+00
-7.875900000000000318e+02 3.128000000000000114e+01 1.090000000000000036e+01
-7.876900000000000546e+02 2.544999999999999929e+01 2.723999999999999844e+01
-7.875099999999999909e+02 4.785000000000000142e+01 0.000000000000000000e+00
-7.868600000000000136e+02 4.217000000000000171e+01 1.389999999999999902e+00
-7.879800000000000182e+02 3.167000000000000171e+01 2.587999999999999901e+01
-7.873600000000000136e+02 4.021000000000000085e+01 2.370000000000000107e+00
-7.875700000000000500e+02 2.657000000000000028e+01 1.632000000000000028e+01
-7.877500000000000000e+02 4.934000000000000341e+01 3.580000000000000071e+00
-7.877999999999999545e+02 3.732999999999999829e+01 1.524000000000000021e+01
-7.876799999999999500e+02 4.817999999999999972e+01 1.469999999999999973e+00
-7.875800000000000409e+02 3.360000000000000142e+01 8.410000000000000142e+00
-7.877599999999999909e+02 3.885999999999999943e+01 8.650000000000000355e+00
-7.876599999999999682e+02 4.688000000000000256e+01 2.470000000000000195e+00
-7.871399999999999864e+02 4.129999999999999716e+01 1.659999999999999920e+00
-7.875199999999999818e+02 4.629999999999999716e+01 1.080000000000000071e+00
-7.876799999999999500e+02 3.899000000000000199e+01 6.030000000000000249e+00
-7.874099999999999682e+02 3.922999999999999687e+01 2.759999999999999787e+00
-7.876000000000000227e+02 2.535000000000000142e+01 2.526000000000000156e+01
-7.875000000000000000e+02 3.706000000000000227e+01 4.849999999999999645e+00
-7.874400000000000546e+02 4.557000000000000028e+01 1.959999999999999964e+00
-7.876000000000000227e+02 4.257999999999999829e+01 2.950000000000000178e+00
