-7.874199999999999591e+02 4.285000000000000142e+01 4.299999999999999933e-01
-7.873600000000000136e+02 3.590999999999999659e+01 3.370000000000000107e+00
-7.876000000000000227e+02 3.403000000000000114e+01 6.440000000000000391e+00
-7.872899999999999636e+02 4.193999999999999773e+01 1.310000000000000053e+00
-7.874299999999999500e+02 3.507999999999999829e+01 4.030000000000000249e+00
-7.877100000000000364e+02 2.655000000000000071e+01 1.517999999999999972e+01
-7.878099999999999454e+02 3.571000000000000085e+01 4.230000000000000426e+00
-7.876100000000000136e+02 3.789999999999999858e+01 1.899999999999999911e+00
-7.878400000000000318e+02 4.614999999999999858e+01 5.969999999999999751e+00
-7.874099999999999682e+02 3.652000000000000313e+01 3.479999999999999982e+00
-7.876699999999999591e+02 3.253999999999999915e+01 7.940000000000000391e+00
-7.876799999999999500e+02 4.614000000000000057e+01 9.200000000000000400e-01
-7.877799999999999727e+02 4.560999999999999943e+01 3.819999999999999840e+00
-7.881100000000000136e+02 2.244999999999999929e+01 2.969000000000000128e+01
-7.876900000000000546e+02 2.298999999999999844e+01 2.087999999999999901e+01
-7.881200000000000045e+02 1.716000000000000014e+01 3.325999999999999801e+01
-7.875499999999999545e+02 4.250999999999999801e+01 1.860000000000000098e+00
-7.876100000000000136e+02 3.695000000000000284e+01 3.370000000000000107e+00
-7.881399999999999864e+02 2.757999999999999829e+01 2.544999999999999929e+01
-7.873500000000000227e+02 3.874000000000000199e+01 1.879999999999999893e+00
-7.876399999999999864e+02 4.350999999999999801e+01 3.419999999999999929e+00
-7.876200000000000045e+02 4.335000000000000142e+01 0.000000000000000000e+00
-7.878500000000000227e+02 4.713000000000000256e+01 3.560000000000000053e+00
-7.879800000000000182e+02 2.673000000000000043e+01 2.603999999999999915e+01
-7.881499999999999773e+02 1.209999999999999964e+01 3.871000000000000085e+01
-7.876900000000000546e+02 5.025999999999999801e+01 0.000000000000000000e+00
-7.879400000000000546e+02 3.278999999999999915e+01 1.213000000000000078e+01
-7.881000000000000227e+02 3.432000000000000028e+01 1.525999999999999979e+01
-7.876900000000000546e+02 4.820000000000000284e+01 1.739999999999999991e+00
-7.878099999999999454e+02 2.321999999999999886e+01 2.532000000000000028e+01
-7.876699999999999591e+02 2.776000000000000156e+01 1.059999999999999964e+01
-7.878400000000000318e+02 4.310999999999999943e+01 6.019999999999999574e+00
-7.872100000000000364e+02 3.967000000000000171e+01 7.399999999999999911e-01
-7.875700000000000500e+02 3.777000000000000313e+01 3.149999999999999911e+00
-7.878500000000000227e+02 3.903000000000000114e+01 1.099000000000000021e+01
-7.877200000000000273e+02 2.058999999999999986e+01 3.189000000000000057e+01
-7.881299999999999955e+02 3.217999999999999972e+01 2.078000000000000114e+01
-7.877500000000000000e+02 5.028000000000000114e+01 0.000000000000000000e+00
-7.876900000000000546e+02 4.331000000000000227e+01 4.009999999999999787e+00
-7.878500000000000227e+02 3.606000000000000227e+01 1.108999999999999986e+01
-7.879199999999999591e+02 3.110999999999999943e+01 2.126000000000000156e+01
-7.876299999999999955e+02 3.436999999999999744e+01 4.190000000000000391e+00
-7.880299999999999727e+02 2.460000000000000142e+01 2.726000000000000156e+01
-7.880000000000000000e+02 4.249000000000000199e+01 6.980000000000000426e+00
-7.877699999999999818e+02 2.753000000000000114e+01 1.648999999999999844e+01
-7.877799999999999727e+02 5.059000000000000341e+01 5.300000000000000266e-01
-7.878099999999999454e+02 3.142000000000000171e+01 1.153999999999999915e+01
-7.879400000000000546e+02 4.559000000000000341e+01 6.599999999999999645e+00
-7.877200000000000273e+02 4.932000000000000028e+01 1.350000000000000089e+00
-7.878099999999999454e+02 2.378000000000000114e+01 1.855000000000000071e+01
-7.880399999999999636e+02 4.014000000000000057e+01 7.719999999999999751e+00
-7.877999999999999545e+02 2.126000000000000156e+01 2.103000000000000114e+01
-7.881399999999999864e+02 2.478000000000000114e+01 2.644999999999999929e+01
-7.878899999999999864e+02 2.998999999999999844e+01 1.182000000000000028e+01
-7.881599999999999682e+02 4.482999999999999829e+01 2.832000000000000028e+01
-7.878300000000000409e+02 2.741000000000000014e+01 1.776999999999999957e+01
-7.879700000000000273e+02 2.485000000000000142e+01 2.637999999999999901e+01
-7.881499999999999773e+02 3.232000000000000028e+01 2.041000000000000014e+01
-7.881599999999999682e+02 1.366999999999999993e+01 3.777000000000000313e+01
-7.878700000000000045e+02 4.850000000000000000e+01 5.950000000000000178e+00
-7.880099999999999909e+02 3.946999999999999886e+01 1.367999999999999972e+01
-7.878700000000000045e+02 2.089000000000000057e+01 3.017000000000000171e+01
-7.877699999999999818e+02 2.982000000000000028e+01 1.059999999999999964e+01
-7.881499999999999773e+02 3.253999999999999915e+01 1.985000000000000142e+01
-7.880700000000000500e+02 3.217999999999999972e+01 1.792999999999999972e+01
-7.880000000000000000e+02 3.410999999999999943e+01 1.630000000000000071e+01
-7.881499999999999773e+02 2.335999999999999943e+01 2.780000000000000071e+01
-7.878600000000000136e+02 4.892000000000000171e+01 4.639999999999999680e+00
-7.878899999999999864e+02 4.550000000000000000e+01 6.360000000000000320e+00
-7.877300000000000182e+02 4.400999999999999801e+01 2.209999999999999964e+00
-7.880399999999999636e+02 2.676999999999999957e+01 2.480000000000000071e+01
-7.876699999999999591e+02 2.521999999999999886e+01 1.497000000000000064e+01
-7.878200000000000500e+02 3.471999999999999886e+01 5.379999999999999893e+00
-7.882000000000000455e+02 4.099000000000000199e+01 3.100000000000000000e+01
-7.879500000000000455e+02 3.685999999999999943e+01 1.502999999999999936e+01
-7.878799999999999955e+02 2.842000000000000171e+01 2.405000000000000071e+01
-7.880199999999999818e+02 3.270000000000000284e+01 1.767000000000000171e+01
-7.877899999999999636e+02 2.489999999999999858e+01 1.773000000000000043e+01
-7.877400000000000091e+02 2.732999999999999829e+01 1.342999999999999972e+01
-7.876000000000000227e+02 3.123000000000000043e+01 7.629999999999999893e+00
-7.880199999999999818e+02 3.800000000000000000e+01 1.419999999999999929e+01
-7.876900000000000546e+02 3.281000000000000227e+01 7.179999999999999716e+00
-7.876900000000000546e+02 3.618999999999999773e+01 1.042999999999999972e+01
-7.875099999999999909e+02 3.019000000000000128e+01 1.151999999999999957e+01
-7.868600000000000136e+02 4.217000000000000171e+01 1.389999999999999902e+00
-7.880399999999999636e+02 3.802000000000000313e+01 1.578999999999999915e+01
-7.879400000000000546e+02 3.189000000000000057e+01 2.496999999999999886e+01
-7.874400000000000546e+02 3.440999999999999659e+01 5.929999999999999716e+00
-7.878600000000000136e+02 4.132000000000000028e+01 1.090000000000000036e+01
-7.878200000000000500e+02 3.672999999999999687e+01 8.019999999999999574e+00
-7.876399999999999864e+02 3.268999999999999773e+01 1.115000000000000036e+01
-7.880900000000000318e+02 3.303000000000000114e+01 2.701999999999999957e+01
-7.881399999999999864e+02 2.571999999999999886e+01 2.950000000000000000e+01
-7.875099999999999909e+02 3.445000000000000284e+01 6.419999999999999929e+00
-7.879299999999999500e+02 3.425999999999999801e+01 1.691000000000000014e+01
-7.877400000000000091e+02 3.169000000000000128e+01 1.494999999999999929e+01
-7.881200000000000045e+02 2.817999999999999972e+01 2.894000000000000128e+01
-7.876599999999999682e+02 3.357999999999999829e+01 1.072000000000000064e+01
-7.872400000000000091e+02 3.779999999999999716e+01 4.719999999999999751e+00
-7.879500000000000455e+02 4.296999999999999886e+01 7.519999999999999574e+00
-7.877300000000000182e+02 3.795000000000000284e+01 6.830000000000000071e+00
-7.879500000000000455e+02 3.321000000000000085e+01 2.230000000000000071e+01
-7.876200000000000045e+02 3.767000000000000171e+01 6.769999999999999574e+00
-7.877000000000000455e+02 2.119999999999999929e+01 3.239999999999999858e+01
-7.875900000000000318e+02 4.261999999999999744e+01 3.439999999999999947e+00
-7.877899999999999636e+02 2.601000000000000156e+01 2.305000000000000071e+01
-7.875599999999999454e+02 4.681000000000000227e+01 9.100000000000000311e-01
-7.880099999999999909e+02 3.415999999999999659e+01 2.498999999999999844e+01
-7.880499999999999545e+02 2.498999999999999844e+01 2.998999999999999844e+01
-7.879800000000000182e+02 3.217999999999999972e+01 2.476000000000000156e+01
-7.880800000000000409e+02 3.525999999999999801e+01 2.035999999999999943e+01
-7.880000000000000000e+02 3.896000000000000085e+01 1.467999999999999972e+01
-7.880099999999999909e+02 3.681000000000000227e+01 1.653000000000000114e+01
-7.879299999999999500e+02 3.664000000000000057e+01 1.353999999999999915e+01
-7.877799999999999727e+02 2.942999999999999972e+01 1.901000000000000156e+01
-7.874400000000000546e+02 4.557000000000000028e+01 1.959999999999999964e+00
-7.875900000000000318e+02 3.631000000000000227e+01 8.080000000000000071e+00
-7.880900000000000318e+02 2.385000000000000142e+01 3.439999999999999858e+01
-7.872400000000000091e+02 3.797999999999999687e+01 4.379999999999999893e+00
-7.877000000000000455e+02 2.816000000000000014e+01 1.369999999999999929e+01
-7.871399999999999864e+02 4.129999999999999716e+01 1.659999999999999920e+00
-7.881200000000000045e+02 3.635999999999999943e+01 2.778000000000000114e+01
-7.880499999999999545e+02 2.532999999999999829e+01 2.871999999999999886e+01
-7.879900000000000091e+02 3.895000000000000284e+01 1.423000000000000043e+01
-7.877899999999999636e+02 3.799000000000000199e+01 6.009999999999999787e+00
-7.877300000000000182e+02 4.982000000000000028e+01 3.009999999999999787e+00
-7.880299999999999727e+02 2.853000000000000114e+01 2.537000000000000099e+01
-7.875700000000000500e+02 5.321000000000000085e+01 1.320000000000000062e+00
