-7.874199999999999591e+02 4.285000000000000142e+01 4.299999999999999933e-01
-7.873600000000000136e+02 3.590999999999999659e+01 3.370000000000000107e+00
-7.876000000000000227e+02 3.403000000000000114e+01 6.440000000000000391e+00
-7.874299999999999500e+02 3.507999999999999829e+01 4.030000000000000249e+00
-7.876100000000000136e+02 3.789999999999999858e+01 1.899999999999999911e+00
-7.876699999999999591e+02 3.253999999999999915e+01 7.940000000000000391e+00
-7.876799999999999500e+02 4.614000000000000057e+01 9.200000000000000400e-01
-7.881100000000000136e+02 2.244999999999999929e+01 2.969000000000000128e+01
-7.881200000000000045e+02 1.716000000000000014e+01 3.325999999999999801e+01
-7.876100000000000136e+02 3.695000000000000284e+01 3.370000000000000107e+00
-7.881399999999999864e+02 2.757999999999999829e+01 2.544999999999999929e+01
-7.873500000000000227e+02 3.874000000000000199e+01 1.879999999999999893e+00
-7.876200000000000045e+02 4.335000000000000142e+01 0.000000000000000000e+00
-7.881499999999999773e+02 1.209999999999999964e+01 3.871000000000000085e+01
-7.876900000000000546e+02 5.025999999999999801e+01 0.000000000000000000e+00
-7.881000000000000227e+02 3.432000000000000028e+01 1.525999999999999979e+01
-7.876699999999999591e+02 2.776000000000000156e+01 1.059999999999999964e+01
-7.872100000000000364e+02 3.967000000000000171e+01 7.399999999999999911e-01
-7.875700000000000500e+02 3.777000000000000313e+01 3.149999999999999911e+00
-7.881299999999999955e+02 3.217999999999999972e+01 2.078000000000000114e+01
-7.877500000000000000e+02 5.028000000000000114e+01 0.000000000000000000e+00
-7.876299999999999955e+02 3.436999999999999744e+01 4.190000000000000391e+00
-7.880299999999999727e+02 2.460000000000000142e+01 2.726000000000000156e+01
-7.880000000000000000e+02 4.249000000000000199e+01 6.980000000000000426e+00
-7.877799999999999727e+02 5.059000000000000341e+01 5.300000000000000266e-01
-7.877200000000000273e+02 4.932000000000000028e+01 1.350000000000000089e+00
-7.880399999999999636e+02 4.014000000000000057e+01 7.719999999999999751e+00
-7.877999999999999545e+02 2.126000000000000156e+01 2.103000000000000114e+01
-7.881399999999999864e+02 2.478000000000000114e+01 2.644999999999999929e+01
-7.879700000000000273e+02 2.485000000000000142e+01 2.637999999999999901e+01
-7.881599999999999682e+02 1.366999999999999993e+01 3.777000000000000313e+01
-7.877699999999999818e+02 2.982000000000000028e+01 1.059999999999999964e+01
-7.880700000000000500e+02 3.217999999999999972e+01 1.792999999999999972e+01
-7.881499999999999773e+02 2.335999999999999943e+01 2.780000000000000071e+01
-7.877300000000000182e+02 4.400999999999999801e+01 2.209999999999999964e+00
-7.880399999999999636e+02 2.676999999999999957e+01 2.480000000000000071e+01
-7.878200000000000500e+02 3.471999999999999886e+01 5.379999999999999893e+00
-7.876000000000000227e+02 3.123000000000000043e+01 7.629999999999999893e+00
-7.876900000000000546e+02 3.281000000000000227e+01 7.179999999999999716e+00
-7.881699999999999591e+02 2.055999999999999872e+01 3.005999999999999872e+01
-7.875599999999999454e+02 3.925999999999999801e+01 1.250000000000000000e+00
-7.878500000000000227e+02 4.706000000000000227e+01 2.000000000000000000e+00
-7.882400000000000091e+02 2.594999999999999929e+01 3.160999999999999943e+01
-7.881100000000000136e+02 1.302999999999999936e+01 3.834000000000000341e+01
-7.877699999999999818e+02 4.971999999999999886e+01 6.600000000000000311e-01
-7.871100000000000136e+02 3.778999999999999915e+01 2.069999999999999840e+00
-7.880499999999999545e+02 3.178999999999999915e+01 1.128999999999999915e+01
-7.878999999999999773e+02 2.403999999999999915e+01 1.626000000000000156e+01
-7.880599999999999454e+02 3.055999999999999872e+01 2.130999999999999872e+01
-7.882000000000000455e+02 2.133999999999999986e+01 3.089000000000000057e+01
-7.876200000000000045e+02 3.410999999999999943e+01 6.849999999999999645e+00
-7.877500000000000000e+02 4.140999999999999659e+01 2.350000000000000089e+00
-7.882100000000000364e+02 4.539999999999999858e+01 2.792000000000000171e+01
-7.878700000000000045e+02 2.285999999999999943e+01 1.801999999999999957e+01
-7.879600000000000364e+02 2.573999999999999844e+01 1.101999999999999957e+01
-7.879900000000000091e+02 4.102000000000000313e+01 2.410000000000000142e+00
-7.877699999999999818e+02 4.685999999999999943e+01 2.089999999999999858e+00
-7.881599999999999682e+02 3.607000000000000028e+01 1.400999999999999979e+01
-7.880800000000000409e+02 3.169000000000000128e+01 2.141000000000000014e+01
-7.880900000000000318e+02 4.028000000000000114e+01 9.669999999999999929e+00
-7.881100000000000136e+02 3.225000000000000000e+01 1.691000000000000014e+01
-7.878799999999999955e+02 3.518999999999999773e+01 3.399999999999999911e+00
-7.879700000000000273e+02 3.142999999999999972e+01 1.819999999999999929e+01
-7.878400000000000318e+02 3.461999999999999744e+01 1.084999999999999964e+01
-7.876900000000000546e+02 4.615999999999999659e+01 3.499999999999999778e-01
-7.878500000000000227e+02 4.839000000000000057e+01 1.610000000000000098e+00
-7.881900000000000546e+02 3.682000000000000028e+01 3.032999999999999829e+01
-7.877500000000000000e+02 5.021999999999999886e+01 5.500000000000000444e-01
-7.881499999999999773e+02 3.220000000000000284e+01 1.973000000000000043e+01
-7.881599999999999682e+02 3.110999999999999943e+01 2.146999999999999886e+01
-7.882599999999999909e+02 4.924000000000000199e+01 2.935999999999999943e+01
-7.879700000000000273e+02 3.119000000000000128e+01 2.005999999999999872e+01
-7.881200000000000045e+02 3.053999999999999915e+01 2.171999999999999886e+01
-7.881000000000000227e+02 2.612999999999999901e+01 2.576999999999999957e+01
-7.882999999999999545e+02 2.503999999999999915e+01 3.742000000000000171e+01
-7.881100000000000136e+02 2.748000000000000043e+01 2.537000000000000099e+01
-7.881299999999999955e+02 1.526999999999999957e+01 3.695000000000000284e+01
-7.878200000000000500e+02 2.255999999999999872e+01 1.372000000000000064e+01
-7.877799999999999727e+02 5.002000000000000313e+01 1.020000000000000018e+00
-7.880499999999999545e+02 2.723999999999999844e+01 2.508999999999999986e+01
-7.869800000000000182e+02 4.071999999999999886e+01 1.370000000000000107e+00
-7.882400000000000091e+02 3.978000000000000114e+01 3.259000000000000341e+01
-7.878700000000000045e+02 2.839000000000000057e+01 2.476000000000000156e+01
-7.878899999999999864e+02 4.097999999999999687e+01 9.410000000000000142e+00
-7.875000000000000000e+02 2.944000000000000128e+01 1.286999999999999922e+01
-7.875900000000000318e+02 4.261999999999999744e+01 3.439999999999999947e+00
-7.878700000000000045e+02 2.089000000000000057e+01 3.017000000000000171e+01
-7.880499999999999545e+02 3.704999999999999716e+01 1.230000000000000071e+01
-7.877200000000000273e+02 2.058999999999999986e+01 3.189000000000000057e+01
-7.876900000000000546e+02 2.298999999999999844e+01 2.087999999999999901e+01
-7.878799999999999955e+02 4.649000000000000199e+01 2.850000000000000089e+00
-7.878500000000000227e+02 3.579999999999999716e+01 5.580000000000000071e+00
-7.876699999999999591e+02 2.521999999999999886e+01 1.497000000000000064e+01
-7.878799999999999955e+02 2.842000000000000171e+01 2.405000000000000071e+01
-7.874400000000000546e+02 3.440999999999999659e+01 5.929999999999999716e+00
-7.878999999999999773e+02 2.960999999999999943e+01 1.402999999999999936e+01
-7.877000000000000455e+02 4.303999999999999915e+01 3.229999999999999982e+00
-7.875099999999999909e+02 3.019000000000000128e+01 1.151999999999999957e+01
-7.880199999999999818e+02 3.849000000000000199e+01 1.157000000000000028e+01
-7.878099999999999454e+02 3.142000000000000171e+01 1.153999999999999915e+01
-7.880900000000000318e+02 2.385000000000000142e+01 3.439999999999999858e+01
-7.879400000000000546e+02 4.238000000000000256e+01 7.629999999999999893e+00
-7.879400000000000546e+02 3.278999999999999915e+01 1.213000000000000078e+01
-7.878099999999999454e+02 2.321999999999999886e+01 2.532000000000000028e+01
-7.878099999999999454e+02 3.571000000000000085e+01 4.230000000000000426e+00
-7.881100000000000136e+02 2.555999999999999872e+01 3.275000000000000000e+01
-7.878700000000000045e+02 3.624000000000000199e+01 9.859999999999999432e+00
-7.879199999999999591e+02 3.178000000000000114e+01 1.642000000000000171e+01
-7.872899999999999636e+02 4.193999999999999773e+01 1.310000000000000053e+00
-7.877699999999999818e+02 2.753000000000000114e+01 1.648999999999999844e+01
-7.879800000000000182e+02 4.261999999999999744e+01 1.152999999999999936e+01
-7.877100000000000364e+02 2.655000000000000071e+01 1.517999999999999972e+01
-7.876799999999999500e+02 2.969999999999999929e+01 1.225000000000000000e+01
-7.878899999999999864e+02 2.998999999999999844e+01 1.182000000000000028e+01
-7.878999999999999773e+02 4.488000000000000256e+01 5.730000000000000426e+00
-7.873700000000000045e+02 3.364000000000000057e+01 9.310000000000000497e+00
-7.875099999999999909e+02 3.445000000000000284e+01 6.419999999999999929e+00
-7.881399999999999864e+02 2.571999999999999886e+01 2.950000000000000000e+01
-7.875099999999999909e+02 4.195000000000000284e+01 1.389999999999999902e+00
-7.879199999999999591e+02 3.110999999999999943e+01 2.126000000000000156e+01
-7.879199999999999591e+02 4.415999999999999659e+01 6.799999999999999822e+00
-7.876900000000000546e+02 4.820000000000000284e+01 1.739999999999999991e+00
-7.877699999999999818e+02 2.760999999999999943e+01 1.500999999999999979e+01
-7.878500000000000227e+02 2.589999999999999858e+01 1.935000000000000142e+01
-7.872500000000000000e+02 3.903000000000000114e+01 2.069999999999999840e+00
-7.880099999999999909e+02 3.681000000000000227e+01 1.653000000000000114e+01
-7.881499999999999773e+02 3.232000000000000028e+01 2.041000000000000014e+01
-7.876599999999999682e+02 3.357999999999999829e+01 1.072000000000000064e+01
