-7.874199999999999591e+02 4.285000000000000142e+01 4.299999999999999933e-01
-7.873600000000000136e+02 3.590999999999999659e+01 3.370000000000000107e+00
-7.874299999999999500e+02 3.507999999999999829e+01 4.030000000000000249e+00
-7.876100000000000136e+02 3.789999999999999858e+01 1.899999999999999911e+00
-7.876799999999999500e+02 4.614000000000000057e+01 9.200000000000000400e-01
-7.881100000000000136e+02 2.244999999999999929e+01 2.969000000000000128e+01
-7.881200000000000045e+02 1.716000000000000014e+01 3.325999999999999801e+01
-7.876100000000000136e+02 3.695000000000000284e+01 3.370000000000000107e+00
-7.881399999999999864e+02 2.757999999999999829e+01 2.544999999999999929e+01
-7.873500000000000227e+02 3.874000000000000199e+01 1.879999999999999893e+00
-7.876200000000000045e+02 4.335000000000000142e+01 0.000000000000000000e+00
-7.881499999999999773e+02 1.209999999999999964e+01 3.871000000000000085e+01
-7.876900000000000546e+02 5.025999999999999801e+01 0.000000000000000000e+00
-7.881000000000000227e+02 3.432000000000000028e+01 1.525999999999999979e+01
-7.876699999999999591e+02 2.776000000000000156e+01 1.059999999999999964e+01
-7.872100000000000364e+02 3.967000000000000171e+01 7.399999999999999911e-01
-7.875700000000000500e+02 3.777000000000000313e+01 3.149999999999999911e+00
-7.877500000000000000e+02 5.028000000000000114e+01 0.000000000000000000e+00
-7.876299999999999955e+02 3.436999999999999744e+01 4.190000000000000391e+00
-7.880299999999999727e+02 2.460000000000000142e+01 2.726000000000000156e+01
-7.880000000000000000e+02 4.249000000000000199e+01 6.980000000000000426e+00
-7.877799999999999727e+02 5.059000000000000341e+01 5.300000000000000266e-01
-7.880399999999999636e+02 4.014000000000000057e+01 7.719999999999999751e+00
-7.877999999999999545e+02 2.126000000000000156e+01 2.103000000000000114e+01
-7.881399999999999864e+02 2.478000000000000114e+01 2.644999999999999929e+01
-7.879700000000000273e+02 2.485000000000000142e+01 2.637999999999999901e+01
-7.881599999999999682e+02 1.366999999999999993e+01 3.777000000000000313e+01
-7.877699999999999818e+02 2.982000000000000028e+01 1.059999999999999964e+01
-7.880700000000000500e+02 3.217999999999999972e+01 1.792999999999999972e+01
-7.881499999999999773e+02 2.335999999999999943e+01 2.780000000000000071e+01
-7.880399999999999636e+02 2.676999999999999957e+01 2.480000000000000071e+01
-7.878200000000000500e+02 3.471999999999999886e+01 5.379999999999999893e+00
-7.881699999999999591e+02 2.055999999999999872e+01 3.005999999999999872e+01
-7.875599999999999454e+02 3.925999999999999801e+01 1.250000000000000000e+00
-7.878500000000000227e+02 4.706000000000000227e+01 2.000000000000000000e+00
-7.882400000000000091e+02 2.594999999999999929e+01 3.160999999999999943e+01
-7.881100000000000136e+02 1.302999999999999936e+01 3.834000000000000341e+01
-7.877699999999999818e+02 4.971999999999999886e+01 6.600000000000000311e-01
-7.871100000000000136e+02 3.778999999999999915e+01 2.069999999999999840e+00
-7.880499999999999545e+02 3.178999999999999915e+01 1.128999999999999915e+01
-7.878999999999999773e+02 2.403999999999999915e+01 1.626000000000000156e+01
-7.882000000000000455e+02 2.133999999999999986e+01 3.089000000000000057e+01
-7.877500000000000000e+02 4.140999999999999659e+01 2.350000000000000089e+00
-7.878700000000000045e+02 2.285999999999999943e+01 1.801999999999999957e+01
-7.879600000000000364e+02 2.573999999999999844e+01 1.101999999999999957e+01
-7.879900000000000091e+02 4.102000000000000313e+01 2.410000000000000142e+00
-7.881599999999999682e+02 3.607000000000000028e+01 1.400999999999999979e+01
-7.880900000000000318e+02 4.028000000000000114e+01 9.669999999999999929e+00
-7.881100000000000136e+02 3.225000000000000000e+01 1.691000000000000014e+01
-7.878799999999999955e+02 3.518999999999999773e+01 3.399999999999999911e+00
-7.876900000000000546e+02 4.615999999999999659e+01 3.499999999999999778e-01
-7.878500000000000227e+02 4.839000000000000057e+01 1.610000000000000098e+00
-7.877500000000000000e+02 5.021999999999999886e+01 5.500000000000000444e-01
-7.881499999999999773e+02 3.220000000000000284e+01 1.973000000000000043e+01
-7.882599999999999909e+02 4.924000000000000199e+01 2.935999999999999943e+01
-7.881000000000000227e+02 2.612999999999999901e+01 2.576999999999999957e+01
-7.882999999999999545e+02 2.503999999999999915e+01 3.742000000000000171e+01
-7.881100000000000136e+02 2.748000000000000043e+01 2.537000000000000099e+01
-7.881299999999999955e+02 1.526999999999999957e+01 3.695000000000000284e+01
-7.878200000000000500e+02 2.255999999999999872e+01 1.372000000000000064e+01
-7.877799999999999727e+02 5.002000000000000313e+01 1.020000000000000018e+00
-7.880499999999999545e+02 2.723999999999999844e+01 2.508999999999999986e+01
-7.882699999999999818e+02 3.057999999999999829e+01 3.413000000000000256e+01
-7.881499999999999773e+02 2.557000000000000028e+01 2.598999999999999844e+01
-7.880800000000000409e+02 3.802000000000000313e+01 1.317999999999999972e+01
-7.880900000000000318e+02 3.653999999999999915e+01 1.365000000000000036e+01
-7.882500000000000000e+02 2.508999999999999986e+01 3.175000000000000000e+01
-7.882799999999999727e+02 2.735000000000000142e+01 3.693999999999999773e+01
-7.880099999999999909e+02 3.909000000000000341e+01 1.047000000000000064e+01
-7.876399999999999864e+02 3.144999999999999929e+01 5.950000000000000178e+00
-7.880800000000000409e+02 3.489999999999999858e+01 1.516000000000000014e+01
-7.879700000000000273e+02 2.460999999999999943e+01 2.644999999999999929e+01
-7.883200000000000500e+02 3.349000000000000199e+01 3.996000000000000085e+01
-7.871799999999999500e+02 3.565999999999999659e+01 2.129999999999999893e+00
-7.880499999999999545e+02 3.739999999999999858e+01 1.075000000000000000e+01
-7.877799999999999727e+02 2.180000000000000071e+01 1.883999999999999986e+01
-7.877000000000000455e+02 3.050000000000000000e+01 6.009999999999999787e+00
-7.881699999999999591e+02 3.110000000000000142e+01 2.089999999999999858e+01
-7.881100000000000136e+02 3.964000000000000057e+01 1.275000000000000000e+01
-7.876399999999999864e+02 3.146000000000000085e+01 5.929999999999999716e+00
-7.882699999999999818e+02 2.678999999999999915e+01 3.518999999999999773e+01
-7.882200000000000273e+02 2.862000000000000099e+01 2.178999999999999915e+01
-7.879900000000000091e+02 2.942000000000000171e+01 1.446000000000000085e+01
-7.875199999999999818e+02 4.222999999999999687e+01 9.799999999999999822e-01
-7.877100000000000364e+02 2.783999999999999986e+01 1.031000000000000050e+01
-7.881699999999999591e+02 1.760000000000000142e+01 4.027000000000000313e+01
-7.878099999999999454e+02 4.152000000000000313e+01 1.959999999999999964e+00
-7.878700000000000045e+02 3.507999999999999829e+01 1.021000000000000085e+01
-7.881599999999999682e+02 2.664999999999999858e+01 2.571000000000000085e+01
-7.880499999999999545e+02 1.910999999999999943e+01 3.292000000000000171e+01
-7.881699999999999591e+02 1.046000000000000085e+01 4.036999999999999744e+01
-7.881200000000000045e+02 3.032999999999999829e+01 1.887999999999999901e+01
-7.877300000000000182e+02 4.184000000000000341e+01 1.060000000000000053e+00
-7.882999999999999545e+02 2.855999999999999872e+01 3.446999999999999886e+01
-7.881299999999999955e+02 3.103999999999999915e+01 2.146000000000000085e+01
-7.878600000000000136e+02 2.269999999999999929e+01 1.885999999999999943e+01
-7.879700000000000273e+02 3.917999999999999972e+01 1.024000000000000021e+01
-7.881499999999999773e+02 3.130000000000000071e+01 2.064000000000000057e+01
-7.880599999999999454e+02 2.971000000000000085e+01 1.983999999999999986e+01
-7.878500000000000227e+02 3.324000000000000199e+01 8.199999999999999289e+00
-7.879500000000000455e+02 4.096999999999999886e+01 6.889999999999999680e+00
-7.880599999999999454e+02 2.662000000000000099e+01 2.571999999999999886e+01
-7.878099999999999454e+02 2.321999999999999886e+01 2.532000000000000028e+01
-7.879400000000000546e+02 3.278999999999999915e+01 1.213000000000000078e+01
-7.874700000000000273e+02 3.100000000000000000e+01 1.082000000000000028e+01
-7.878700000000000045e+02 2.089000000000000057e+01 3.017000000000000171e+01
-7.882100000000000364e+02 3.510000000000000142e+01 2.885000000000000142e+01
-7.878999999999999773e+02 2.960999999999999943e+01 1.402999999999999936e+01
-7.880499999999999545e+02 2.567999999999999972e+01 2.717000000000000171e+01
-7.882100000000000364e+02 4.539999999999999858e+01 2.792000000000000171e+01
-7.875800000000000409e+02 2.457000000000000028e+01 1.832999999999999829e+01
-7.877200000000000273e+02 2.058999999999999986e+01 3.189000000000000057e+01
-7.879500000000000455e+02 4.471000000000000085e+01 2.640000000000000124e+00
-7.875099999999999909e+02 3.019000000000000128e+01 1.151999999999999957e+01
-7.879199999999999591e+02 4.415999999999999659e+01 6.799999999999999822e+00
-7.878500000000000227e+02 3.153999999999999915e+01 1.139000000000000057e+01
-7.879099999999999682e+02 2.769000000000000128e+01 2.164000000000000057e+01
-7.879700000000000273e+02 3.119000000000000128e+01 2.005999999999999872e+01
-7.879900000000000091e+02 3.236999999999999744e+01 1.732999999999999829e+01
-7.882400000000000091e+02 3.978000000000000114e+01 3.259000000000000341e+01
-7.877400000000000091e+02 3.528000000000000114e+01 6.339999999999999858e+00
-7.880099999999999909e+02 3.303000000000000114e+01 1.858999999999999986e+01
-7.876699999999999591e+02 2.521999999999999886e+01 1.497000000000000064e+01
-7.879199999999999591e+02 3.110999999999999943e+01 2.126000000000000156e+01
-7.879099999999999682e+02 2.921999999999999886e+01 1.507000000000000028e+01
-7.878099999999999454e+02 2.855999999999999872e+01 1.213000000000000078e+01
-7.879900000000000091e+02 4.074000000000000199e+01 8.759999999999999787e+00
-7.878400000000000318e+02 3.461999999999999744e+01 1.084999999999999964e+01
