-7.877000000000000455e+02 3.050000000000000000e+01 6.009999999999999787e+00
-7.883099999999999454e+02 2.721999999999999886e+01 3.690999999999999659e+01
-7.877799999999999727e+02 2.180000000000000071e+01 1.883999999999999986e+01
-7.880900000000000318e+02 4.028000000000000114e+01 9.669999999999999929e+00
-7.883200000000000500e+02 4.242999999999999972e+01 3.635000000000000142e+01
-7.883400000000000318e+02 3.148000000000000043e+01 3.745000000000000284e+01
-7.881699999999999591e+02 1.046000000000000085e+01 4.036999999999999744e+01
-7.882000000000000455e+02 2.367999999999999972e+01 2.712000000000000099e+01
-7.880499999999999545e+02 3.123000000000000043e+01 1.810999999999999943e+01
-7.882200000000000273e+02 1.535999999999999943e+01 3.792000000000000171e+01
-7.879700000000000273e+02 2.544999999999999929e+01 1.166000000000000014e+01
-7.877699999999999818e+02 2.982000000000000028e+01 1.059999999999999964e+01
-7.876499999999999773e+02 3.075000000000000000e+01 3.950000000000000178e+00
-7.881399999999999864e+02 2.478000000000000114e+01 2.644999999999999929e+01
-7.879900000000000091e+02 4.102000000000000313e+01 2.410000000000000142e+00
-7.878799999999999955e+02 2.289999999999999858e+01 1.826999999999999957e+01
-7.881499999999999773e+02 1.209999999999999964e+01 3.871000000000000085e+01
-7.875199999999999818e+02 4.222999999999999687e+01 9.799999999999999822e-01
-7.878400000000000318e+02 3.417000000000000171e+01 2.189999999999999947e+00
-7.878500000000000227e+02 4.839000000000000057e+01 1.610000000000000098e+00
-7.881900000000000546e+02 2.989999999999999858e+01 2.064000000000000057e+01
-7.881599999999999682e+02 3.581000000000000227e+01 1.372000000000000064e+01
-7.878999999999999773e+02 3.368999999999999773e+01 5.500000000000000000e+00
-7.880499999999999545e+02 3.985000000000000142e+01 7.530000000000000249e+00
-7.882200000000000273e+02 2.776999999999999957e+01 2.219000000000000128e+01
-7.878200000000000500e+02 2.255999999999999872e+01 1.372000000000000064e+01
-7.880499999999999545e+02 3.178999999999999915e+01 1.128999999999999915e+01
-7.881799999999999500e+02 2.860999999999999943e+01 2.119999999999999929e+01
-7.877100000000000364e+02 4.365999999999999659e+01 0.000000000000000000e+00
-7.881299999999999955e+02 1.526999999999999957e+01 3.695000000000000284e+01
-7.881200000000000045e+02 3.238000000000000256e+01 1.746000000000000085e+01
-7.877999999999999545e+02 2.126000000000000156e+01 2.103000000000000114e+01
-7.879299999999999500e+02 3.107999999999999829e+01 1.023000000000000043e+01
-7.882899999999999636e+02 1.075999999999999979e+01 4.200000000000000000e+01
-7.882400000000000091e+02 2.067999999999999972e+01 3.164000000000000057e+01
-7.880000000000000000e+02 3.703000000000000114e+01 9.990000000000000213e+00
-7.873500000000000227e+02 3.874000000000000199e+01 1.879999999999999893e+00
-7.879500000000000455e+02 3.657999999999999829e+01 2.580000000000000071e+00
-7.878799999999999955e+02 3.175000000000000000e+01 6.459999999999999964e+00
-7.869400000000000546e+02 3.964000000000000057e+01 6.800000000000000488e-01
-7.881100000000000136e+02 2.116000000000000014e+01 2.901999999999999957e+01
-7.872799999999999727e+02 3.725999999999999801e+01 1.530000000000000027e+00
-7.881200000000000045e+02 1.716000000000000014e+01 3.325999999999999801e+01
-7.877599999999999909e+02 2.712999999999999901e+01 8.550000000000000711e+00
-7.882799999999999727e+02 1.266999999999999993e+01 4.164999999999999858e+01
-7.881100000000000136e+02 3.225000000000000000e+01 1.691000000000000014e+01
-7.881599999999999682e+02 1.366999999999999993e+01 3.777000000000000313e+01
-7.883500000000000227e+02 3.857999999999999829e+01 3.638000000000000256e+01
-7.876100000000000136e+02 3.789999999999999858e+01 1.899999999999999911e+00
-7.880499999999999545e+02 3.739999999999999858e+01 1.075000000000000000e+01
-7.878300000000000409e+02 4.602000000000000313e+01 8.599999999999999867e-01
-7.882799999999999727e+02 3.144000000000000128e+01 3.078999999999999915e+01
-7.878500000000000227e+02 4.706000000000000227e+01 2.000000000000000000e+00
-7.878999999999999773e+02 2.321000000000000085e+01 1.410999999999999943e+01
-7.880399999999999636e+02 3.934000000000000341e+01 5.129999999999999893e+00
-7.879099999999999682e+02 3.080000000000000071e+01 1.059999999999999964e+01
-7.881299999999999955e+02 2.701999999999999957e+01 2.266000000000000014e+01
-7.878099999999999454e+02 4.152000000000000313e+01 1.959999999999999964e+00
-7.881900000000000546e+02 1.978000000000000114e+01 3.087999999999999901e+01
-7.879199999999999591e+02 3.232000000000000028e+01 6.950000000000000178e+00
-7.881499999999999773e+02 2.521000000000000085e+01 2.617999999999999972e+01
-7.881100000000000136e+02 1.302999999999999936e+01 3.834000000000000341e+01
-7.877000000000000455e+02 3.314999999999999858e+01 5.320000000000000284e+00
-7.876900000000000546e+02 4.103000000000000114e+01 1.780000000000000027e+00
-7.871799999999999500e+02 3.565999999999999659e+01 2.129999999999999893e+00
-7.881000000000000227e+02 3.432000000000000028e+01 1.525999999999999979e+01
-7.880900000000000318e+02 3.971000000000000085e+01 1.024000000000000021e+01
-7.880499999999999545e+02 1.910999999999999943e+01 3.292000000000000171e+01
-7.882999999999999545e+02 2.855999999999999872e+01 3.446999999999999886e+01
-7.880000000000000000e+02 2.785000000000000142e+01 1.280000000000000071e+01
-7.883099999999999454e+02 3.549000000000000199e+01 3.492999999999999972e+01
-7.882599999999999909e+02 2.126999999999999957e+01 2.835000000000000142e+01
-7.882000000000000455e+02 2.551000000000000156e+01 2.403999999999999915e+01
-7.881399999999999864e+02 3.404999999999999716e+01 1.737999999999999901e+01
-7.881699999999999591e+02 2.055999999999999872e+01 3.005999999999999872e+01
-7.880299999999999727e+02 3.350000000000000000e+01 1.088000000000000078e+01
-7.878799999999999955e+02 3.518999999999999773e+01 3.399999999999999911e+00
-7.879600000000000364e+02 2.573999999999999844e+01 1.101999999999999957e+01
-7.878700000000000045e+02 2.285999999999999943e+01 1.801999999999999957e+01
-7.881200000000000045e+02 3.884000000000000341e+01 1.131000000000000050e+01
-7.874299999999999500e+02 3.964999999999999858e+01 5.699999999999999512e-01
-7.882999999999999545e+02 2.503999999999999915e+01 3.742000000000000171e+01
-7.883099999999999454e+02 4.057999999999999829e+01 3.055000000000000071e+01
-7.878999999999999773e+02 4.556000000000000227e+01 2.350000000000000089e+00
-7.882799999999999727e+02 2.503999999999999915e+01 3.101000000000000156e+01
-7.881499999999999773e+02 2.478000000000000114e+01 2.646999999999999886e+01
-7.878400000000000318e+02 3.012000000000000099e+01 9.570000000000000284e+00
-7.880800000000000409e+02 3.489999999999999858e+01 1.516000000000000014e+01
-7.877300000000000182e+02 4.184000000000000341e+01 1.060000000000000053e+00
-7.870800000000000409e+02 3.917000000000000171e+01 1.290000000000000036e+00
-7.878300000000000409e+02 4.646000000000000085e+01 1.000000000000000056e-01
-7.876200000000000045e+02 4.335000000000000142e+01 0.000000000000000000e+00
-7.880499999999999545e+02 2.894999999999999929e+01 2.078999999999999915e+01
-7.879900000000000091e+02 3.275000000000000000e+01 1.042999999999999972e+01
-7.880900000000000318e+02 3.715999999999999659e+01 1.294999999999999929e+01
-7.877999999999999545e+02 4.403999999999999915e+01 0.000000000000000000e+00
-7.881699999999999591e+02 2.314000000000000057e+01 2.819999999999999929e+01
-7.879700000000000273e+02 2.387000000000000099e+01 1.316999999999999993e+01
-7.882200000000000273e+02 2.862000000000000099e+01 2.178999999999999915e+01
-7.875599999999999454e+02 3.925999999999999801e+01 1.250000000000000000e+00
-7.871100000000000136e+02 3.714999999999999858e+01 2.069999999999999840e+00
-7.878500000000000227e+02 2.285999999999999943e+01 1.662999999999999901e+01
-7.880000000000000000e+02 3.881000000000000227e+01 9.490000000000000213e+00
-7.880599999999999454e+02 2.971000000000000085e+01 1.983999999999999986e+01
-7.881299999999999955e+02 3.450000000000000000e+01 1.658999999999999986e+01
-7.883099999999999454e+02 2.826000000000000156e+01 3.571999999999999886e+01
-7.881499999999999773e+02 2.335999999999999943e+01 2.780000000000000071e+01
-7.878200000000000500e+02 4.210999999999999943e+01 1.820000000000000062e+00
-7.883200000000000500e+02 2.857999999999999829e+01 3.675999999999999801e+01
-7.880099999999999909e+02 3.909000000000000341e+01 1.047000000000000064e+01
-7.878600000000000136e+02 2.269999999999999929e+01 1.885999999999999943e+01
-7.874199999999999591e+02 4.285000000000000142e+01 4.299999999999999933e-01
-7.880299999999999727e+02 2.514999999999999858e+01 2.603000000000000114e+01
-7.881299999999999955e+02 3.098999999999999844e+01 1.844999999999999929e+01
-7.880900000000000318e+02 3.653999999999999915e+01 1.365000000000000036e+01
-7.881299999999999955e+02 3.044999999999999929e+01 1.932999999999999829e+01
-7.882200000000000273e+02 2.614000000000000057e+01 2.382999999999999829e+01
-7.883099999999999454e+02 2.569999999999999929e+01 3.924000000000000199e+01
-7.880399999999999636e+02 3.685000000000000142e+01 1.083000000000000007e+01
-7.881799999999999500e+02 2.814000000000000057e+01 2.208999999999999986e+01
-7.880900000000000318e+02 3.767000000000000171e+01 1.231000000000000050e+01
-7.882100000000000364e+02 2.582999999999999829e+01 2.498999999999999844e+01
-7.881200000000000045e+02 3.069000000000000128e+01 1.880999999999999872e+01
-7.880900000000000318e+02 3.307999999999999829e+01 1.586999999999999922e+01
-7.882999999999999545e+02 2.564999999999999858e+01 3.670000000000000284e+01
-7.882799999999999727e+02 3.367000000000000171e+01 2.996000000000000085e+01
-7.880800000000000409e+02 3.842000000000000171e+01 1.152999999999999936e+01
-7.881100000000000136e+02 3.200000000000000000e+01 1.746999999999999886e+01
