-7.880000000000000000e+02 2.541000000000000014e+01 1.185999999999999943e+01
-7.879900000000000091e+02 3.275000000000000000e+01 1.042999999999999972e+01
-7.882799999999999727e+02 1.266999999999999993e+01 4.164999999999999858e+01
-7.883600000000000136e+02 3.577000000000000313e+01 3.853000000000000114e+01
-7.878999999999999773e+02 2.321000000000000085e+01 1.410999999999999943e+01
-7.881299999999999955e+02 1.796999999999999886e+01 3.250000000000000000e+01
-7.883400000000000318e+02 8.480000000000000426e+00 4.372999999999999687e+01
-7.879099999999999682e+02 3.035999999999999943e+01 3.370000000000000107e+00
-7.880800000000000409e+02 3.275999999999999801e+01 1.628999999999999915e+01
-7.880000000000000000e+02 3.882000000000000028e+01 3.740000000000000213e+00
-7.881599999999999682e+02 1.366999999999999993e+01 3.777000000000000313e+01
-7.879500000000000455e+02 3.657999999999999829e+01 2.580000000000000071e+00
-7.879900000000000091e+02 3.817999999999999972e+01 5.089999999999999858e+00
-7.881699999999999591e+02 1.046000000000000085e+01 4.036999999999999744e+01
-7.879500000000000455e+02 2.262000000000000099e+01 1.675000000000000000e+01
-7.882899999999999636e+02 9.259999999999999787e+00 4.207999999999999829e+01
-7.883200000000000500e+02 4.003000000000000114e+01 2.800000000000000000e+01
-7.883899999999999864e+02 2.060999999999999943e+01 4.197999999999999687e+01
-7.879600000000000364e+02 2.078000000000000114e+01 2.042000000000000171e+01
-7.878600000000000136e+02 3.001999999999999957e+01 1.075999999999999979e+01
-7.881499999999999773e+02 2.335999999999999943e+01 2.780000000000000071e+01
-7.880599999999999454e+02 2.971000000000000085e+01 1.983999999999999986e+01
-7.872000000000000455e+02 3.256000000000000227e+01 1.739999999999999991e+00
-7.881799999999999500e+02 2.814000000000000057e+01 2.208999999999999986e+01
-7.883500000000000227e+02 4.624000000000000199e+01 3.557999999999999829e+01
-7.876900000000000546e+02 4.102000000000000313e+01 5.500000000000000444e-01
-7.875000000000000000e+02 3.026000000000000156e+01 4.400000000000000355e+00
-7.882500000000000000e+02 2.530999999999999872e+01 2.446999999999999886e+01
-7.881499999999999773e+02 3.332000000000000028e+01 1.794000000000000128e+01
-7.877799999999999727e+02 2.180000000000000071e+01 1.883999999999999986e+01
-7.882699999999999818e+02 2.385999999999999943e+01 3.164999999999999858e+01
-7.879199999999999591e+02 3.232000000000000028e+01 6.950000000000000178e+00
-7.883600000000000136e+02 2.678999999999999915e+01 4.040999999999999659e+01
-7.878400000000000318e+02 4.652000000000000313e+01 0.000000000000000000e+00
-7.880900000000000318e+02 3.906000000000000227e+01 7.950000000000000178e+00
-7.877599999999999909e+02 2.626000000000000156e+01 6.809999999999999609e+00
-7.881200000000000045e+02 3.282000000000000028e+01 9.390000000000000568e+00
-7.883200000000000500e+02 2.153999999999999915e+01 4.025999999999999801e+01
-7.881599999999999682e+02 3.581000000000000227e+01 1.372000000000000064e+01
-7.874299999999999500e+02 4.029999999999999716e+01 4.299999999999999933e-01
-7.883099999999999454e+02 3.549000000000000199e+01 3.492999999999999972e+01
-7.880599999999999454e+02 3.859000000000000341e+01 5.030000000000000249e+00
-7.882000000000000455e+02 2.683999999999999986e+01 2.217000000000000171e+01
-7.882899999999999636e+02 3.703000000000000114e+01 2.885999999999999943e+01
-7.882000000000000455e+02 2.367999999999999972e+01 2.712000000000000099e+01
-7.883899999999999864e+02 4.285999999999999943e+01 3.877000000000000313e+01
-7.879299999999999500e+02 3.107999999999999829e+01 1.023000000000000043e+01
-7.881299999999999955e+02 1.526999999999999957e+01 3.695000000000000284e+01
-7.880499999999999545e+02 3.123000000000000043e+01 1.810999999999999943e+01
-7.875800000000000409e+02 3.845000000000000284e+01 5.899999999999999689e-01
-7.883200000000000500e+02 3.407999999999999829e+01 3.532999999999999829e+01
-7.882200000000000273e+02 2.075000000000000000e+01 3.042000000000000171e+01
-7.883200000000000500e+02 8.199999999999999289e+00 4.296999999999999886e+01
-7.879199999999999591e+02 2.350000000000000000e+01 1.546000000000000085e+01
-7.877999999999999545e+02 4.403999999999999915e+01 0.000000000000000000e+00
-7.879600000000000364e+02 2.371999999999999886e+01 1.475000000000000000e+01
-7.877200000000000273e+02 2.035999999999999943e+01 2.678000000000000114e+01
-7.879600000000000364e+02 2.446999999999999886e+01 1.125000000000000000e+01
-7.883200000000000500e+02 2.239000000000000057e+01 3.847999999999999687e+01
-7.883200000000000500e+02 2.857999999999999829e+01 3.675999999999999801e+01
-7.882200000000000273e+02 1.535999999999999943e+01 3.792000000000000171e+01
-7.882000000000000455e+02 3.185000000000000142e+01 1.855000000000000071e+01
-7.881299999999999955e+02 3.421999999999999886e+01 1.524000000000000021e+01
-7.877400000000000091e+02 3.642999999999999972e+01 1.060000000000000053e+00
-7.883500000000000227e+02 2.575000000000000000e+01 3.992000000000000171e+01
-7.881399999999999864e+02 3.479999999999999716e+01 1.451999999999999957e+01
-7.881200000000000045e+02 1.716000000000000014e+01 3.325999999999999801e+01
-7.880199999999999818e+02 4.431000000000000227e+01 4.219999999999999751e+00
-7.883400000000000318e+02 3.019000000000000128e+01 3.735999999999999943e+01
-7.883300000000000409e+02 7.089999999999999858e+00 4.361999999999999744e+01
-7.878400000000000318e+02 3.012000000000000099e+01 9.570000000000000284e+00
-7.880499999999999545e+02 2.894999999999999929e+01 2.078999999999999915e+01
-7.876299999999999955e+02 1.939999999999999858e+01 2.925000000000000000e+01
-7.878799999999999955e+02 3.318999999999999773e+01 2.000000000000000000e+00
-7.882000000000000455e+02 2.469000000000000128e+01 2.560000000000000142e+01
-7.881200000000000045e+02 1.508999999999999986e+01 3.706000000000000227e+01
-7.880499999999999545e+02 3.178999999999999915e+01 1.128999999999999915e+01
-7.883200000000000500e+02 3.685000000000000142e+01 3.389999999999999858e+01
-7.882100000000000364e+02 1.682999999999999829e+01 3.671000000000000085e+01
-7.883300000000000409e+02 3.717000000000000171e+01 3.271000000000000085e+01
-7.882899999999999636e+02 1.075999999999999979e+01 4.200000000000000000e+01
-7.882200000000000273e+02 2.776999999999999957e+01 2.219000000000000128e+01
-7.881200000000000045e+02 3.238000000000000256e+01 1.746000000000000085e+01
-7.878999999999999773e+02 4.446000000000000085e+01 5.999999999999999778e-02
-7.881100000000000136e+02 3.228999999999999915e+01 1.642000000000000171e+01
-7.878200000000000500e+02 2.255999999999999872e+01 1.372000000000000064e+01
-7.883200000000000500e+02 2.903999999999999915e+01 3.661999999999999744e+01
-7.879700000000000273e+02 2.387000000000000099e+01 1.316999999999999993e+01
-7.874299999999999500e+02 3.964999999999999858e+01 5.699999999999999512e-01
-7.881200000000000045e+02 1.465000000000000036e+01 3.742000000000000171e+01
-7.877699999999999818e+02 2.982000000000000028e+01 1.059999999999999964e+01
-7.877100000000000364e+02 4.365999999999999659e+01 0.000000000000000000e+00
-7.880800000000000409e+02 1.637999999999999901e+01 3.621999999999999886e+01
-7.881100000000000136e+02 3.225999999999999801e+01 1.646999999999999886e+01
-7.882400000000000091e+02 2.067999999999999972e+01 3.164000000000000057e+01
-7.883200000000000500e+02 3.814000000000000057e+01 3.261999999999999744e+01
-7.880299999999999727e+02 2.819999999999999929e+01 1.151999999999999957e+01
-7.878799999999999955e+02 4.265999999999999659e+01 1.100000000000000089e+00
-7.883500000000000227e+02 3.850999999999999801e+01 3.618999999999999773e+01
-7.881100000000000136e+02 3.214000000000000057e+01 1.676999999999999957e+01
-7.882200000000000273e+02 2.862000000000000099e+01 2.178999999999999915e+01
-7.879900000000000091e+02 4.102000000000000313e+01 2.410000000000000142e+00
-7.880599999999999454e+02 2.925000000000000000e+01 2.032999999999999829e+01
-7.881399999999999864e+02 2.371999999999999886e+01 2.703000000000000114e+01
-7.879400000000000546e+02 2.362000000000000099e+01 1.456000000000000050e+01
-7.879800000000000182e+02 4.134000000000000341e+01 1.149999999999999911e+00
-7.882000000000000455e+02 2.462999999999999901e+01 2.601999999999999957e+01
-7.881799999999999500e+02 2.860999999999999943e+01 2.119999999999999929e+01
-7.883099999999999454e+02 2.541000000000000014e+01 3.502000000000000313e+01
-7.880900000000000318e+02 1.583000000000000007e+01 3.628000000000000114e+01
-7.879600000000000364e+02 2.573999999999999844e+01 1.101999999999999957e+01
-7.876299999999999955e+02 4.331000000000000227e+01 0.000000000000000000e+00
-7.881399999999999864e+02 3.010999999999999943e+01 1.812000000000000099e+01
-7.880199999999999818e+02 2.703000000000000114e+01 1.166000000000000014e+01
-7.881900000000000546e+02 1.978000000000000114e+01 3.087999999999999901e+01
-7.878099999999999454e+02 2.244999999999999929e+01 1.435999999999999943e+01
-7.878500000000000227e+02 2.285999999999999943e+01 1.662999999999999901e+01
-7.879800000000000182e+02 3.929999999999999716e+01 3.680000000000000160e+00
-7.882799999999999727e+02 2.426999999999999957e+01 3.800000000000000000e+01
-7.881100000000000136e+02 1.302999999999999936e+01 3.834000000000000341e+01
-7.882100000000000364e+02 2.680999999999999872e+01 2.221999999999999886e+01
-7.881599999999999682e+02 2.210999999999999943e+01 2.816000000000000014e+01
-7.881399999999999864e+02 3.370000000000000284e+01 1.728999999999999915e+01
-7.879099999999999682e+02 2.432000000000000028e+01 1.088000000000000078e+01
-7.882200000000000273e+02 2.432999999999999829e+01 2.625000000000000000e+01
-7.882599999999999909e+02 2.126999999999999957e+01 2.835000000000000142e+01
-7.881699999999999591e+02 2.851000000000000156e+01 2.169999999999999929e+01
-7.881499999999999773e+02 1.209999999999999964e+01 3.871000000000000085e+01
