-7.872200000000000273e+02 3.257000000000000028e+01 2.049999999999999822e+00
-7.884299999999999500e+02 3.545000000000000284e+01 3.921999999999999886e+01
-7.881100000000000136e+02 4.150000000000000000e+01 7.450000000000000178e+00
-7.880299999999999727e+02 3.717999999999999972e+01 5.790000000000000036e+00
-7.883400000000000318e+02 1.548000000000000043e+01 4.196000000000000085e+01
-7.879199999999999591e+02 3.232000000000000028e+01 6.950000000000000178e+00
-7.883300000000000409e+02 3.325999999999999801e+01 3.064999999999999858e+01
-7.881299999999999955e+02 3.421999999999999886e+01 1.524000000000000021e+01
-7.874299999999999500e+02 4.029999999999999716e+01 4.299999999999999933e-01
-7.878999999999999773e+02 4.446000000000000085e+01 5.999999999999999778e-02
-7.880199999999999818e+02 2.578999999999999915e+01 1.208999999999999986e+01
-7.878999999999999773e+02 2.321000000000000085e+01 1.410999999999999943e+01
-7.881599999999999682e+02 2.642000000000000171e+01 2.328000000000000114e+01
-7.877100000000000364e+02 4.365999999999999659e+01 0.000000000000000000e+00
-7.882200000000000273e+02 2.862000000000000099e+01 2.178999999999999915e+01
-7.879600000000000364e+02 2.573999999999999844e+01 1.101999999999999957e+01
-7.882100000000000364e+02 1.250999999999999979e+01 3.828000000000000114e+01
-7.883200000000000500e+02 2.119000000000000128e+01 4.089999999999999858e+01
-7.883200000000000500e+02 4.003000000000000114e+01 2.800000000000000000e+01
-7.879500000000000455e+02 3.657999999999999829e+01 2.580000000000000071e+00
-7.881900000000000546e+02 1.978000000000000114e+01 3.087999999999999901e+01
-7.882200000000000273e+02 2.432999999999999829e+01 2.625000000000000000e+01
-7.877599999999999909e+02 2.626000000000000156e+01 6.809999999999999609e+00
-7.875000000000000000e+02 3.026000000000000156e+01 4.400000000000000355e+00
-7.882000000000000455e+02 3.213000000000000256e+01 1.805999999999999872e+01
-7.880199999999999818e+02 4.431000000000000227e+01 4.219999999999999751e+00
-7.880499999999999545e+02 3.030999999999999872e+01 8.849999999999999645e+00
-7.877899999999999636e+02 2.055999999999999872e+01 1.971999999999999886e+01
-7.883899999999999864e+02 4.285999999999999943e+01 3.877000000000000313e+01
-7.883300000000000409e+02 7.070000000000000284e+00 4.375999999999999801e+01
-7.879099999999999682e+02 3.035999999999999943e+01 3.370000000000000107e+00
-7.884099999999999682e+02 2.694999999999999929e+01 4.293999999999999773e+01
-7.879800000000000182e+02 2.232000000000000028e+01 1.887999999999999901e+01
-7.882000000000000455e+02 9.099999999999999645e+00 4.132000000000000028e+01
-7.881200000000000045e+02 3.282000000000000028e+01 9.390000000000000568e+00
-7.883300000000000409e+02 2.846999999999999886e+01 3.763000000000000256e+01
-7.881200000000000045e+02 2.967999999999999972e+01 1.962000000000000099e+01
-7.883899999999999864e+02 2.060999999999999943e+01 4.197999999999999687e+01
-7.879800000000000182e+02 3.725000000000000000e+01 1.939999999999999947e+00
-7.881599999999999682e+02 2.321000000000000085e+01 2.707999999999999829e+01
-7.882999999999999545e+02 8.550000000000000711e+00 4.189999999999999858e+01
-7.880900000000000318e+02 3.906000000000000227e+01 7.950000000000000178e+00
-7.882200000000000273e+02 1.398000000000000043e+01 3.660000000000000142e+01
-7.882699999999999818e+02 2.287000000000000099e+01 3.141000000000000014e+01
-7.879900000000000091e+02 3.764999999999999858e+01 2.020000000000000018e+00
-7.883999999999999773e+02 2.480999999999999872e+01 4.029999999999999716e+01
-7.881799999999999500e+02 3.213000000000000256e+01 1.742999999999999972e+01
-7.880599999999999454e+02 3.285999999999999943e+01 8.300000000000000711e+00
-7.882599999999999909e+02 3.789999999999999858e+01 2.644999999999999929e+01
-7.879800000000000182e+02 3.215999999999999659e+01 7.490000000000000213e+00
-7.879299999999999500e+02 2.221000000000000085e+01 1.785999999999999943e+01
-7.880099999999999909e+02 2.594999999999999929e+01 1.194999999999999929e+01
-7.882000000000000455e+02 2.683999999999999986e+01 2.217000000000000171e+01
-7.876900000000000546e+02 4.102000000000000313e+01 5.500000000000000444e-01
-7.879500000000000455e+02 2.244000000000000128e+01 1.581000000000000050e+01
-7.880099999999999909e+02 2.617000000000000171e+01 1.128999999999999915e+01
-7.875800000000000409e+02 3.845000000000000284e+01 5.899999999999999689e-01
-7.882699999999999818e+02 1.141999999999999993e+01 4.054999999999999716e+01
-7.882599999999999909e+02 9.689999999999999503e+00 4.092000000000000171e+01
-7.881100000000000136e+02 3.246000000000000085e+01 1.628999999999999915e+01
-7.880199999999999818e+02 4.050000000000000000e+01 4.379999999999999893e+00
-7.882799999999999727e+02 3.032999999999999829e+01 3.030999999999999872e+01
-7.881200000000000045e+02 3.613000000000000256e+01 8.189999999999999503e+00
-7.878799999999999955e+02 2.760000000000000142e+01 4.620000000000000107e+00
-7.881699999999999591e+02 3.071000000000000085e+01 1.907999999999999829e+01
-7.877200000000000273e+02 2.035999999999999943e+01 2.678000000000000114e+01
-7.872000000000000455e+02 3.256000000000000227e+01 1.739999999999999991e+00
-7.882500000000000000e+02 1.708999999999999986e+01 3.257999999999999829e+01
-7.884600000000000364e+02 3.465999999999999659e+01 4.264000000000000057e+01
-7.879600000000000364e+02 2.078000000000000114e+01 2.042000000000000171e+01
-7.878099999999999454e+02 2.244999999999999929e+01 1.435999999999999943e+01
-7.882300000000000182e+02 2.441000000000000014e+01 2.521000000000000085e+01
-7.879800000000000182e+02 3.436999999999999744e+01 5.809999999999999609e+00
-7.877799999999999727e+02 2.180000000000000071e+01 1.883999999999999986e+01
-7.883099999999999454e+02 1.714000000000000057e+01 3.196000000000000085e+01
-7.877400000000000091e+02 3.642999999999999972e+01 1.060000000000000053e+00
-7.881000000000000227e+02 3.191000000000000014e+01 1.735999999999999943e+01
-7.883400000000000318e+02 3.019000000000000128e+01 3.735999999999999943e+01
-7.882999999999999545e+02 8.369999999999999218e+00 4.227000000000000313e+01
-7.883099999999999454e+02 1.059999999999999964e+01 4.213000000000000256e+01
-7.882699999999999818e+02 1.344999999999999929e+01 3.727000000000000313e+01
-7.879099999999999682e+02 3.604999999999999716e+01 3.250000000000000000e+00
-7.883700000000000045e+02 2.469000000000000128e+01 3.921999999999999886e+01
-7.880199999999999818e+02 3.336999999999999744e+01 7.589999999999999858e+00
-7.883400000000000318e+02 3.529999999999999716e+01 3.007000000000000028e+01
-7.880399999999999636e+02 3.075000000000000000e+01 7.969999999999999751e+00
-7.881100000000000136e+02 3.214000000000000057e+01 1.676999999999999957e+01
-7.879600000000000364e+02 2.446999999999999886e+01 1.125000000000000000e+01
-7.881699999999999591e+02 2.789999999999999858e+01 2.028000000000000114e+01
-7.880000000000000000e+02 3.882000000000000028e+01 3.740000000000000213e+00
-7.879800000000000182e+02 2.473000000000000043e+01 1.459999999999999964e+01
-7.882200000000000273e+02 2.075000000000000000e+01 3.042000000000000171e+01
-7.883200000000000500e+02 3.668999999999999773e+01 2.808999999999999986e+01
-7.882000000000000455e+02 3.185000000000000142e+01 1.855000000000000071e+01
-7.874600000000000364e+02 4.321999999999999886e+01 0.000000000000000000e+00
-7.883799999999999955e+02 3.489000000000000057e+01 3.768999999999999773e+01
-7.878700000000000045e+02 4.404999999999999716e+01 0.000000000000000000e+00
-7.882899999999999636e+02 2.510999999999999943e+01 3.148000000000000043e+01
-7.879099999999999682e+02 2.216000000000000014e+01 1.942999999999999972e+01
-7.881799999999999500e+02 3.471000000000000085e+01 1.612000000000000099e+01
-7.880399999999999636e+02 4.089000000000000057e+01 5.419999999999999929e+00
-7.882799999999999727e+02 1.147000000000000064e+01 4.132999999999999829e+01
-7.874299999999999500e+02 3.964999999999999858e+01 5.699999999999999512e-01
-7.880299999999999727e+02 2.983999999999999986e+01 7.610000000000000320e+00
-7.876299999999999955e+02 1.939999999999999858e+01 2.925000000000000000e+01
-7.881499999999999773e+02 3.017000000000000171e+01 1.903000000000000114e+01
-7.883400000000000318e+02 2.091000000000000014e+01 4.125999999999999801e+01
-7.876499999999999773e+02 4.164999999999999858e+01 8.000000000000000167e-02
-7.879400000000000546e+02 2.439000000000000057e+01 1.433999999999999986e+01
-7.882400000000000091e+02 2.148000000000000043e+01 2.842999999999999972e+01
-7.881699999999999591e+02 1.458000000000000007e+01 3.553999999999999915e+01
-7.881799999999999500e+02 2.860999999999999943e+01 2.119999999999999929e+01
-7.883300000000000409e+02 3.092999999999999972e+01 3.306000000000000227e+01
-7.878999999999999773e+02 4.261999999999999744e+01 6.300000000000000044e-01
-7.882899999999999636e+02 4.278999999999999915e+01 2.737999999999999901e+01
-7.880299999999999727e+02 2.698999999999999844e+01 9.779999999999999361e+00
-7.882799999999999727e+02 8.449999999999999289e+00 4.206000000000000227e+01
-7.880000000000000000e+02 2.541000000000000014e+01 1.185999999999999943e+01
-7.879099999999999682e+02 2.432000000000000028e+01 1.088000000000000078e+01
-7.879299999999999500e+02 4.010000000000000142e+01 1.250000000000000000e+00
-7.879600000000000364e+02 3.410999999999999943e+01 5.599999999999999645e+00
-7.881100000000000136e+02 3.228999999999999915e+01 1.642000000000000171e+01
-7.880399999999999636e+02 4.096999999999999886e+01 5.009999999999999787e+00
-7.882000000000000455e+02 2.948000000000000043e+01 2.012000000000000099e+01
-7.883400000000000318e+02 8.480000000000000426e+00 4.372999999999999687e+01
-7.882699999999999818e+02 3.277000000000000313e+01 2.964000000000000057e+01
-7.878899999999999864e+02 2.255000000000000071e+01 1.535999999999999943e+01
-7.881399999999999864e+02 2.371999999999999886e+01 2.703000000000000114e+01
