-7.879600000000000364e+02 2.446999999999999886e+01 1.125000000000000000e+01
-7.883899999999999864e+02 2.060999999999999943e+01 4.197999999999999687e+01
-7.884299999999999500e+02 3.545000000000000284e+01 3.921999999999999886e+01
-7.882200000000000273e+02 2.075000000000000000e+01 3.042000000000000171e+01
-7.881699999999999591e+02 1.458000000000000007e+01 3.553999999999999915e+01
-7.874900000000000091e+02 4.288000000000000256e+01 5.999999999999999778e-02
-7.882899999999999636e+02 7.879999999999999893e+00 4.221999999999999886e+01
-7.882100000000000364e+02 2.939000000000000057e+01 2.001999999999999957e+01
-7.881000000000000227e+02 3.191000000000000014e+01 1.735999999999999943e+01
-7.876299999999999955e+02 1.939999999999999858e+01 2.925000000000000000e+01
-7.881900000000000546e+02 2.426000000000000156e+01 2.571999999999999886e+01
-7.878799999999999955e+02 2.760000000000000142e+01 4.620000000000000107e+00
-7.882899999999999636e+02 2.510999999999999943e+01 3.148000000000000043e+01
-7.881100000000000136e+02 4.150000000000000000e+01 7.450000000000000178e+00
-7.877699999999999818e+02 3.689000000000000057e+01 1.600000000000000033e-01
-7.877899999999999636e+02 2.055999999999999872e+01 1.971999999999999886e+01
-7.878099999999999454e+02 2.244999999999999929e+01 1.435999999999999943e+01
-7.879099999999999682e+02 4.300000000000000000e+01 0.000000000000000000e+00
-7.881100000000000136e+02 2.566000000000000014e+01 2.407999999999999829e+01
-7.882799999999999727e+02 1.372000000000000064e+01 4.021000000000000085e+01
-7.883500000000000227e+02 8.310000000000000497e+00 4.367000000000000171e+01
-7.880299999999999727e+02 2.698999999999999844e+01 9.779999999999999361e+00
-7.882000000000000455e+02 9.099999999999999645e+00 4.132000000000000028e+01
-7.882899999999999636e+02 4.278999999999999915e+01 2.737999999999999901e+01
-7.883700000000000045e+02 2.469000000000000128e+01 3.921999999999999886e+01
-7.872000000000000455e+02 3.256000000000000227e+01 1.739999999999999991e+00
-7.878099999999999454e+02 2.739999999999999858e+01 6.950000000000000178e+00
-7.879600000000000364e+02 2.078000000000000114e+01 2.042000000000000171e+01
-7.880599999999999454e+02 3.285999999999999943e+01 8.300000000000000711e+00
-7.883099999999999454e+02 1.714000000000000057e+01 3.196000000000000085e+01
-7.880599999999999454e+02 4.002000000000000313e+01 3.459999999999999964e+00
-7.879800000000000182e+02 3.234000000000000341e+01 2.990000000000000213e+00
-7.883600000000000136e+02 3.058999999999999986e+01 3.001999999999999957e+01
-7.881200000000000045e+02 3.282000000000000028e+01 9.390000000000000568e+00
-7.883200000000000500e+02 4.003000000000000114e+01 2.800000000000000000e+01
-7.880299999999999727e+02 2.983999999999999986e+01 7.610000000000000320e+00
-7.879800000000000182e+02 2.232000000000000028e+01 1.887999999999999901e+01
-7.883700000000000045e+02 1.099000000000000021e+01 4.538000000000000256e+01
-7.882899999999999636e+02 3.246999999999999886e+01 2.948000000000000043e+01
-7.881799999999999500e+02 3.471000000000000085e+01 1.612000000000000099e+01
-7.884500000000000455e+02 2.846000000000000085e+01 4.414000000000000057e+01
-7.875000000000000000e+02 3.026000000000000156e+01 4.400000000000000355e+00
-7.883300000000000409e+02 7.070000000000000284e+00 4.375999999999999801e+01
-7.872200000000000273e+02 3.257000000000000028e+01 2.049999999999999822e+00
-7.883999999999999773e+02 2.480999999999999872e+01 4.029999999999999716e+01
-7.879400000000000546e+02 2.112999999999999901e+01 1.497000000000000064e+01
-7.878899999999999864e+02 3.030999999999999872e+01 3.270000000000000018e+00
-7.877699999999999818e+02 1.960000000000000142e+01 3.057999999999999829e+01
-7.883200000000000500e+02 2.891000000000000014e+01 3.259000000000000341e+01
-7.879299999999999500e+02 3.664999999999999858e+01 6.300000000000000044e-01
-7.879600000000000364e+02 3.660000000000000142e+01 2.229999999999999982e+00
-7.883999999999999773e+02 3.713000000000000256e+01 3.853999999999999915e+01
-7.881599999999999682e+02 3.681000000000000227e+01 1.352999999999999936e+01
-7.881799999999999500e+02 2.860999999999999943e+01 2.119999999999999929e+01
-7.881100000000000136e+02 3.246000000000000085e+01 1.628999999999999915e+01
-7.882799999999999727e+02 1.867999999999999972e+01 3.078999999999999915e+01
-7.883300000000000409e+02 2.001999999999999957e+01 4.185999999999999943e+01
-7.880900000000000318e+02 3.906000000000000227e+01 7.950000000000000178e+00
-7.882599999999999909e+02 3.789999999999999858e+01 2.644999999999999929e+01
-7.879400000000000546e+02 2.439000000000000057e+01 1.433999999999999986e+01
-7.880499999999999545e+02 3.030999999999999872e+01 8.849999999999999645e+00
-7.879900000000000091e+02 2.233999999999999986e+01 1.500999999999999979e+01
-7.882000000000000455e+02 3.213000000000000256e+01 1.805999999999999872e+01
-7.884400000000000546e+02 2.392999999999999972e+01 4.265999999999999659e+01
-7.880599999999999454e+02 3.671000000000000085e+01 4.559999999999999609e+00
-7.877599999999999909e+02 2.626000000000000156e+01 6.809999999999999609e+00
-7.882300000000000182e+02 2.441000000000000014e+01 2.521000000000000085e+01
-7.884199999999999591e+02 9.210000000000000853e+00 4.670000000000000284e+01
-7.880199999999999818e+02 2.578999999999999915e+01 1.208999999999999986e+01
-7.882799999999999727e+02 1.089000000000000057e+01 4.054999999999999716e+01
-7.883200000000000500e+02 3.668999999999999773e+01 2.808999999999999986e+01
-7.882200000000000273e+02 1.394999999999999929e+01 3.660000000000000142e+01
-7.882400000000000091e+02 2.148000000000000043e+01 2.842999999999999972e+01
-7.883300000000000409e+02 1.291999999999999993e+01 4.353000000000000114e+01
-7.876499999999999773e+02 4.164999999999999858e+01 8.000000000000000167e-02
-7.883200000000000500e+02 3.496000000000000085e+01 2.978000000000000114e+01
-7.882699999999999818e+02 2.844000000000000128e+01 3.053000000000000114e+01
-7.880399999999999636e+02 4.372999999999999687e+01 2.500000000000000000e+00
-7.882500000000000000e+02 1.708999999999999986e+01 3.257999999999999829e+01
-7.883200000000000500e+02 7.650000000000000355e+00 4.296999999999999886e+01
-7.879099999999999682e+02 3.035999999999999943e+01 3.370000000000000107e+00
-7.881299999999999955e+02 3.343999999999999773e+01 1.476999999999999957e+01
-7.882100000000000364e+02 2.326000000000000156e+01 2.655000000000000071e+01
-7.883500000000000227e+02 2.010999999999999943e+01 4.060999999999999943e+01
-7.880700000000000500e+02 3.041000000000000014e+01 1.446000000000000085e+01
-7.884500000000000455e+02 2.425000000000000000e+01 4.589999999999999858e+01
-7.883500000000000227e+02 2.344999999999999929e+01 3.575999999999999801e+01
-7.882100000000000364e+02 1.250999999999999979e+01 3.828000000000000114e+01
-7.883099999999999454e+02 3.977000000000000313e+01 2.794999999999999929e+01
-7.880199999999999818e+02 3.336999999999999744e+01 7.589999999999999858e+00
-7.877400000000000091e+02 3.642999999999999972e+01 1.060000000000000053e+00
-7.877799999999999727e+02 1.962999999999999901e+01 2.121999999999999886e+01
-7.883400000000000318e+02 1.548000000000000043e+01 4.196000000000000085e+01
-7.882200000000000273e+02 2.862000000000000099e+01 2.178999999999999915e+01
-7.878600000000000136e+02 4.211999999999999744e+01 4.099999999999999756e-01
-7.881100000000000136e+02 3.214000000000000057e+01 1.676999999999999957e+01
-7.879500000000000455e+02 3.657999999999999829e+01 2.580000000000000071e+00
-7.881599999999999682e+02 3.375000000000000000e+01 1.666000000000000014e+01
-7.879600000000000364e+02 2.573999999999999844e+01 1.101999999999999957e+01
-7.882500000000000000e+02 1.021000000000000085e+01 4.050000000000000000e+01
-7.883700000000000045e+02 3.264000000000000057e+01 3.546999999999999886e+01
-7.881200000000000045e+02 3.613000000000000256e+01 8.189999999999999503e+00
-7.881499999999999773e+02 3.141000000000000014e+01 1.810999999999999943e+01
-7.880099999999999909e+02 2.617000000000000171e+01 1.128999999999999915e+01
-7.879099999999999682e+02 2.432000000000000028e+01 1.088000000000000078e+01
-7.883500000000000227e+02 2.221999999999999886e+01 4.059000000000000341e+01
-7.882899999999999636e+02 2.908999999999999986e+01 3.019000000000000128e+01
-7.879800000000000182e+02 3.003999999999999915e+01 5.379999999999999893e+00
-7.881699999999999591e+02 3.679999999999999716e+01 1.455000000000000071e+01
-7.884700000000000273e+02 2.951999999999999957e+01 4.085000000000000142e+01
-7.881699999999999591e+02 2.782999999999999829e+01 2.135999999999999943e+01
-7.879099999999999682e+02 2.942999999999999972e+01 4.419999999999999929e+00
-7.881799999999999500e+02 1.566000000000000014e+01 3.445000000000000284e+01
-7.882899999999999636e+02 8.230000000000000426e+00 4.189999999999999858e+01
-7.879199999999999591e+02 3.342000000000000171e+01 2.109999999999999876e+00
-7.879800000000000182e+02 3.932000000000000028e+01 1.800000000000000044e+00
-7.883799999999999955e+02 3.489000000000000057e+01 3.768999999999999773e+01
-7.880800000000000409e+02 4.152000000000000313e+01 7.309999999999999609e+00
-7.882699999999999818e+02 1.346000000000000085e+01 3.725999999999999801e+01
-7.880599999999999454e+02 3.559000000000000341e+01 5.339999999999999858e+00
-7.880399999999999636e+02 3.075000000000000000e+01 7.969999999999999751e+00
-7.882400000000000091e+02 2.426999999999999957e+01 2.567999999999999972e+01
-7.880000000000000000e+02 3.385000000000000142e+01 7.139999999999999680e+00
-7.881900000000000546e+02 2.926999999999999957e+01 2.067999999999999972e+01
-7.879800000000000182e+02 2.473000000000000043e+01 1.459999999999999964e+01
-7.882999999999999545e+02 8.369999999999999218e+00 4.227000000000000313e+01
-7.880000000000000000e+02 3.882000000000000028e+01 3.740000000000000213e+00
-7.881599999999999682e+02 2.642000000000000171e+01 2.328000000000000114e+01
