-7.876699999999999591e+02 1.821000000000000085e+01 2.742999999999999972e+01
-7.881900000000000546e+02 3.076999999999999957e+01 1.844999999999999929e+01
-7.880399999999999636e+02 2.444000000000000128e+01 1.509999999999999964e+01
-7.882899999999999636e+02 1.368999999999999950e+01 3.465999999999999659e+01
-7.880800000000000409e+02 3.678999999999999915e+01 3.640000000000000124e+00
-7.882100000000000364e+02 1.971000000000000085e+01 2.926000000000000156e+01
-7.881499999999999773e+02 3.884000000000000341e+01 1.031000000000000050e+01
-7.878899999999999864e+02 2.867000000000000171e+01 4.360000000000000320e+00
-7.883799999999999955e+02 2.925000000000000000e+01 3.784000000000000341e+01
-7.884500000000000455e+02 2.923000000000000043e+01 4.117000000000000171e+01
-7.881299999999999955e+02 3.343999999999999773e+01 1.476999999999999957e+01
-7.882999999999999545e+02 1.842000000000000171e+01 3.183999999999999986e+01
-7.879900000000000091e+02 3.325000000000000000e+01 4.500000000000000000e+00
-7.884299999999999500e+02 3.545000000000000284e+01 3.921999999999999886e+01
-7.882100000000000364e+02 9.570000000000000284e+00 4.061999999999999744e+01
-7.879900000000000091e+02 2.108999999999999986e+01 1.325000000000000000e+01
-7.883700000000000045e+02 3.378999999999999915e+01 2.978999999999999915e+01
-7.880900000000000318e+02 3.114000000000000057e+01 8.689999999999999503e+00
-7.881399999999999864e+02 2.526999999999999957e+01 2.364999999999999858e+01
-7.879099999999999682e+02 4.300000000000000000e+01 0.000000000000000000e+00
-7.881900000000000546e+02 3.585999999999999943e+01 1.455000000000000071e+01
-7.880000000000000000e+02 4.525999999999999801e+01 1.600000000000000089e+00
-7.885299999999999727e+02 3.173999999999999844e+01 4.431000000000000227e+01
-7.876900000000000546e+02 3.442999999999999972e+01 1.620000000000000107e+00
-7.883700000000000045e+02 8.589999999999999858e+00 4.535999999999999943e+01
-7.882999999999999545e+02 3.818999999999999773e+01 2.741000000000000014e+01
-7.877699999999999818e+02 3.689000000000000057e+01 1.600000000000000033e-01
-7.872000000000000455e+02 3.256000000000000227e+01 1.739999999999999991e+00
-7.882100000000000364e+02 2.476999999999999957e+01 2.473000000000000043e+01
-7.882899999999999636e+02 7.190000000000000391e+00 4.214000000000000057e+01
-7.883400000000000318e+02 2.041000000000000014e+01 4.002000000000000313e+01
-7.883700000000000045e+02 1.198000000000000043e+01 4.520000000000000284e+01
-7.884500000000000455e+02 2.060999999999999943e+01 4.407999999999999829e+01
-7.881900000000000546e+02 1.775000000000000000e+01 3.384000000000000341e+01
-7.882699999999999818e+02 2.387999999999999901e+01 2.642999999999999972e+01
-7.881399999999999864e+02 2.928999999999999915e+01 1.971000000000000085e+01
-7.884199999999999591e+02 9.210000000000000853e+00 4.670000000000000284e+01
-7.879600000000000364e+02 2.675000000000000000e+01 9.550000000000000711e+00
-7.883200000000000500e+02 2.235999999999999943e+01 3.098999999999999844e+01
-7.880800000000000409e+02 3.007000000000000028e+01 9.130000000000000782e+00
-7.878400000000000318e+02 1.642999999999999972e+01 2.830000000000000071e+01
-7.881299999999999955e+02 3.571999999999999886e+01 8.199999999999999289e+00
-7.881599999999999682e+02 9.720000000000000639e+00 4.057000000000000028e+01
-7.881100000000000136e+02 2.575000000000000000e+01 2.285000000000000142e+01
-7.879800000000000182e+02 3.234000000000000341e+01 2.990000000000000213e+00
-7.876499999999999773e+02 4.164999999999999858e+01 8.000000000000000167e-02
-7.883999999999999773e+02 3.235999999999999943e+01 3.617000000000000171e+01
-7.882300000000000182e+02 2.253000000000000114e+01 2.798000000000000043e+01
-7.882599999999999909e+02 2.394999999999999929e+01 2.569999999999999929e+01
-7.881599999999999682e+02 3.182000000000000028e+01 1.725000000000000000e+01
-7.881799999999999500e+02 3.611999999999999744e+01 1.442999999999999972e+01
-7.884700000000000273e+02 2.148999999999999844e+01 4.454999999999999716e+01
-7.883899999999999864e+02 2.060999999999999943e+01 4.197999999999999687e+01
-7.881900000000000546e+02 3.353999999999999915e+01 1.694999999999999929e+01
-7.878899999999999864e+02 2.976000000000000156e+01 3.529999999999999805e+00
-7.881200000000000045e+02 3.638000000000000256e+01 5.900000000000000355e+00
-7.882500000000000000e+02 1.021000000000000085e+01 4.050000000000000000e+01
-7.880299999999999727e+02 2.698999999999999844e+01 9.779999999999999361e+00
-7.884199999999999591e+02 2.737999999999999901e+01 3.907999999999999829e+01
-7.881900000000000546e+02 2.405000000000000071e+01 2.485999999999999943e+01
-7.883600000000000136e+02 3.005999999999999872e+01 3.194000000000000128e+01
-7.880000000000000000e+02 2.219000000000000128e+01 1.210999999999999943e+01
-7.881399999999999864e+02 1.671999999999999886e+01 3.439999999999999858e+01
-7.883200000000000500e+02 3.239999999999999858e+01 2.948000000000000043e+01
-7.883600000000000136e+02 8.550000000000000711e+00 4.353999999999999915e+01
-7.878600000000000136e+02 4.211999999999999744e+01 4.099999999999999756e-01
-7.883600000000000136e+02 1.683999999999999986e+01 4.257999999999999829e+01
-7.872200000000000273e+02 3.257000000000000028e+01 2.049999999999999822e+00
-7.883300000000000409e+02 7.950000000000000178e+00 4.353999999999999915e+01
-7.879500000000000455e+02 3.026999999999999957e+01 4.509999999999999787e+00
-7.878099999999999454e+02 2.739999999999999858e+01 6.950000000000000178e+00
-7.881200000000000045e+02 3.678999999999999915e+01 5.820000000000000284e+00
-7.882500000000000000e+02 2.278000000000000114e+01 2.673000000000000043e+01
-7.882000000000000455e+02 2.998999999999999844e+01 1.982999999999999829e+01
-7.882699999999999818e+02 8.419999999999999929e+00 4.128000000000000114e+01
-7.882300000000000182e+02 8.380000000000000782e+00 4.175000000000000000e+01
-7.879299999999999500e+02 3.664999999999999858e+01 6.300000000000000044e-01
-7.881299999999999955e+02 4.128000000000000114e+01 7.610000000000000320e+00
-7.881200000000000045e+02 3.271999999999999886e+01 9.050000000000000711e+00
-7.881900000000000546e+02 2.935999999999999943e+01 2.153000000000000114e+01
-7.880099999999999909e+02 2.435999999999999943e+01 1.083999999999999986e+01
-7.883899999999999864e+02 2.167000000000000171e+01 3.986999999999999744e+01
-7.881100000000000136e+02 2.746000000000000085e+01 2.242999999999999972e+01
-7.881699999999999591e+02 3.659000000000000341e+01 1.288000000000000078e+01
-7.877799999999999727e+02 1.962999999999999901e+01 2.121999999999999886e+01
-7.883400000000000318e+02 3.182999999999999829e+01 2.966000000000000014e+01
-7.884199999999999591e+02 1.973999999999999844e+01 4.221000000000000085e+01
-7.882400000000000091e+02 1.249000000000000021e+01 3.734000000000000341e+01
-7.882200000000000273e+02 1.776000000000000156e+01 3.211999999999999744e+01
-7.883799999999999955e+02 9.810000000000000497e+00 4.579999999999999716e+01
-7.883500000000000227e+02 2.294000000000000128e+01 3.339999999999999858e+01
-7.882899999999999636e+02 1.985000000000000142e+01 3.010999999999999943e+01
-7.883799999999999955e+02 1.558000000000000007e+01 4.339000000000000057e+01
-7.884299999999999500e+02 2.885999999999999943e+01 3.988000000000000256e+01
-7.883400000000000318e+02 2.775000000000000000e+01 3.060999999999999943e+01
-7.879299999999999500e+02 3.137000000000000099e+01 4.410000000000000142e+00
-7.878999999999999773e+02 3.467999999999999972e+01 1.389999999999999902e+00
-7.883999999999999773e+02 2.480999999999999872e+01 4.029999999999999716e+01
-7.881000000000000227e+02 2.982999999999999829e+01 9.369999999999999218e+00
-7.881599999999999682e+02 3.289999999999999858e+01 1.710999999999999943e+01
-7.882599999999999909e+02 2.689999999999999858e+01 2.276000000000000156e+01
-7.883500000000000227e+02 1.700000000000000000e+01 4.202000000000000313e+01
-7.881699999999999591e+02 9.910000000000000142e+00 4.022999999999999687e+01
-7.878999999999999773e+02 2.055999999999999872e+01 1.814000000000000057e+01
-7.882100000000000364e+02 2.212000000000000099e+01 2.794999999999999929e+01
-7.883300000000000409e+02 2.266000000000000014e+01 2.994999999999999929e+01
-7.880800000000000409e+02 3.314999999999999858e+01 5.530000000000000249e+00
-7.880199999999999818e+02 2.319000000000000128e+01 1.085999999999999943e+01
-7.883500000000000227e+02 8.310000000000000497e+00 4.367000000000000171e+01
-7.883400000000000318e+02 3.514000000000000057e+01 2.796999999999999886e+01
-7.883500000000000227e+02 2.180000000000000071e+01 3.457000000000000028e+01
-7.884700000000000273e+02 2.437000000000000099e+01 4.375000000000000000e+01
-7.883300000000000409e+02 1.128999999999999915e+01 3.810000000000000142e+01
-7.878400000000000318e+02 2.660000000000000142e+01 7.099999999999999645e+00
-7.880099999999999909e+02 2.069999999999999929e+01 1.660999999999999943e+01
-7.874900000000000091e+02 4.288000000000000256e+01 5.999999999999999778e-02
-7.883400000000000318e+02 1.548000000000000043e+01 4.196000000000000085e+01
-7.879299999999999500e+02 3.421999999999999886e+01 2.859999999999999876e+00
-7.880900000000000318e+02 3.178000000000000114e+01 6.969999999999999751e+00
-7.884400000000000546e+02 2.392999999999999972e+01 4.265999999999999659e+01
-7.883700000000000045e+02 3.336999999999999744e+01 2.996000000000000085e+01
-7.880599999999999454e+02 3.671000000000000085e+01 4.559999999999999609e+00
-7.882699999999999818e+02 1.302999999999999936e+01 3.729999999999999716e+01
-7.883500000000000227e+02 2.087000000000000099e+01 3.565999999999999659e+01
-7.882699999999999818e+02 2.196000000000000085e+01 2.832999999999999829e+01
-7.878899999999999864e+02 3.030999999999999872e+01 3.270000000000000018e+00
-7.882599999999999909e+02 2.717000000000000171e+01 2.257000000000000028e+01
-7.883799999999999955e+02 2.650000000000000000e+01 3.850000000000000000e+01
