-7.881399999999999864e+02 2.526999999999999957e+01 2.364999999999999858e+01
-7.882899999999999636e+02 7.190000000000000391e+00 4.214000000000000057e+01
-7.879099999999999682e+02 4.300000000000000000e+01 0.000000000000000000e+00
-7.884199999999999591e+02 9.210000000000000853e+00 4.670000000000000284e+01
-7.881499999999999773e+02 3.884000000000000341e+01 1.031000000000000050e+01
-7.876900000000000546e+02 3.442999999999999972e+01 1.620000000000000107e+00
-7.881299999999999955e+02 3.343999999999999773e+01 1.476999999999999957e+01
-7.884199999999999591e+02 1.214000000000000057e+01 4.634000000000000341e+01
-7.880499999999999545e+02 2.537999999999999901e+01 1.401999999999999957e+01
-7.880800000000000409e+02 3.678999999999999915e+01 3.640000000000000124e+00
-7.883600000000000136e+02 1.992000000000000171e+01 4.057000000000000028e+01
-7.876699999999999591e+02 1.821000000000000085e+01 2.742999999999999972e+01
-7.880900000000000318e+02 3.114000000000000057e+01 8.689999999999999503e+00
-7.882200000000000273e+02 2.667000000000000171e+01 2.423000000000000043e+01
-7.883799999999999955e+02 2.925000000000000000e+01 3.784000000000000341e+01
-7.881900000000000546e+02 3.585999999999999943e+01 1.455000000000000071e+01
-7.883700000000000045e+02 8.589999999999999858e+00 4.535999999999999943e+01
-7.879600000000000364e+02 2.675000000000000000e+01 9.550000000000000711e+00
-7.879900000000000091e+02 3.310000000000000142e+01 3.520000000000000018e+00
-7.880800000000000409e+02 2.769999999999999929e+01 2.114000000000000057e+01
-7.882999999999999545e+02 3.818999999999999773e+01 2.741000000000000014e+01
-7.884500000000000455e+02 2.921999999999999886e+01 4.117000000000000171e+01
-7.882100000000000364e+02 1.971000000000000085e+01 2.926000000000000156e+01
-7.882200000000000273e+02 8.570000000000000284e+00 4.110000000000000142e+01
-7.877699999999999818e+02 3.689000000000000057e+01 1.600000000000000033e-01
-7.882799999999999727e+02 2.364999999999999858e+01 2.639000000000000057e+01
-7.884500000000000455e+02 2.060999999999999943e+01 4.407999999999999829e+01
-7.879900000000000091e+02 2.108999999999999986e+01 1.325000000000000000e+01
-7.883799999999999955e+02 1.558000000000000007e+01 4.339000000000000057e+01
-7.883200000000000500e+02 1.443999999999999950e+01 3.493999999999999773e+01
-7.882100000000000364e+02 1.737000000000000099e+01 3.259000000000000341e+01
-7.872000000000000455e+02 3.256000000000000227e+01 1.739999999999999991e+00
-7.882100000000000364e+02 2.998000000000000043e+01 1.925000000000000000e+01
-7.885199999999999818e+02 3.133999999999999986e+01 4.407000000000000028e+01
-7.884299999999999500e+02 3.545000000000000284e+01 3.921999999999999886e+01
-7.879099999999999682e+02 2.767000000000000171e+01 5.240000000000000213e+00
-7.883700000000000045e+02 3.378999999999999915e+01 2.978999999999999915e+01
-7.880000000000000000e+02 4.525999999999999801e+01 1.600000000000000089e+00
-7.882999999999999545e+02 1.842000000000000171e+01 3.183999999999999986e+01
-7.880000000000000000e+02 2.219000000000000128e+01 1.210999999999999943e+01
-7.881699999999999591e+02 9.910000000000000142e+00 4.022999999999999687e+01
-7.883500000000000227e+02 2.294000000000000128e+01 3.339999999999999858e+01
-7.882599999999999909e+02 2.394999999999999929e+01 2.569999999999999929e+01
-7.872200000000000273e+02 3.257000000000000028e+01 2.049999999999999822e+00
-7.883799999999999955e+02 9.810000000000000497e+00 4.579999999999999716e+01
-7.881799999999999500e+02 3.611999999999999744e+01 1.442999999999999972e+01
-7.883899999999999864e+02 3.628000000000000114e+01 3.379999999999999716e+01
-7.881599999999999682e+02 3.182000000000000028e+01 1.725000000000000000e+01
-7.878999999999999773e+02 3.467999999999999972e+01 1.389999999999999902e+00
-7.881200000000000045e+02 3.638000000000000256e+01 5.900000000000000355e+00
-7.882799999999999727e+02 9.630000000000000782e+00 4.065999999999999659e+01
-7.880399999999999636e+02 2.444000000000000128e+01 1.509999999999999964e+01
-7.878400000000000318e+02 1.642999999999999972e+01 2.830000000000000071e+01
-7.881399999999999864e+02 2.928999999999999915e+01 1.971000000000000085e+01
-7.881399999999999864e+02 1.026999999999999957e+01 4.009000000000000341e+01
-7.882500000000000000e+02 1.248000000000000043e+01 3.734000000000000341e+01
-7.884400000000000546e+02 2.392999999999999972e+01 4.265999999999999659e+01
-7.881900000000000546e+02 3.076999999999999957e+01 1.844999999999999929e+01
-7.879500000000000455e+02 3.026999999999999957e+01 4.509999999999999787e+00
-7.881299999999999955e+02 4.128000000000000114e+01 7.610000000000000320e+00
-7.882899999999999636e+02 1.928000000000000114e+01 3.021000000000000085e+01
-7.878600000000000136e+02 4.211999999999999744e+01 4.099999999999999756e-01
-7.880099999999999909e+02 2.435999999999999943e+01 1.083999999999999986e+01
-7.884600000000000364e+02 2.823999999999999844e+01 4.163000000000000256e+01
-7.878400000000000318e+02 2.660000000000000142e+01 7.099999999999999645e+00
-7.881900000000000546e+02 2.405000000000000071e+01 2.485999999999999943e+01
-7.885299999999999727e+02 3.173999999999999844e+01 4.431000000000000227e+01
-7.883500000000000227e+02 2.014999999999999858e+01 3.492999999999999972e+01
-7.883999999999999773e+02 3.235999999999999943e+01 3.617000000000000171e+01
-7.883700000000000045e+02 1.644999999999999929e+01 4.195000000000000284e+01
-7.880900000000000318e+02 3.178000000000000114e+01 6.969999999999999751e+00
-7.882300000000000182e+02 2.253000000000000114e+01 2.798000000000000043e+01
-7.883700000000000045e+02 3.336999999999999744e+01 2.996000000000000085e+01
-7.883300000000000409e+02 2.266000000000000014e+01 2.994999999999999929e+01
-7.882699999999999818e+02 1.543999999999999950e+01 3.450999999999999801e+01
-7.879800000000000182e+02 3.234000000000000341e+01 2.990000000000000213e+00
-7.884700000000000273e+02 2.148999999999999844e+01 4.454999999999999716e+01
-7.878999999999999773e+02 2.055999999999999872e+01 1.814000000000000057e+01
-7.884600000000000364e+02 2.748999999999999844e+01 4.174000000000000199e+01
-7.882100000000000364e+02 2.212000000000000099e+01 2.794999999999999929e+01
-7.881900000000000546e+02 3.353999999999999915e+01 1.694999999999999929e+01
-7.880800000000000409e+02 3.314999999999999858e+01 5.530000000000000249e+00
-7.882200000000000273e+02 1.776000000000000156e+01 3.211999999999999744e+01
-7.882300000000000182e+02 8.380000000000000782e+00 4.175000000000000000e+01
-7.881599999999999682e+02 3.214999999999999858e+01 1.683999999999999986e+01
-7.883400000000000318e+02 1.907000000000000028e+01 4.139999999999999858e+01
-7.879400000000000546e+02 3.112999999999999901e+01 2.700000000000000178e+00
-7.880800000000000409e+02 3.101999999999999957e+01 7.750000000000000000e+00
-7.883999999999999773e+02 1.052999999999999936e+01 4.375999999999999801e+01
-7.878899999999999864e+02 3.030999999999999872e+01 3.270000000000000018e+00
-7.882699999999999818e+02 8.419999999999999929e+00 4.128000000000000114e+01
-7.882799999999999727e+02 2.164999999999999858e+01 2.812999999999999901e+01
-7.883600000000000136e+02 1.621000000000000085e+01 4.156000000000000227e+01
-7.881299999999999955e+02 3.571999999999999886e+01 8.199999999999999289e+00
-7.882400000000000091e+02 2.914999999999999858e+01 2.089000000000000057e+01
-7.883400000000000318e+02 2.775000000000000000e+01 3.060999999999999943e+01
-7.872200000000000273e+02 3.514999999999999858e+01 2.000000000000000111e-01
-7.881100000000000136e+02 2.575000000000000000e+01 2.285000000000000142e+01
-7.880299999999999727e+02 2.698999999999999844e+01 9.779999999999999361e+00
-7.881200000000000045e+02 3.678999999999999915e+01 5.820000000000000284e+00
-7.876499999999999773e+02 4.164999999999999858e+01 8.000000000000000167e-02
-7.881200000000000045e+02 3.271999999999999886e+01 9.050000000000000711e+00
-7.883899999999999864e+02 2.060999999999999943e+01 4.197999999999999687e+01
-7.881399999999999864e+02 1.671999999999999886e+01 3.439999999999999858e+01
-7.880199999999999818e+02 2.319000000000000128e+01 1.085999999999999943e+01
-7.878899999999999864e+02 2.867000000000000171e+01 4.360000000000000320e+00
-7.883099999999999454e+02 2.935999999999999943e+01 2.944999999999999929e+01
-7.884299999999999500e+02 2.757000000000000028e+01 4.009000000000000341e+01
-7.882899999999999636e+02 1.368999999999999950e+01 3.465999999999999659e+01
-7.882500000000000000e+02 2.278000000000000114e+01 2.673000000000000043e+01
-7.883300000000000409e+02 7.950000000000000178e+00 4.353999999999999915e+01
-7.881599999999999682e+02 3.137999999999999901e+01 1.748999999999999844e+01
-7.877799999999999727e+02 1.962999999999999901e+01 2.121999999999999886e+01
-7.884199999999999591e+02 1.973999999999999844e+01 4.221000000000000085e+01
-7.882300000000000182e+02 2.892000000000000171e+01 2.155000000000000071e+01
-7.883799999999999955e+02 2.650000000000000000e+01 3.850000000000000000e+01
-7.883400000000000318e+02 1.548000000000000043e+01 4.196000000000000085e+01
-7.882699999999999818e+02 1.892000000000000171e+01 3.126999999999999957e+01
-7.881900000000000546e+02 3.130000000000000071e+01 1.801999999999999957e+01
-7.883200000000000500e+02 3.239999999999999858e+01 2.948000000000000043e+01
-7.881100000000000136e+02 2.746000000000000085e+01 2.242999999999999972e+01
-7.881599999999999682e+02 9.720000000000000639e+00 4.057000000000000028e+01
-7.884099999999999682e+02 1.039000000000000057e+01 4.632000000000000028e+01
-7.881699999999999591e+02 3.659000000000000341e+01 1.288000000000000078e+01
-7.882100000000000364e+02 9.570000000000000284e+00 4.061999999999999744e+01
-7.880800000000000409e+02 3.007000000000000028e+01 9.130000000000000782e+00
-7.882100000000000364e+02 2.764000000000000057e+01 2.232000000000000028e+01
-7.882200000000000273e+02 1.801999999999999957e+01 3.192000000000000171e+01
