-7.877699999999999818e+02 3.689000000000000057e+01 1.600000000000000033e-01
-7.884299999999999500e+02 3.545000000000000284e+01 3.921999999999999886e+01
-7.880900000000000318e+02 3.114000000000000057e+01 8.689999999999999503e+00
-7.878700000000000045e+02 1.921999999999999886e+01 2.696000000000000085e+01
-7.882999999999999545e+02 3.818999999999999773e+01 2.741000000000000014e+01
-7.883600000000000136e+02 2.087000000000000099e+01 4.053000000000000114e+01
-7.879600000000000364e+02 2.675000000000000000e+01 9.550000000000000711e+00
-7.884299999999999500e+02 2.757000000000000028e+01 4.009000000000000341e+01
-7.882200000000000273e+02 1.485999999999999943e+01 3.418999999999999773e+01
-7.882999999999999545e+02 2.423000000000000043e+01 2.857999999999999829e+01
-7.881499999999999773e+02 3.884000000000000341e+01 1.031000000000000050e+01
-7.883700000000000045e+02 3.378999999999999915e+01 2.978999999999999915e+01
-7.878400000000000318e+02 1.642999999999999972e+01 2.830000000000000071e+01
-7.884500000000000455e+02 2.060999999999999943e+01 4.407999999999999829e+01
-7.884199999999999591e+02 9.210000000000000853e+00 4.670000000000000284e+01
-7.883500000000000227e+02 2.401999999999999957e+01 3.185000000000000142e+01
-7.879900000000000091e+02 2.108999999999999986e+01 1.325000000000000000e+01
-7.880000000000000000e+02 4.525999999999999801e+01 1.600000000000000089e+00
-7.880499999999999545e+02 2.537999999999999901e+01 1.401999999999999957e+01
-7.872000000000000455e+02 3.256000000000000227e+01 1.739999999999999991e+00
-7.884900000000000091e+02 3.860000000000000142e+01 4.278000000000000114e+01
-7.881900000000000546e+02 3.585999999999999943e+01 1.455000000000000071e+01
-7.883799999999999955e+02 1.271000000000000085e+01 4.509000000000000341e+01
-7.879099999999999682e+02 4.300000000000000000e+01 0.000000000000000000e+00
-7.881299999999999955e+02 3.343999999999999773e+01 1.476999999999999957e+01
-7.882999999999999545e+02 1.842000000000000171e+01 3.183999999999999986e+01
-7.882100000000000364e+02 2.764000000000000057e+01 2.232000000000000028e+01
-7.881399999999999864e+02 2.928999999999999915e+01 1.971000000000000085e+01
-7.885199999999999818e+02 3.133999999999999986e+01 4.407000000000000028e+01
-7.877999999999999545e+02 1.762999999999999901e+01 2.628999999999999915e+01
-7.882899999999999636e+02 1.368999999999999950e+01 3.465999999999999659e+01
-7.879099999999999682e+02 2.767000000000000171e+01 5.240000000000000213e+00
-7.883700000000000045e+02 8.589999999999999858e+00 4.535999999999999943e+01
-7.880900000000000318e+02 3.649000000000000199e+01 3.370000000000000107e+00
-7.882899999999999636e+02 7.190000000000000391e+00 4.214000000000000057e+01
-7.882000000000000455e+02 3.150000000000000000e+01 1.798000000000000043e+01
-7.874700000000000273e+02 3.340999999999999659e+01 2.470000000000000195e+00
-7.882100000000000364e+02 9.570000000000000284e+00 4.061999999999999744e+01
-7.884299999999999500e+02 1.296000000000000085e+01 4.585999999999999943e+01
-7.879900000000000091e+02 3.310000000000000142e+01 3.520000000000000018e+00
-7.882100000000000364e+02 1.971000000000000085e+01 2.926000000000000156e+01
-7.883200000000000500e+02 1.065000000000000036e+01 3.668999999999999773e+01
-7.882699999999999818e+02 2.335000000000000142e+01 2.603999999999999915e+01
-7.881399999999999864e+02 2.526999999999999957e+01 2.364999999999999858e+01
-7.878999999999999773e+02 2.055999999999999872e+01 1.814000000000000057e+01
-7.882200000000000273e+02 8.570000000000000284e+00 4.110000000000000142e+01
-7.881499999999999773e+02 3.096999999999999886e+01 1.835999999999999943e+01
-7.883400000000000318e+02 1.423000000000000043e+01 4.185999999999999943e+01
-7.879800000000000182e+02 4.003999999999999915e+01 1.020000000000000018e+00
-7.881399999999999864e+02 1.026999999999999957e+01 4.009000000000000341e+01
-7.880800000000000409e+02 3.007000000000000028e+01 9.130000000000000782e+00
-7.884500000000000455e+02 3.402000000000000313e+01 4.018999999999999773e+01
-7.878899999999999864e+02 3.030999999999999872e+01 3.270000000000000018e+00
-7.882500000000000000e+02 2.298000000000000043e+01 2.603999999999999915e+01
-7.879400000000000546e+02 3.112999999999999901e+01 2.700000000000000178e+00
-7.882799999999999727e+02 1.987999999999999901e+01 2.950000000000000000e+01
-7.884299999999999500e+02 3.008999999999999986e+01 3.975000000000000000e+01
-7.880399999999999636e+02 2.444000000000000128e+01 1.509999999999999964e+01
-7.881399999999999864e+02 3.704999999999999716e+01 1.185999999999999943e+01
-7.872200000000000273e+02 3.257000000000000028e+01 2.049999999999999822e+00
-7.884400000000000546e+02 2.392999999999999972e+01 4.265999999999999659e+01
-7.883400000000000318e+02 2.358999999999999986e+01 3.096999999999999886e+01
-7.885299999999999727e+02 3.173999999999999844e+01 4.431000000000000227e+01
-7.881200000000000045e+02 3.410000000000000142e+01 6.259999999999999787e+00
-7.881100000000000136e+02 2.575000000000000000e+01 2.285000000000000142e+01
-7.883899999999999864e+02 3.628000000000000114e+01 3.379999999999999716e+01
-7.884099999999999682e+02 1.003999999999999915e+01 4.640999999999999659e+01
-7.879800000000000182e+02 3.234000000000000341e+01 2.990000000000000213e+00
-7.884800000000000182e+02 3.264000000000000057e+01 4.196999999999999886e+01
-7.881599999999999682e+02 3.214999999999999858e+01 1.683999999999999986e+01
-7.883400000000000318e+02 2.010000000000000142e+01 3.865999999999999659e+01
-7.882500000000000000e+02 6.759999999999999787e+00 4.242999999999999972e+01
-7.884099999999999682e+02 1.039000000000000057e+01 4.632000000000000028e+01
-7.880099999999999909e+02 2.435999999999999943e+01 1.083999999999999986e+01
-7.881699999999999591e+02 3.659000000000000341e+01 1.288000000000000078e+01
-7.876900000000000546e+02 3.442999999999999972e+01 1.620000000000000107e+00
-7.877799999999999727e+02 1.962999999999999901e+01 2.121999999999999886e+01
-7.880299999999999727e+02 2.698999999999999844e+01 9.779999999999999361e+00
-7.882999999999999545e+02 3.155000000000000071e+01 2.837999999999999901e+01
-7.884199999999999591e+02 1.022000000000000064e+01 4.646000000000000085e+01
-7.882100000000000364e+02 1.737000000000000099e+01 3.259000000000000341e+01
-7.884600000000000364e+02 2.748999999999999844e+01 4.174000000000000199e+01
-7.881799999999999500e+02 3.509000000000000341e+01 1.416999999999999993e+01
-7.884299999999999500e+02 3.271000000000000085e+01 3.939000000000000057e+01
-7.883200000000000500e+02 8.080000000000000071e+00 4.278000000000000114e+01
-7.882100000000000364e+02 2.982000000000000028e+01 1.957000000000000028e+01
-7.882500000000000000e+02 2.658999999999999986e+01 2.248000000000000043e+01
-7.878600000000000136e+02 4.211999999999999744e+01 4.099999999999999756e-01
-7.882500000000000000e+02 1.842000000000000171e+01 3.110999999999999943e+01
-7.872200000000000273e+02 3.514999999999999858e+01 2.000000000000000111e-01
-7.883600000000000136e+02 1.621000000000000085e+01 4.156000000000000227e+01
-7.879500000000000455e+02 3.026999999999999957e+01 4.509999999999999787e+00
-7.882100000000000364e+02 2.212000000000000099e+01 2.794999999999999929e+01
-7.883600000000000136e+02 9.580000000000000071e+00 4.278000000000000114e+01
-7.883600000000000136e+02 2.046999999999999886e+01 4.129999999999999716e+01
-7.879900000000000091e+02 4.047999999999999687e+01 3.149999999999999911e+00
-7.883700000000000045e+02 3.336999999999999744e+01 2.996000000000000085e+01
-7.883200000000000500e+02 1.443999999999999950e+01 3.493999999999999773e+01
-7.881699999999999591e+02 3.385999999999999943e+01 1.559999999999999964e+01
-7.880299999999999727e+02 2.487000000000000099e+01 1.177999999999999936e+01
-7.878899999999999864e+02 2.867000000000000171e+01 4.360000000000000320e+00
-7.884700000000000273e+02 2.148999999999999844e+01 4.454999999999999716e+01
-7.879199999999999591e+02 3.128000000000000114e+01 2.580000000000000071e+00
-7.881200000000000045e+02 3.271999999999999886e+01 9.050000000000000711e+00
-7.882300000000000182e+02 8.380000000000000782e+00 4.175000000000000000e+01
-7.881599999999999682e+02 3.757000000000000028e+01 1.209999999999999964e+01
-7.883400000000000318e+02 2.775000000000000000e+01 3.060999999999999943e+01
-7.884099999999999682e+02 2.766000000000000014e+01 3.852000000000000313e+01
-7.884199999999999591e+02 1.214000000000000057e+01 4.634000000000000341e+01
-7.881599999999999682e+02 9.679999999999999716e+00 4.050999999999999801e+01
-7.883300000000000409e+02 1.703999999999999915e+01 4.136999999999999744e+01
-7.882999999999999545e+02 2.021999999999999886e+01 3.175000000000000000e+01
-7.882300000000000182e+02 2.892000000000000171e+01 2.155000000000000071e+01
-7.883099999999999454e+02 2.935999999999999943e+01 2.944999999999999929e+01
-7.881100000000000136e+02 2.601999999999999957e+01 1.255000000000000071e+01
-7.878999999999999773e+02 3.467999999999999972e+01 1.389999999999999902e+00
-7.884199999999999591e+02 1.973999999999999844e+01 4.221000000000000085e+01
-7.880199999999999818e+02 2.319000000000000128e+01 1.085999999999999943e+01
-7.883500000000000227e+02 2.294000000000000128e+01 3.339999999999999858e+01
-7.883999999999999773e+02 8.179999999999999716e+00 4.639999999999999858e+01
-7.882100000000000364e+02 1.717000000000000171e+01 3.296999999999999886e+01
-7.883899999999999864e+02 1.564000000000000057e+01 4.203000000000000114e+01
-7.883600000000000136e+02 3.472999999999999687e+01 2.944999999999999929e+01
-7.882400000000000091e+02 2.250000000000000000e+01 2.678000000000000114e+01
-7.881200000000000045e+02 3.638000000000000256e+01 5.900000000000000355e+00
-7.878400000000000318e+02 2.660000000000000142e+01 7.099999999999999645e+00
-7.881599999999999682e+02 3.536999999999999744e+01 1.368999999999999950e+01
-7.882000000000000455e+02 2.962999999999999901e+01 1.964000000000000057e+01
