-7.881900000000000546e+02 3.585999999999999943e+01 1.455000000000000071e+01
-7.877699999999999818e+02 3.689000000000000057e+01 1.600000000000000033e-01
-7.882999999999999545e+02 2.958999999999999986e+01 2.462000000000000099e+01
-7.882999999999999545e+02 2.310999999999999943e+01 2.730999999999999872e+01
-7.881599999999999682e+02 1.009999999999999964e+01 4.014999999999999858e+01
-7.881100000000000136e+02 2.575000000000000000e+01 2.285000000000000142e+01
-7.878400000000000318e+02 2.660000000000000142e+01 7.099999999999999645e+00
-7.880000000000000000e+02 4.525999999999999801e+01 1.600000000000000089e+00
-7.878999999999999773e+02 2.055999999999999872e+01 1.814000000000000057e+01
-7.884500000000000455e+02 2.012999999999999901e+01 4.439999999999999858e+01
-7.877999999999999545e+02 1.762999999999999901e+01 2.628999999999999915e+01
-7.883799999999999955e+02 1.365000000000000036e+01 4.278000000000000114e+01
-7.883600000000000136e+02 3.346000000000000085e+01 2.932999999999999829e+01
-7.880900000000000318e+02 3.649000000000000199e+01 3.370000000000000107e+00
-7.883200000000000500e+02 4.120000000000000284e+01 2.835999999999999943e+01
-7.880499999999999545e+02 2.537999999999999901e+01 1.401999999999999957e+01
-7.881000000000000227e+02 3.001999999999999957e+01 8.550000000000000711e+00
-7.881699999999999591e+02 3.385999999999999943e+01 1.559999999999999964e+01
-7.879800000000000182e+02 2.885000000000000142e+01 5.000000000000000000e+00
-7.882899999999999636e+02 6.330000000000000071e+00 4.322999999999999687e+01
-7.882999999999999545e+02 1.266000000000000014e+01 3.585000000000000142e+01
-7.884400000000000546e+02 2.733999999999999986e+01 4.018999999999999773e+01
-7.872000000000000455e+02 3.256000000000000227e+01 1.739999999999999991e+00
-7.882100000000000364e+02 1.971000000000000085e+01 2.926000000000000156e+01
-7.879099999999999682e+02 4.300000000000000000e+01 0.000000000000000000e+00
-7.882999999999999545e+02 1.842000000000000171e+01 3.183999999999999986e+01
-7.884299999999999500e+02 3.545000000000000284e+01 3.921999999999999886e+01
-7.882200000000000273e+02 3.164999999999999858e+01 1.778000000000000114e+01
-7.883600000000000136e+02 2.046999999999999886e+01 4.129999999999999716e+01
-7.882100000000000364e+02 2.580000000000000071e+01 2.392000000000000171e+01
-7.883700000000000045e+02 6.240000000000000213e+00 4.350000000000000000e+01
-7.883600000000000136e+02 2.337999999999999901e+01 3.284000000000000341e+01
-7.878799999999999955e+02 1.919999999999999929e+01 2.398000000000000043e+01
-7.878400000000000318e+02 1.619999999999999929e+01 2.878000000000000114e+01
-7.884400000000000546e+02 1.300000000000000000e+01 4.629999999999999716e+01
-7.885099999999999909e+02 3.840999999999999659e+01 4.282000000000000028e+01
-7.879600000000000364e+02 2.675000000000000000e+01 9.550000000000000711e+00
-7.881499999999999773e+02 3.884000000000000341e+01 1.031000000000000050e+01
-7.872200000000000273e+02 3.514999999999999858e+01 2.000000000000000111e-01
-7.877999999999999545e+02 2.051000000000000156e+01 2.051999999999999957e+01
-7.881200000000000045e+02 3.271999999999999886e+01 9.050000000000000711e+00
-7.882599999999999909e+02 1.589000000000000057e+01 3.332000000000000028e+01
-7.883899999999999864e+02 5.250000000000000000e+00 4.667000000000000171e+01
-7.880299999999999727e+02 2.866000000000000014e+01 8.689999999999999503e+00
-7.882200000000000273e+02 2.769999999999999929e+01 2.144999999999999929e+01
-7.884600000000000364e+02 1.773000000000000043e+01 4.647999999999999687e+01
-7.880000000000000000e+02 2.603999999999999915e+01 9.900000000000000355e+00
-7.883200000000000500e+02 1.144999999999999929e+01 3.657999999999999829e+01
-7.883099999999999454e+02 2.657999999999999829e+01 2.994999999999999929e+01
-7.884299999999999500e+02 2.839999999999999858e+01 3.992999999999999972e+01
-7.881399999999999864e+02 2.896999999999999886e+01 1.953000000000000114e+01
-7.881100000000000136e+02 2.601999999999999957e+01 1.255000000000000071e+01
-7.884099999999999682e+02 2.973000000000000043e+01 3.688000000000000256e+01
-7.881699999999999591e+02 3.659000000000000341e+01 1.288000000000000078e+01
-7.877899999999999636e+02 4.134000000000000341e+01 5.300000000000000266e-01
-7.882100000000000364e+02 1.717000000000000171e+01 3.296999999999999886e+01
-7.881599999999999682e+02 9.679999999999999716e+00 4.050999999999999801e+01
-7.884099999999999682e+02 1.057000000000000028e+01 4.614000000000000057e+01
-7.879099999999999682e+02 3.696999999999999886e+01 1.620000000000000107e+00
-7.884800000000000182e+02 3.264000000000000057e+01 4.196999999999999886e+01
-7.883300000000000409e+02 8.820000000000000284e+00 4.289999999999999858e+01
-7.872200000000000273e+02 3.257000000000000028e+01 2.049999999999999822e+00
-7.878899999999999864e+02 2.867000000000000171e+01 4.360000000000000320e+00
-7.883099999999999454e+02 3.767999999999999972e+01 2.755999999999999872e+01
-7.883899999999999864e+02 2.985000000000000142e+01 3.503999999999999915e+01
-7.879299999999999500e+02 3.057000000000000028e+01 3.209999999999999964e+00
-7.883600000000000136e+02 3.157999999999999829e+01 2.971999999999999886e+01
-7.880499999999999545e+02 3.627000000000000313e+01 5.849999999999999645e+00
-7.883600000000000136e+02 2.069999999999999929e+01 3.371999999999999886e+01
-7.881799999999999500e+02 3.092000000000000171e+01 1.685999999999999943e+01
-7.878799999999999955e+02 1.964000000000000057e+01 2.219000000000000128e+01
-7.882799999999999727e+02 8.529999999999999361e+00 4.089999999999999858e+01
-7.878400000000000318e+02 1.642999999999999972e+01 2.830000000000000071e+01
-7.885199999999999818e+02 3.133999999999999986e+01 4.407000000000000028e+01
-7.880199999999999818e+02 2.319000000000000128e+01 1.085999999999999943e+01
-7.883099999999999454e+02 2.842000000000000171e+01 2.944000000000000128e+01
-7.882500000000000000e+02 2.451999999999999957e+01 2.476999999999999957e+01
-7.881399999999999864e+02 3.214999999999999858e+01 9.699999999999999289e+00
-7.878700000000000045e+02 1.835000000000000142e+01 2.678000000000000114e+01
-7.881599999999999682e+02 2.155999999999999872e+01 2.857999999999999829e+01
-7.879900000000000091e+02 2.108999999999999986e+01 1.325000000000000000e+01
-7.883099999999999454e+02 1.061999999999999922e+01 3.621999999999999886e+01
-7.883999999999999773e+02 2.266000000000000014e+01 3.793999999999999773e+01
-7.878400000000000318e+02 3.832000000000000028e+01 1.189999999999999947e+00
-7.883400000000000318e+02 1.198000000000000043e+01 3.722999999999999687e+01
-7.881200000000000045e+02 3.638000000000000256e+01 5.900000000000000355e+00
-7.884500000000000455e+02 2.060999999999999943e+01 4.407999999999999829e+01
-7.879500000000000455e+02 3.778000000000000114e+01 2.069999999999999840e+00
-7.880299999999999727e+02 2.487000000000000099e+01 1.177999999999999936e+01
-7.884299999999999500e+02 3.271000000000000085e+01 3.939000000000000057e+01
-7.883400000000000318e+02 2.775000000000000000e+01 3.060999999999999943e+01
-7.881499999999999773e+02 2.839000000000000057e+01 2.075000000000000000e+01
-7.880700000000000500e+02 3.157000000000000028e+01 8.160000000000000142e+00
-7.882599999999999909e+02 1.875000000000000000e+01 3.128000000000000114e+01
-7.881599999999999682e+02 3.536999999999999744e+01 1.368999999999999950e+01
-7.883899999999999864e+02 6.419999999999999929e+00 4.503999999999999915e+01
-7.883899999999999864e+02 2.091000000000000014e+01 3.978999999999999915e+01
-7.884199999999999591e+02 9.210000000000000853e+00 4.670000000000000284e+01
-7.882599999999999909e+02 6.679999999999999716e+00 4.242000000000000171e+01
-7.879099999999999682e+02 2.767000000000000171e+01 5.240000000000000213e+00
-7.883500000000000227e+02 3.343999999999999773e+01 2.960999999999999943e+01
-7.881599999999999682e+02 3.214999999999999858e+01 1.683999999999999986e+01
-7.880199999999999818e+02 3.105000000000000071e+01 6.570000000000000284e+00
-7.881799999999999500e+02 3.509000000000000341e+01 1.416999999999999993e+01
-7.884199999999999591e+02 1.767000000000000171e+01 4.532000000000000028e+01
-7.881100000000000136e+02 3.017999999999999972e+01 1.073000000000000043e+01
-7.876900000000000546e+02 3.442999999999999972e+01 1.620000000000000107e+00
-7.880399999999999636e+02 2.444000000000000128e+01 1.509999999999999964e+01
-7.877799999999999727e+02 1.962999999999999901e+01 2.121999999999999886e+01
-7.881200000000000045e+02 3.410000000000000142e+01 6.259999999999999787e+00
-7.883600000000000136e+02 9.580000000000000071e+00 4.278000000000000114e+01
-7.882699999999999818e+02 2.335000000000000142e+01 2.603999999999999915e+01
-7.884199999999999591e+02 3.643999999999999773e+01 3.900000000000000000e+01
-7.883500000000000227e+02 2.230000000000000071e+01 3.178999999999999915e+01
-7.879600000000000364e+02 2.698000000000000043e+01 6.639999999999999680e+00
-7.882300000000000182e+02 3.078000000000000114e+01 2.042000000000000171e+01
-7.882699999999999818e+02 1.732999999999999829e+01 3.292000000000000171e+01
-7.882100000000000364e+02 1.737000000000000099e+01 3.259000000000000341e+01
-7.884199999999999591e+02 2.782000000000000028e+01 3.978000000000000114e+01
-7.882899999999999636e+02 1.368999999999999950e+01 3.465999999999999659e+01
-7.879299999999999500e+02 3.639000000000000057e+01 1.979999999999999982e+00
-7.881699999999999591e+02 2.292000000000000171e+01 2.687000000000000099e+01
-7.883200000000000500e+02 8.080000000000000071e+00 4.278000000000000114e+01
-7.878600000000000136e+02 1.823999999999999844e+01 2.578000000000000114e+01
-7.884099999999999682e+02 9.279999999999999361e+00 4.639000000000000057e+01
-7.879900000000000091e+02 3.260999999999999943e+01 4.969999999999999751e+00
-7.885299999999999727e+02 3.089000000000000057e+01 4.410000000000000142e+01
-7.883700000000000045e+02 3.378999999999999915e+01 2.978999999999999915e+01
