-7.881900000000000546e+02 3.585999999999999943e+01 1.455000000000000071e+01
-7.883799999999999955e+02 1.365000000000000036e+01 4.278000000000000114e+01
-7.878999999999999773e+02 2.055999999999999872e+01 1.814000000000000057e+01
-7.883600000000000136e+02 2.337999999999999901e+01 3.284000000000000341e+01
-7.880399999999999636e+02 2.846000000000000085e+01 7.750000000000000000e+00
-7.884400000000000546e+02 1.300000000000000000e+01 4.629999999999999716e+01
-7.872599999999999909e+02 3.627000000000000313e+01 0.000000000000000000e+00
-7.884400000000000546e+02 2.733999999999999986e+01 4.018999999999999773e+01
-7.881599999999999682e+02 9.679999999999999716e+00 4.050999999999999801e+01
-7.885099999999999909e+02 3.389999999999999858e+01 4.256000000000000227e+01
-7.883999999999999773e+02 4.322999999999999687e+01 3.581000000000000227e+01
-7.882100000000000364e+02 2.580000000000000071e+01 2.392000000000000171e+01
-7.883600000000000136e+02 2.046999999999999886e+01 4.129999999999999716e+01
-7.876200000000000045e+02 4.140999999999999659e+01 4.000000000000000083e-02
-7.884500000000000455e+02 2.012999999999999901e+01 4.439999999999999858e+01
-7.880499999999999545e+02 2.537999999999999901e+01 1.401999999999999957e+01
-7.882100000000000364e+02 1.971000000000000085e+01 2.926000000000000156e+01
-7.881100000000000136e+02 3.367000000000000171e+01 8.859999999999999432e+00
-7.881900000000000546e+02 3.155999999999999872e+01 1.873000000000000043e+01
-7.884299999999999500e+02 3.545000000000000284e+01 3.921999999999999886e+01
-7.882999999999999545e+02 2.310999999999999943e+01 2.730999999999999872e+01
-7.883200000000000500e+02 4.120000000000000284e+01 2.835999999999999943e+01
-7.882599999999999909e+02 6.679999999999999716e+00 4.242000000000000171e+01
-7.881599999999999682e+02 1.009999999999999964e+01 4.014999999999999858e+01
-7.878799999999999955e+02 1.964000000000000057e+01 2.219000000000000128e+01
-7.881299999999999955e+02 2.973000000000000043e+01 1.133999999999999986e+01
-7.880299999999999727e+02 3.592000000000000171e+01 5.299999999999999822e+00
-7.882999999999999545e+02 2.958999999999999986e+01 2.462000000000000099e+01
-7.880000000000000000e+02 4.525999999999999801e+01 1.600000000000000089e+00
-7.878400000000000318e+02 1.619999999999999929e+01 2.878000000000000114e+01
-7.878400000000000318e+02 3.949000000000000199e+01 8.399999999999999689e-01
-7.882999999999999545e+02 1.798999999999999844e+01 3.146999999999999886e+01
-7.883500000000000227e+02 3.343999999999999773e+01 2.960999999999999943e+01
-7.879800000000000182e+02 2.885000000000000142e+01 5.000000000000000000e+00
-7.878400000000000318e+02 2.660000000000000142e+01 7.099999999999999645e+00
-7.879600000000000364e+02 2.675000000000000000e+01 9.550000000000000711e+00
-7.883700000000000045e+02 6.240000000000000213e+00 4.350000000000000000e+01
-7.882999999999999545e+02 1.209999999999999964e+01 3.567999999999999972e+01
-7.884700000000000273e+02 2.876000000000000156e+01 4.395000000000000284e+01
-7.881599999999999682e+02 9.810000000000000497e+00 4.029999999999999716e+01
-7.881699999999999591e+02 2.292000000000000171e+01 2.687000000000000099e+01
-7.884199999999999591e+02 3.415999999999999659e+01 3.707000000000000028e+01
-7.883500000000000227e+02 1.644000000000000128e+01 4.263000000000000256e+01
-7.883099999999999454e+02 2.101000000000000156e+01 2.880000000000000071e+01
-7.881200000000000045e+02 3.638000000000000256e+01 5.900000000000000355e+00
-7.877999999999999545e+02 2.051000000000000156e+01 2.051999999999999957e+01
-7.881799999999999500e+02 3.509000000000000341e+01 1.416999999999999993e+01
-7.883899999999999864e+02 6.419999999999999929e+00 4.503999999999999915e+01
-7.883300000000000409e+02 9.609999999999999432e+00 4.227000000000000313e+01
-7.878799999999999955e+02 1.919999999999999929e+01 2.398000000000000043e+01
-7.880000000000000000e+02 2.603999999999999915e+01 9.900000000000000355e+00
-7.880199999999999818e+02 2.319000000000000128e+01 1.085999999999999943e+01
-7.877699999999999818e+02 3.689000000000000057e+01 1.600000000000000033e-01
-7.884099999999999682e+02 9.279999999999999361e+00 4.639000000000000057e+01
-7.883099999999999454e+02 3.767999999999999972e+01 2.755999999999999872e+01
-7.878400000000000318e+02 3.832000000000000028e+01 1.189999999999999947e+00
-7.878400000000000318e+02 1.642999999999999972e+01 2.830000000000000071e+01
-7.883700000000000045e+02 2.198000000000000043e+01 3.371999999999999886e+01
-7.882500000000000000e+02 2.451999999999999957e+01 2.476999999999999957e+01
-7.885099999999999909e+02 3.378999999999999915e+01 4.371999999999999886e+01
-7.882999999999999545e+02 1.307000000000000028e+01 3.464000000000000057e+01
-7.880900000000000318e+02 3.649000000000000199e+01 3.370000000000000107e+00
-7.882799999999999727e+02 8.529999999999999361e+00 4.089999999999999858e+01
-7.881499999999999773e+02 2.839000000000000057e+01 2.075000000000000000e+01
-7.880700000000000500e+02 3.157000000000000028e+01 8.160000000000000142e+00
-7.879800000000000182e+02 2.876000000000000156e+01 7.160000000000000142e+00
-7.884600000000000364e+02 1.773000000000000043e+01 4.647999999999999687e+01
-7.881100000000000136e+02 2.601999999999999957e+01 1.255000000000000071e+01
-7.881599999999999682e+02 2.155999999999999872e+01 2.857999999999999829e+01
-7.883300000000000409e+02 3.532999999999999829e+01 2.873000000000000043e+01
-7.883899999999999864e+02 5.250000000000000000e+00 4.667000000000000171e+01
-7.883600000000000136e+02 3.742999999999999972e+01 2.858999999999999986e+01
-7.878600000000000136e+02 1.823999999999999844e+01 2.578000000000000114e+01
-7.885399999999999636e+02 3.157999999999999829e+01 4.470000000000000284e+01
-7.883899999999999864e+02 2.985000000000000142e+01 3.503999999999999915e+01
-7.883099999999999454e+02 1.673999999999999844e+01 3.281000000000000227e+01
-7.883099999999999454e+02 1.010999999999999943e+01 3.728000000000000114e+01
-7.883300000000000409e+02 8.820000000000000284e+00 4.289999999999999858e+01
-7.884299999999999500e+02 1.714000000000000057e+01 4.560999999999999943e+01
-7.883600000000000136e+02 2.069999999999999929e+01 3.371999999999999886e+01
-7.882899999999999636e+02 6.330000000000000071e+00 4.322999999999999687e+01
-7.879900000000000091e+02 2.108999999999999986e+01 1.325000000000000000e+01
-7.877799999999999727e+02 1.962999999999999901e+01 2.121999999999999886e+01
-7.881599999999999682e+02 3.536999999999999744e+01 1.368999999999999950e+01
-7.879099999999999682e+02 4.300000000000000000e+01 0.000000000000000000e+00
-7.881100000000000136e+02 3.017999999999999972e+01 1.073000000000000043e+01
-7.881200000000000045e+02 3.410000000000000142e+01 6.259999999999999787e+00
-7.877500000000000000e+02 3.187000000000000099e+01 1.199999999999999956e-01
-7.883899999999999864e+02 3.472999999999999687e+01 3.485000000000000142e+01
-7.880800000000000409e+02 2.876000000000000156e+01 1.090000000000000036e+01
-7.884500000000000455e+02 1.501999999999999957e+01 4.565999999999999659e+01
-7.883999999999999773e+02 2.266000000000000014e+01 3.793999999999999773e+01
-7.882699999999999818e+02 2.335000000000000142e+01 2.603999999999999915e+01
-7.882200000000000273e+02 2.769999999999999929e+01 2.144999999999999929e+01
-7.880499999999999545e+02 3.627000000000000313e+01 5.849999999999999645e+00
-7.878899999999999864e+02 2.867000000000000171e+01 4.360000000000000320e+00
-7.881399999999999864e+02 3.042000000000000171e+01 1.771999999999999886e+01
-7.880199999999999818e+02 2.719000000000000128e+01 9.669999999999999929e+00
-7.877999999999999545e+02 1.762999999999999901e+01 2.628999999999999915e+01
-7.881399999999999864e+02 3.214999999999999858e+01 9.699999999999999289e+00
-7.883600000000000136e+02 3.157999999999999829e+01 2.971999999999999886e+01
-7.883500000000000227e+02 2.094000000000000128e+01 3.307999999999999829e+01
-7.879299999999999500e+02 3.639000000000000057e+01 1.979999999999999982e+00
-7.883400000000000318e+02 1.887999999999999901e+01 3.321999999999999886e+01
-7.884099999999999682e+02 2.933999999999999986e+01 3.585999999999999943e+01
-7.880199999999999818e+02 3.420000000000000284e+01 2.750000000000000000e+00
-7.883600000000000136e+02 9.580000000000000071e+00 4.278000000000000114e+01
-7.881799999999999500e+02 3.452000000000000313e+01 1.549000000000000021e+01
-7.883200000000000500e+02 8.080000000000000071e+00 4.278000000000000114e+01
-7.879299999999999500e+02 2.971999999999999886e+01 3.870000000000000107e+00
-7.882300000000000182e+02 3.082000000000000028e+01 2.035000000000000142e+01
-7.884299999999999500e+02 2.228999999999999915e+01 4.382000000000000028e+01
-7.884800000000000182e+02 3.264000000000000057e+01 4.196999999999999886e+01
-7.882699999999999818e+02 1.653999999999999915e+01 3.254999999999999716e+01
-7.883200000000000500e+02 1.127999999999999936e+01 3.682999999999999829e+01
-7.880399999999999636e+02 2.444000000000000128e+01 1.509999999999999964e+01
-7.884099999999999682e+02 1.057000000000000028e+01 4.614000000000000057e+01
-7.884199999999999591e+02 2.782000000000000028e+01 3.978000000000000114e+01
-7.882200000000000273e+02 2.260000000000000142e+01 2.719999999999999929e+01
-7.882100000000000364e+02 2.753000000000000114e+01 2.123999999999999844e+01
-7.883600000000000136e+02 3.035000000000000142e+01 2.996999999999999886e+01
-7.885299999999999727e+02 3.089000000000000057e+01 4.410000000000000142e+01
-7.883400000000000318e+02 1.198000000000000043e+01 3.722999999999999687e+01
-7.884199999999999591e+02 9.029999999999999361e+00 4.661999999999999744e+01
-7.880299999999999727e+02 2.758999999999999986e+01 1.055000000000000071e+01
-7.879099999999999682e+02 3.696999999999999886e+01 1.620000000000000107e+00
-7.882799999999999727e+02 1.491999999999999993e+01 3.421999999999999886e+01
-7.881799999999999500e+02 3.231000000000000227e+01 1.726000000000000156e+01
