-7.885000000000000000e+02 2.555999999999999872e+01 4.732999999999999829e+01
-7.881799999999999500e+02 1.919000000000000128e+01 3.080999999999999872e+01
-7.881299999999999955e+02 3.359000000000000341e+01 9.580000000000000071e+00
-7.883500000000000227e+02 1.598000000000000043e+01 3.282999999999999829e+01
-7.883600000000000136e+02 2.337999999999999901e+01 3.284000000000000341e+01
-7.878400000000000318e+02 1.619999999999999929e+01 2.878000000000000114e+01
-7.882999999999999545e+02 2.958999999999999986e+01 2.462000000000000099e+01
-7.881900000000000546e+02 2.639000000000000057e+01 2.367000000000000171e+01
-7.883600000000000136e+02 9.880000000000000782e+00 4.235000000000000142e+01
-7.879299999999999500e+02 2.971999999999999886e+01 3.870000000000000107e+00
-7.881900000000000546e+02 3.155999999999999872e+01 1.873000000000000043e+01
-7.883600000000000136e+02 3.157999999999999829e+01 2.971999999999999886e+01
-7.880900000000000318e+02 2.578000000000000114e+01 1.626999999999999957e+01
-7.872599999999999909e+02 3.627000000000000313e+01 0.000000000000000000e+00
-7.884299999999999500e+02 3.368999999999999773e+01 3.846000000000000085e+01
-7.881299999999999955e+02 3.649000000000000199e+01 5.830000000000000071e+00
-7.879600000000000364e+02 2.675000000000000000e+01 9.550000000000000711e+00
-7.884500000000000455e+02 2.571999999999999886e+01 4.304999999999999716e+01
-7.884400000000000546e+02 1.048000000000000043e+01 4.700000000000000000e+01
-7.884500000000000455e+02 1.828000000000000114e+01 4.582999999999999829e+01
-7.880399999999999636e+02 2.846000000000000085e+01 7.750000000000000000e+00
-7.878799999999999955e+02 3.788000000000000256e+01 5.500000000000000444e-01
-7.885099999999999909e+02 3.389999999999999858e+01 4.256000000000000227e+01
-7.883200000000000500e+02 3.739999999999999858e+01 2.676000000000000156e+01
-7.883700000000000045e+02 4.259999999999999787e+00 4.449000000000000199e+01
-7.878799999999999955e+02 1.964000000000000057e+01 2.219000000000000128e+01
-7.881900000000000546e+02 3.585999999999999943e+01 1.455000000000000071e+01
-7.880499999999999545e+02 3.459000000000000341e+01 4.190000000000000391e+00
-7.880299999999999727e+02 3.952000000000000313e+01 1.530000000000000027e+00
-7.881599999999999682e+02 9.810000000000000497e+00 4.029999999999999716e+01
-7.881299999999999955e+02 2.973000000000000043e+01 1.133999999999999986e+01
-7.882799999999999727e+02 1.205000000000000071e+01 3.646999999999999886e+01
-7.882699999999999818e+02 1.653999999999999915e+01 3.254999999999999716e+01
-7.877500000000000000e+02 3.187000000000000099e+01 1.199999999999999956e-01
-7.880299999999999727e+02 2.285000000000000142e+01 1.451999999999999957e+01
-7.882899999999999636e+02 6.330000000000000071e+00 4.322999999999999687e+01
-7.882799999999999727e+02 2.296999999999999886e+01 2.694999999999999929e+01
-7.883400000000000318e+02 1.198000000000000043e+01 3.722999999999999687e+01
-7.881699999999999591e+02 9.589999999999999858e+00 4.063000000000000256e+01
-7.883999999999999773e+02 1.919000000000000128e+01 4.102000000000000313e+01
-7.880800000000000409e+02 2.876000000000000156e+01 1.090000000000000036e+01
-7.878899999999999864e+02 2.867000000000000171e+01 4.360000000000000320e+00
-7.882500000000000000e+02 2.787000000000000099e+01 2.251999999999999957e+01
-7.883799999999999955e+02 2.982999999999999829e+01 3.071999999999999886e+01
-7.884500000000000455e+02 2.012999999999999901e+01 4.439999999999999858e+01
-7.880099999999999909e+02 2.050000000000000000e+01 1.826999999999999957e+01
-7.882100000000000364e+02 2.678999999999999915e+01 2.271000000000000085e+01
-7.881799999999999500e+02 3.231000000000000227e+01 1.726000000000000156e+01
-7.876200000000000045e+02 4.140999999999999659e+01 4.000000000000000083e-02
-7.882799999999999727e+02 8.529999999999999361e+00 4.089999999999999858e+01
-7.881200000000000045e+02 3.126999999999999957e+01 9.869999999999999218e+00
-7.880000000000000000e+02 2.603999999999999915e+01 9.900000000000000355e+00
-7.881200000000000045e+02 3.638000000000000256e+01 5.900000000000000355e+00
-7.878400000000000318e+02 2.660000000000000142e+01 7.099999999999999645e+00
-7.884500000000000455e+02 3.996000000000000085e+01 4.071000000000000085e+01
-7.885499999999999545e+02 3.078999999999999915e+01 4.600000000000000000e+01
-7.882000000000000455e+02 3.496999999999999886e+01 1.468999999999999950e+01
-7.879900000000000091e+02 2.276000000000000156e+01 1.264000000000000057e+01
-7.884900000000000091e+02 3.350999999999999801e+01 4.246000000000000085e+01
-7.880199999999999818e+02 3.420000000000000284e+01 2.750000000000000000e+00
-7.884099999999999682e+02 8.939999999999999503e+00 4.639000000000000057e+01
-7.883600000000000136e+02 5.190000000000000391e+00 4.367000000000000171e+01
-7.883700000000000045e+02 2.578999999999999915e+01 3.314999999999999858e+01
-7.879700000000000273e+02 3.625000000000000000e+01 1.699999999999999956e+00
-7.882100000000000364e+02 2.157000000000000028e+01 2.792999999999999972e+01
-7.883099999999999454e+02 1.580000000000000071e+01 3.514999999999999858e+01
-7.884700000000000273e+02 2.876000000000000156e+01 4.395000000000000284e+01
-7.879099999999999682e+02 4.300000000000000000e+01 0.000000000000000000e+00
-7.878400000000000318e+02 1.642999999999999972e+01 2.830000000000000071e+01
-7.882400000000000091e+02 2.325000000000000000e+01 2.673999999999999844e+01
-7.883200000000000500e+02 6.360000000000000320e+00 4.329999999999999716e+01
-7.880800000000000409e+02 3.639999999999999858e+01 2.330000000000000071e+00
-7.882999999999999545e+02 1.209999999999999964e+01 3.567999999999999972e+01
-7.879800000000000182e+02 2.885000000000000142e+01 5.000000000000000000e+00
-7.883200000000000500e+02 1.880999999999999872e+01 3.082000000000000028e+01
-7.881599999999999682e+02 2.155999999999999872e+01 2.857999999999999829e+01
-7.883099999999999454e+02 2.100000000000000000e+01 2.882000000000000028e+01
-7.881599999999999682e+02 3.389999999999999858e+01 1.619000000000000128e+01
-7.884700000000000273e+02 1.939000000000000057e+01 4.671999999999999886e+01
-7.885399999999999636e+02 3.157999999999999829e+01 4.470000000000000284e+01
-7.882500000000000000e+02 2.751000000000000156e+01 2.339000000000000057e+01
-7.881399999999999864e+02 3.214999999999999858e+01 9.699999999999999289e+00
-7.884400000000000546e+02 1.300000000000000000e+01 4.629999999999999716e+01
-7.881100000000000136e+02 3.017999999999999972e+01 1.073000000000000043e+01
-7.885099999999999909e+02 2.792999999999999972e+01 4.424000000000000199e+01
-7.881599999999999682e+02 9.679999999999999716e+00 4.050999999999999801e+01
-7.883200000000000500e+02 6.719999999999999751e+00 4.207999999999999829e+01
-7.883899999999999864e+02 5.250000000000000000e+00 4.667000000000000171e+01
-7.881499999999999773e+02 3.078000000000000114e+01 1.935999999999999943e+01
-7.884199999999999591e+02 2.442999999999999972e+01 4.046999999999999886e+01
-7.880499999999999545e+02 2.537999999999999901e+01 1.401999999999999957e+01
-7.878899999999999864e+02 2.017999999999999972e+01 2.089999999999999858e+01
-7.883500000000000227e+02 1.183999999999999986e+01 4.232000000000000028e+01
-7.880900000000000318e+02 3.649000000000000199e+01 3.370000000000000107e+00
-7.883799999999999955e+02 2.107000000000000028e+01 4.015999999999999659e+01
-7.877699999999999818e+02 3.689000000000000057e+01 1.600000000000000033e-01
-7.883400000000000318e+02 2.844000000000000128e+01 3.071999999999999886e+01
-7.880499999999999545e+02 2.917000000000000171e+01 7.669999999999999929e+00
-7.882100000000000364e+02 2.580000000000000071e+01 2.392000000000000171e+01
-7.883600000000000136e+02 2.069999999999999929e+01 3.371999999999999886e+01
-7.878300000000000409e+02 3.603999999999999915e+01 1.389999999999999902e+00
-7.884600000000000364e+02 3.914999999999999858e+01 4.125000000000000000e+01
-7.882100000000000364e+02 1.971000000000000085e+01 2.926000000000000156e+01
-7.883099999999999454e+02 2.101000000000000156e+01 2.880000000000000071e+01
-7.883300000000000409e+02 9.609999999999999432e+00 4.227000000000000313e+01
-7.878799999999999955e+02 1.953000000000000114e+01 2.269999999999999929e+01
-7.884199999999999591e+02 2.782000000000000028e+01 3.978000000000000114e+01
-7.878400000000000318e+02 3.732999999999999829e+01 1.250000000000000000e+00
-7.885099999999999909e+02 3.378999999999999915e+01 4.371999999999999886e+01
-7.880900000000000318e+02 3.185000000000000142e+01 8.580000000000000071e+00
-7.883700000000000045e+02 2.060999999999999943e+01 3.961999999999999744e+01
-7.883099999999999454e+02 1.010999999999999943e+01 3.728000000000000114e+01
-7.880700000000000500e+02 2.873000000000000043e+01 1.175999999999999979e+01
-7.883200000000000500e+02 6.660000000000000142e+00 4.222999999999999687e+01
-7.883300000000000409e+02 1.812999999999999901e+01 3.211999999999999744e+01
-7.884299999999999500e+02 2.228999999999999915e+01 4.382000000000000028e+01
-7.879900000000000091e+02 2.108999999999999986e+01 1.325000000000000000e+01
-7.883300000000000409e+02 3.532999999999999829e+01 2.873000000000000043e+01
-7.882000000000000455e+02 3.245000000000000284e+01 1.676000000000000156e+01
-7.877999999999999545e+02 3.564999999999999858e+01 9.599999999999999645e-01
-7.881900000000000546e+02 3.453000000000000114e+01 1.523000000000000043e+01
-7.883500000000000227e+02 2.010999999999999943e+01 3.264000000000000057e+01
-7.883899999999999864e+02 5.410000000000000142e+00 4.652000000000000313e+01
-7.882200000000000273e+02 2.807000000000000028e+01 2.123999999999999844e+01
-7.884199999999999591e+02 9.029999999999999361e+00 4.661999999999999744e+01
-7.884099999999999682e+02 2.932000000000000028e+01 3.675000000000000000e+01
-7.879800000000000182e+02 2.876000000000000156e+01 7.160000000000000142e+00
-7.882699999999999818e+02 2.335000000000000142e+01 2.603999999999999915e+01
