-7.883600000000000136e+02 3.075000000000000000e+01 2.957999999999999829e+01
-7.881900000000000546e+02 3.636999999999999744e+01 1.372000000000000064e+01
-7.884299999999999500e+02 3.327000000000000313e+01 3.747999999999999687e+01
-7.881900000000000546e+02 3.048000000000000043e+01 1.892999999999999972e+01
-7.883600000000000136e+02 9.880000000000000782e+00 4.235000000000000142e+01
-7.879299999999999500e+02 2.573999999999999844e+01 8.449999999999999289e+00
-7.881599999999999682e+02 9.810000000000000497e+00 4.029999999999999716e+01
-7.880299999999999727e+02 3.952000000000000313e+01 1.530000000000000027e+00
-7.878400000000000318e+02 1.619999999999999929e+01 2.878000000000000114e+01
-7.881799999999999500e+02 2.485000000000000142e+01 2.539000000000000057e+01
-7.882699999999999818e+02 1.653999999999999915e+01 3.254999999999999716e+01
-7.882799999999999727e+02 2.296999999999999886e+01 2.694999999999999929e+01
-7.880499999999999545e+02 2.230000000000000071e+01 1.216999999999999993e+01
-7.881799999999999500e+02 1.919000000000000128e+01 3.080999999999999872e+01
-7.884299999999999500e+02 2.492000000000000171e+01 4.111999999999999744e+01
-7.884500000000000455e+02 1.828000000000000114e+01 4.582999999999999829e+01
-7.880900000000000318e+02 2.578000000000000114e+01 1.626999999999999957e+01
-7.883600000000000136e+02 1.726000000000000156e+01 3.659000000000000341e+01
-7.882999999999999545e+02 2.958999999999999986e+01 2.462000000000000099e+01
-7.881299999999999955e+02 2.973000000000000043e+01 1.133999999999999986e+01
-7.882899999999999636e+02 6.330000000000000071e+00 4.322999999999999687e+01
-7.880499999999999545e+02 2.771999999999999886e+01 7.730000000000000426e+00
-7.878799999999999955e+02 3.788000000000000256e+01 5.500000000000000444e-01
-7.879400000000000546e+02 2.880999999999999872e+01 4.839999999999999858e+00
-7.883600000000000136e+02 2.337999999999999901e+01 3.284000000000000341e+01
-7.872599999999999909e+02 3.627000000000000313e+01 0.000000000000000000e+00
-7.881299999999999955e+02 3.359000000000000341e+01 9.580000000000000071e+00
-7.885099999999999909e+02 3.389999999999999858e+01 4.256000000000000227e+01
-7.881299999999999955e+02 3.649000000000000199e+01 5.830000000000000071e+00
-7.883400000000000318e+02 3.735999999999999943e+01 2.671999999999999886e+01
-7.883700000000000045e+02 4.259999999999999787e+00 4.449000000000000199e+01
-7.884400000000000546e+02 1.048000000000000043e+01 4.700000000000000000e+01
-7.880499999999999545e+02 3.459000000000000341e+01 4.190000000000000391e+00
-7.885099999999999909e+02 2.782000000000000028e+01 4.406000000000000227e+01
-7.882999999999999545e+02 1.159999999999999964e+01 3.574000000000000199e+01
-7.877500000000000000e+02 3.187000000000000099e+01 1.199999999999999956e-01
-7.878999999999999773e+02 1.994999999999999929e+01 2.201000000000000156e+01
-7.881200000000000045e+02 3.638000000000000256e+01 5.900000000000000355e+00
-7.883999999999999773e+02 1.919000000000000128e+01 4.102000000000000313e+01
-7.879299999999999500e+02 2.971999999999999886e+01 3.870000000000000107e+00
-7.883099999999999454e+02 1.209999999999999964e+01 3.545000000000000284e+01
-7.884500000000000455e+02 1.305000000000000071e+01 4.628999999999999915e+01
-7.880199999999999818e+02 2.207000000000000028e+01 1.291000000000000014e+01
-7.877799999999999727e+02 3.224000000000000199e+01 8.800000000000000044e-01
-7.884800000000000182e+02 2.814999999999999858e+01 4.328000000000000114e+01
-7.883899999999999864e+02 5.250000000000000000e+00 4.667000000000000171e+01
-7.881699999999999591e+02 9.589999999999999858e+00 4.063000000000000256e+01
-7.881799999999999500e+02 3.624000000000000199e+01 1.433000000000000007e+01
-7.878400000000000318e+02 1.642999999999999972e+01 2.830000000000000071e+01
-7.882000000000000455e+02 3.245000000000000284e+01 1.676000000000000156e+01
-7.884500000000000455e+02 1.907999999999999829e+01 4.553000000000000114e+01
-7.878500000000000227e+02 1.871999999999999886e+01 2.807999999999999829e+01
-7.884900000000000091e+02 3.350999999999999801e+01 4.246000000000000085e+01
-7.883600000000000136e+02 3.240999999999999659e+01 2.807999999999999829e+01
-7.885099999999999909e+02 2.223000000000000043e+01 4.671000000000000085e+01
-7.881399999999999864e+02 3.214999999999999858e+01 9.699999999999999289e+00
-7.883099999999999454e+02 2.482999999999999829e+01 2.942000000000000171e+01
-7.880800000000000409e+02 3.572999999999999687e+01 3.720000000000000195e+00
-7.882100000000000364e+02 2.580000000000000071e+01 2.392000000000000171e+01
-7.879099999999999682e+02 4.300000000000000000e+01 0.000000000000000000e+00
-7.882500000000000000e+02 1.476999999999999957e+01 3.459000000000000341e+01
-7.883500000000000227e+02 2.017999999999999972e+01 3.246999999999999886e+01
-7.884800000000000182e+02 3.596999999999999886e+01 4.157999999999999829e+01
-7.880000000000000000e+02 2.603999999999999915e+01 9.900000000000000355e+00
-7.882100000000000364e+02 2.157000000000000028e+01 2.792999999999999972e+01
-7.882300000000000182e+02 3.003000000000000114e+01 2.078999999999999915e+01
-7.879700000000000273e+02 3.625000000000000000e+01 1.699999999999999956e+00
-7.878600000000000136e+02 2.603000000000000114e+01 7.160000000000000142e+00
-7.883899999999999864e+02 9.900000000000000355e+00 4.600000000000000000e+01
-7.883200000000000500e+02 6.360000000000000320e+00 4.329999999999999716e+01
-7.881000000000000227e+02 2.603999999999999915e+01 1.368999999999999950e+01
-7.883200000000000500e+02 1.598000000000000043e+01 3.272999999999999687e+01
-7.881399999999999864e+02 3.026999999999999957e+01 1.917999999999999972e+01
-7.877699999999999818e+02 3.689000000000000057e+01 1.600000000000000033e-01
-7.885499999999999545e+02 3.078999999999999915e+01 4.600000000000000000e+01
-7.881100000000000136e+02 3.010999999999999943e+01 1.082000000000000028e+01
-7.882200000000000273e+02 2.519000000000000128e+01 2.473000000000000043e+01
-7.878799999999999955e+02 1.964000000000000057e+01 2.219000000000000128e+01
-7.883200000000000500e+02 6.719999999999999751e+00 4.207999999999999829e+01
-7.880900000000000318e+02 3.550000000000000000e+01 7.360000000000000320e+00
-7.882400000000000091e+02 2.325000000000000000e+01 2.673999999999999844e+01
-7.883099999999999454e+02 1.391999999999999993e+01 3.528000000000000114e+01
-7.878999999999999773e+02 2.898000000000000043e+01 4.830000000000000071e+00
-7.884600000000000364e+02 2.378999999999999915e+01 4.295000000000000284e+01
-7.883500000000000227e+02 2.644000000000000128e+01 3.071999999999999886e+01
-7.880299999999999727e+02 2.492999999999999972e+01 1.144999999999999929e+01
-7.881699999999999591e+02 3.767999999999999972e+01 1.249000000000000021e+01
-7.881900000000000546e+02 1.867000000000000171e+01 3.141000000000000014e+01
-7.880800000000000409e+02 2.683999999999999986e+01 1.057000000000000028e+01
-7.883799999999999955e+02 2.107000000000000028e+01 4.015999999999999659e+01
-7.883999999999999773e+02 7.719999999999999751e+00 4.639000000000000057e+01
-7.879400000000000546e+02 2.769999999999999929e+01 8.220000000000000639e+00
-7.885199999999999818e+02 3.110999999999999943e+01 4.440999999999999659e+01
-7.882599999999999909e+02 2.700000000000000000e+01 2.301999999999999957e+01
-7.884299999999999500e+02 1.303999999999999915e+01 4.589000000000000057e+01
-7.884600000000000364e+02 2.151000000000000156e+01 4.585000000000000142e+01
-7.881100000000000136e+02 3.653000000000000114e+01 5.379999999999999893e+00
-7.878400000000000318e+02 3.732999999999999829e+01 1.250000000000000000e+00
-7.880299999999999727e+02 3.913000000000000256e+01 2.049999999999999822e+00
-7.883500000000000227e+02 9.029999999999999361e+00 4.352000000000000313e+01
-7.884099999999999682e+02 3.629999999999999716e+01 3.464999999999999858e+01
-7.881599999999999682e+02 9.679999999999999716e+00 4.050999999999999801e+01
-7.883799999999999955e+02 2.982999999999999829e+01 3.071999999999999886e+01
-7.880199999999999818e+02 3.420000000000000284e+01 2.750000000000000000e+00
-7.880900000000000318e+02 3.185000000000000142e+01 8.580000000000000071e+00
-7.878400000000000318e+02 2.660000000000000142e+01 7.099999999999999645e+00
-7.880399999999999636e+02 3.173000000000000043e+01 7.509999999999999787e+00
-7.883400000000000318e+02 1.388000000000000078e+01 3.577000000000000313e+01
-7.876200000000000045e+02 4.140999999999999659e+01 4.000000000000000083e-02
-7.881399999999999864e+02 3.073999999999999844e+01 1.156000000000000050e+01
-7.884099999999999682e+02 3.078999999999999915e+01 3.915999999999999659e+01
-7.882999999999999545e+02 8.199999999999999289e+00 4.132999999999999829e+01
-7.882500000000000000e+02 1.753999999999999915e+01 3.182999999999999829e+01
-7.884299999999999500e+02 2.405000000000000071e+01 4.228000000000000114e+01
-7.881100000000000136e+02 3.614000000000000057e+01 5.730000000000000426e+00
-7.882500000000000000e+02 2.183999999999999986e+01 2.742000000000000171e+01
-7.880800000000000409e+02 3.639999999999999858e+01 2.330000000000000071e+00
-7.882400000000000091e+02 2.592999999999999972e+01 2.341000000000000014e+01
-7.883500000000000227e+02 1.048000000000000043e+01 3.743999999999999773e+01
-7.883799999999999955e+02 7.480000000000000426e+00 4.628999999999999915e+01
-7.883500000000000227e+02 2.010999999999999943e+01 3.264000000000000057e+01
-7.882100000000000364e+02 3.042999999999999972e+01 1.923999999999999844e+01
-7.885399999999999636e+02 3.157999999999999829e+01 4.470000000000000284e+01
-7.880099999999999909e+02 2.050000000000000000e+01 1.826999999999999957e+01
-7.880399999999999636e+02 3.203000000000000114e+01 5.110000000000000320e+00
-7.882500000000000000e+02 2.787000000000000099e+01 2.251999999999999957e+01
-7.878300000000000409e+02 3.603999999999999915e+01 1.389999999999999902e+00
-7.882100000000000364e+02 1.983999999999999986e+01 2.912999999999999901e+01
