-7.883600000000000136e+02 9.880000000000000782e+00 4.235000000000000142e+01
-7.885399999999999636e+02 2.632000000000000028e+01 4.750999999999999801e+01
-7.881499999999999773e+02 3.749000000000000199e+01 8.609999999999999432e+00
-7.882599999999999909e+02 2.700000000000000000e+01 2.301999999999999957e+01
-7.880599999999999454e+02 2.344999999999999929e+01 2.012999999999999901e+01
-7.878999999999999773e+02 2.898000000000000043e+01 4.830000000000000071e+00
-7.880199999999999818e+02 2.207000000000000028e+01 1.291000000000000014e+01
-7.880399999999999636e+02 3.367000000000000171e+01 3.250000000000000000e+00
-7.881499999999999773e+02 3.053000000000000114e+01 1.892000000000000171e+01
-7.878799999999999955e+02 3.788000000000000256e+01 5.500000000000000444e-01
-7.884299999999999500e+02 3.327000000000000313e+01 3.747999999999999687e+01
-7.883700000000000045e+02 4.259999999999999787e+00 4.449000000000000199e+01
-7.884299999999999500e+02 4.370000000000000107e+00 4.792999999999999972e+01
-7.872599999999999909e+02 3.627000000000000313e+01 0.000000000000000000e+00
-7.878700000000000045e+02 1.789000000000000057e+01 2.776999999999999957e+01
-7.883500000000000227e+02 3.194000000000000128e+01 2.948000000000000043e+01
-7.884500000000000455e+02 1.778999999999999915e+01 4.596000000000000085e+01
-7.884400000000000546e+02 1.048000000000000043e+01 4.700000000000000000e+01
-7.882699999999999818e+02 1.657999999999999829e+01 3.249000000000000199e+01
-7.878999999999999773e+02 1.994999999999999929e+01 2.201000000000000156e+01
-7.882000000000000455e+02 1.803000000000000114e+01 3.092999999999999972e+01
-7.880499999999999545e+02 2.771999999999999886e+01 7.730000000000000426e+00
-7.881200000000000045e+02 3.945000000000000284e+01 5.419999999999999929e+00
-7.882799999999999727e+02 2.242000000000000171e+01 2.662999999999999901e+01
-7.883400000000000318e+02 3.735999999999999943e+01 2.671999999999999886e+01
-7.881200000000000045e+02 3.425000000000000000e+01 8.810000000000000497e+00
-7.881100000000000136e+02 2.669999999999999929e+01 1.330000000000000071e+01
-7.885199999999999818e+02 3.350999999999999801e+01 4.349000000000000199e+01
-7.877500000000000000e+02 3.187000000000000099e+01 1.199999999999999956e-01
-7.882899999999999636e+02 5.599999999999999645e+00 4.342000000000000171e+01
-7.879299999999999500e+02 2.573999999999999844e+01 8.449999999999999289e+00
-7.884299999999999500e+02 2.548999999999999844e+01 4.039000000000000057e+01
-7.884900000000000091e+02 4.232999999999999829e+01 4.184000000000000341e+01
-7.878400000000000318e+02 1.619999999999999929e+01 2.878000000000000114e+01
-7.882999999999999545e+02 1.159999999999999964e+01 3.574000000000000199e+01
-7.883600000000000136e+02 2.235999999999999943e+01 3.126000000000000156e+01
-7.881599999999999682e+02 3.495000000000000284e+01 1.378999999999999915e+01
-7.880299999999999727e+02 3.952000000000000313e+01 1.530000000000000027e+00
-7.881699999999999591e+02 2.392000000000000171e+01 2.612000000000000099e+01
-7.883600000000000136e+02 1.726000000000000156e+01 3.659000000000000341e+01
-7.883500000000000227e+02 2.017999999999999972e+01 3.246999999999999886e+01
-7.885000000000000000e+02 2.223000000000000043e+01 4.635000000000000142e+01
-7.879900000000000091e+02 2.453999999999999915e+01 1.093999999999999950e+01
-7.885099999999999909e+02 3.389999999999999858e+01 4.256000000000000227e+01
-7.883600000000000136e+02 3.075000000000000000e+01 2.957999999999999829e+01
-7.880099999999999909e+02 2.050000000000000000e+01 1.826999999999999957e+01
-7.884800000000000182e+02 3.596999999999999886e+01 4.157999999999999829e+01
-7.881399999999999864e+02 3.757000000000000028e+01 8.470000000000000639e+00
-7.881200000000000045e+02 3.638000000000000256e+01 5.900000000000000355e+00
-7.882100000000000364e+02 2.414999999999999858e+01 2.617999999999999972e+01
-7.883099999999999454e+02 1.209999999999999964e+01 3.545000000000000284e+01
-7.878300000000000409e+02 3.603999999999999915e+01 1.389999999999999902e+00
-7.879299999999999500e+02 2.971999999999999886e+01 3.870000000000000107e+00
-7.880700000000000500e+02 2.532000000000000028e+01 1.558999999999999986e+01
-7.883500000000000227e+02 1.048000000000000043e+01 3.743999999999999773e+01
-7.881499999999999773e+02 3.048999999999999844e+01 1.937000000000000099e+01
-7.882100000000000364e+02 1.983999999999999986e+01 2.912999999999999901e+01
-7.884299999999999500e+02 1.197000000000000064e+01 4.642999999999999972e+01
-7.882799999999999727e+02 1.586999999999999922e+01 3.389000000000000057e+01
-7.880499999999999545e+02 3.078000000000000114e+01 7.059999999999999609e+00
-7.882200000000000273e+02 2.773000000000000043e+01 2.067000000000000171e+01
-7.879400000000000546e+02 4.210999999999999943e+01 2.500000000000000000e-01
-7.883500000000000227e+02 3.678000000000000114e+01 2.748000000000000043e+01
-7.884800000000000182e+02 2.767999999999999972e+01 4.196999999999999886e+01
-7.876200000000000045e+02 4.140999999999999659e+01 4.000000000000000083e-02
-7.884099999999999682e+02 1.639999999999999858e+01 4.202000000000000313e+01
-7.878400000000000318e+02 1.642999999999999972e+01 2.830000000000000071e+01
-7.883700000000000045e+02 1.894999999999999929e+01 3.474000000000000199e+01
-7.882999999999999545e+02 8.199999999999999289e+00 4.132999999999999829e+01
-7.883899999999999864e+02 5.250000000000000000e+00 4.667000000000000171e+01
-7.880199999999999818e+02 3.420000000000000284e+01 2.750000000000000000e+00
-7.882000000000000455e+02 3.597999999999999687e+01 1.377999999999999936e+01
-7.881000000000000227e+02 2.603999999999999915e+01 1.368999999999999950e+01
-7.882000000000000455e+02 2.371999999999999886e+01 2.612999999999999901e+01
-7.883500000000000227e+02 2.644000000000000128e+01 3.071999999999999886e+01
-7.885399999999999636e+02 3.238000000000000256e+01 4.467999999999999972e+01
-7.882500000000000000e+02 2.562999999999999901e+01 2.262000000000000099e+01
-7.880399999999999636e+02 2.467999999999999972e+01 1.080000000000000071e+01
-7.884099999999999682e+02 1.639999999999999858e+01 4.202000000000000313e+01
-7.879700000000000273e+02 2.187000000000000099e+01 1.753000000000000114e+01
-7.881499999999999773e+02 3.274000000000000199e+01 1.723000000000000043e+01
-7.877799999999999727e+02 3.224000000000000199e+01 8.800000000000000044e-01
-7.877999999999999545e+02 3.101000000000000156e+01 2.720000000000000195e+00
-7.878500000000000227e+02 3.550000000000000000e+01 1.739999999999999991e+00
-7.880800000000000409e+02 2.644999999999999929e+01 1.169999999999999929e+01
-7.881000000000000227e+02 3.278000000000000114e+01 8.000000000000000000e+00
-7.883999999999999773e+02 1.176999999999999957e+01 4.564999999999999858e+01
-7.882000000000000455e+02 3.300000000000000000e+01 1.559999999999999964e+01
-7.885299999999999727e+02 2.776999999999999957e+01 4.488000000000000256e+01
-7.882500000000000000e+02 1.753999999999999915e+01 3.182999999999999829e+01
-7.884800000000000182e+02 2.767999999999999972e+01 4.196999999999999886e+01
-7.882999999999999545e+02 8.380000000000000782e+00 4.117999999999999972e+01
-7.884099999999999682e+02 3.629999999999999716e+01 3.464999999999999858e+01
-7.882899999999999636e+02 9.580000000000000071e+00 3.845000000000000284e+01
-7.881200000000000045e+02 4.232999999999999829e+01 3.560000000000000053e+00
-7.880599999999999454e+02 2.332999999999999829e+01 2.023000000000000043e+01
-7.883300000000000409e+02 1.767000000000000171e+01 3.274000000000000199e+01
-7.882000000000000455e+02 2.489000000000000057e+01 2.421999999999999886e+01
-7.878400000000000318e+02 1.696999999999999886e+01 2.739999999999999858e+01
-7.883600000000000136e+02 5.179999999999999716e+00 4.350000000000000000e+01
-7.880599999999999454e+02 2.919000000000000128e+01 7.809999999999999609e+00
-7.882799999999999727e+02 2.369999999999999929e+01 2.630000000000000071e+01
-7.883700000000000045e+02 3.082000000000000028e+01 3.055000000000000071e+01
-7.879500000000000455e+02 3.835999999999999943e+01 1.530000000000000027e+00
-7.880800000000000409e+02 3.639999999999999858e+01 2.330000000000000071e+00
-7.882899999999999636e+02 2.126000000000000156e+01 2.742999999999999972e+01
-7.879099999999999682e+02 2.848999999999999844e+01 5.849999999999999645e+00
-7.884700000000000273e+02 2.978000000000000114e+01 4.092999999999999972e+01
-7.883500000000000227e+02 9.330000000000000071e+00 4.257000000000000028e+01
-7.885399999999999636e+02 3.957000000000000028e+01 4.359000000000000341e+01
-7.883099999999999454e+02 2.028000000000000114e+01 2.933999999999999986e+01
-7.881900000000000546e+02 3.709000000000000341e+01 1.218999999999999950e+01
-7.877999999999999545e+02 1.867000000000000171e+01 2.387999999999999901e+01
-7.881000000000000227e+02 2.907000000000000028e+01 8.109999999999999432e+00
-7.884800000000000182e+02 1.782000000000000028e+01 4.540999999999999659e+01
-7.880599999999999454e+02 3.363000000000000256e+01 5.870000000000000107e+00
-7.885499999999999545e+02 2.957000000000000028e+01 4.627000000000000313e+01
-7.879099999999999682e+02 4.300000000000000000e+01 0.000000000000000000e+00
-7.884400000000000546e+02 3.293999999999999773e+01 3.924000000000000199e+01
-7.882400000000000091e+02 2.835999999999999943e+01 2.132000000000000028e+01
-7.880499999999999545e+02 2.230000000000000071e+01 1.216999999999999993e+01
-7.881299999999999955e+02 2.871999999999999886e+01 1.426999999999999957e+01
-7.884299999999999500e+02 7.780000000000000249e+00 4.715999999999999659e+01
-7.883099999999999454e+02 1.225999999999999979e+01 3.517000000000000171e+01
-7.880199999999999818e+02 2.146000000000000085e+01 1.812000000000000099e+01
-7.881299999999999955e+02 3.649000000000000199e+01 5.830000000000000071e+00
-7.881399999999999864e+02 3.026999999999999957e+01 1.917999999999999972e+01
-7.883300000000000409e+02 3.185000000000000142e+01 2.867999999999999972e+01
