-7.880199999999999818e+02 4.346000000000000085e+01 2.700000000000000178e-01
-7.883700000000000045e+02 1.885999999999999943e+01 3.939000000000000057e+01
-7.881599999999999682e+02 3.495000000000000284e+01 1.378999999999999915e+01
-7.881000000000000227e+02 3.278000000000000114e+01 8.000000000000000000e+00
-7.883300000000000409e+02 3.725000000000000000e+01 2.651999999999999957e+01
-7.881799999999999500e+02 2.462000000000000099e+01 2.539000000000000057e+01
-7.884299999999999500e+02 4.370000000000000107e+00 4.792999999999999972e+01
-7.882899999999999636e+02 5.599999999999999645e+00 4.342000000000000171e+01
-7.879900000000000091e+02 4.189000000000000057e+01 6.700000000000000400e-01
-7.882500000000000000e+02 2.744999999999999929e+01 2.223000000000000043e+01
-7.880399999999999636e+02 2.562999999999999901e+01 8.470000000000000639e+00
-7.881599999999999682e+02 3.064999999999999858e+01 1.867999999999999972e+01
-7.878300000000000409e+02 1.660999999999999943e+01 2.812999999999999901e+01
-7.877999999999999545e+02 1.867000000000000171e+01 2.387999999999999901e+01
-7.880599999999999454e+02 2.292000000000000171e+01 1.810999999999999943e+01
-7.883600000000000136e+02 5.179999999999999716e+00 4.350000000000000000e+01
-7.878300000000000409e+02 3.603999999999999915e+01 1.389999999999999902e+00
-7.884400000000000546e+02 1.048000000000000043e+01 4.700000000000000000e+01
-7.882599999999999909e+02 1.644000000000000128e+01 3.350000000000000000e+01
-7.885399999999999636e+02 2.337000000000000099e+01 4.622999999999999687e+01
-7.885700000000000500e+02 3.504999999999999716e+01 4.614999999999999858e+01
-7.882999999999999545e+02 1.159999999999999964e+01 3.574000000000000199e+01
-7.884700000000000273e+02 2.544999999999999929e+01 4.317999999999999972e+01
-7.883600000000000136e+02 1.174000000000000021e+01 4.182999999999999829e+01
-7.880199999999999818e+02 2.198999999999999844e+01 1.259999999999999964e+01
-7.872599999999999909e+02 3.627000000000000313e+01 0.000000000000000000e+00
-7.881499999999999773e+02 3.749000000000000199e+01 8.609999999999999432e+00
-7.883600000000000136e+02 2.235999999999999943e+01 3.126000000000000156e+01
-7.882200000000000273e+02 3.350000000000000000e+01 1.655000000000000071e+01
-7.880000000000000000e+02 3.442000000000000171e+01 2.700000000000000178e+00
-7.884299999999999500e+02 3.327000000000000313e+01 3.747999999999999687e+01
-7.877799999999999727e+02 2.964999999999999858e+01 8.199999999999999512e-01
-7.881000000000000227e+02 2.728000000000000114e+01 1.294999999999999929e+01
-7.878700000000000045e+02 1.789000000000000057e+01 2.776999999999999957e+01
-7.883500000000000227e+02 3.123000000000000043e+01 2.951000000000000156e+01
-7.881000000000000227e+02 3.553999999999999915e+01 4.250000000000000000e+00
-7.884500000000000455e+02 1.778999999999999915e+01 4.596000000000000085e+01
-7.882599999999999909e+02 2.300000000000000000e+01 2.625000000000000000e+01
-7.878999999999999773e+02 2.898000000000000043e+01 4.830000000000000071e+00
-7.882300000000000182e+02 7.599999999999999645e+00 4.254999999999999716e+01
-7.877500000000000000e+02 3.187000000000000099e+01 1.199999999999999956e-01
-7.879700000000000273e+02 2.791000000000000014e+01 6.230000000000000426e+00
-7.884299999999999500e+02 7.780000000000000249e+00 4.715999999999999659e+01
-7.878400000000000318e+02 1.619999999999999929e+01 2.878000000000000114e+01
-7.883500000000000227e+02 2.480000000000000071e+01 3.089000000000000057e+01
-7.883200000000000500e+02 1.477999999999999936e+01 3.532000000000000028e+01
-7.882000000000000455e+02 2.489000000000000057e+01 2.421999999999999886e+01
-7.882799999999999727e+02 1.375999999999999979e+01 3.382999999999999829e+01
-7.884900000000000091e+02 4.232999999999999829e+01 4.184000000000000341e+01
-7.881900000000000546e+02 3.250999999999999801e+01 1.637000000000000099e+01
-7.881200000000000045e+02 4.232999999999999829e+01 3.560000000000000053e+00
-7.880800000000000409e+02 2.460999999999999943e+01 1.543999999999999950e+01
-7.878799999999999955e+02 3.788000000000000256e+01 5.500000000000000444e-01
-7.883899999999999864e+02 1.310999999999999943e+01 4.460000000000000142e+01
-7.884800000000000182e+02 2.303000000000000114e+01 4.509000000000000341e+01
-7.882899999999999636e+02 2.126000000000000156e+01 2.742999999999999972e+01
-7.883999999999999773e+02 5.849999999999999645e+00 4.686999999999999744e+01
-7.883500000000000227e+02 3.194000000000000128e+01 2.948000000000000043e+01
-7.880399999999999636e+02 2.467999999999999972e+01 1.080000000000000071e+01
-7.882400000000000091e+02 2.742000000000000171e+01 2.226999999999999957e+01
-7.880700000000000500e+02 3.311999999999999744e+01 4.849999999999999645e+00
-7.882899999999999636e+02 1.889000000000000057e+01 3.046999999999999886e+01
-7.883400000000000318e+02 3.735999999999999943e+01 2.671999999999999886e+01
-7.881399999999999864e+02 3.220000000000000284e+01 8.369999999999999218e+00
-7.879500000000000455e+02 3.835999999999999943e+01 1.530000000000000027e+00
-7.880800000000000409e+02 2.605000000000000071e+01 1.023000000000000043e+01
-7.879299999999999500e+02 2.971999999999999886e+01 3.870000000000000107e+00
-7.878999999999999773e+02 1.994999999999999929e+01 2.201000000000000156e+01
-7.882100000000000364e+02 3.428000000000000114e+01 1.499000000000000021e+01
-7.885000000000000000e+02 2.223000000000000043e+01 4.635000000000000142e+01
-7.885099999999999909e+02 3.389999999999999858e+01 4.256000000000000227e+01
-7.881599999999999682e+02 3.850000000000000000e+01 1.025999999999999979e+01
-7.878600000000000136e+02 1.848999999999999844e+01 2.667000000000000171e+01
-7.885299999999999727e+02 2.776999999999999957e+01 4.488000000000000256e+01
-7.881599999999999682e+02 3.667999999999999972e+01 1.202999999999999936e+01
-7.884299999999999500e+02 1.197000000000000064e+01 4.642999999999999972e+01
-7.882799999999999727e+02 2.301999999999999957e+01 2.621000000000000085e+01
-7.881000000000000227e+02 3.471000000000000085e+01 4.950000000000000178e+00
-7.883999999999999773e+02 2.791000000000000014e+01 3.128999999999999915e+01
-7.879199999999999591e+02 2.923000000000000043e+01 4.190000000000000391e+00
-7.880099999999999909e+02 2.392999999999999972e+01 8.529999999999999361e+00
-7.878400000000000318e+02 1.696999999999999886e+01 2.739999999999999858e+01
-7.880299999999999727e+02 3.952000000000000313e+01 1.530000000000000027e+00
-7.881200000000000045e+02 2.978999999999999915e+01 1.091000000000000014e+01
-7.883200000000000500e+02 3.148000000000000043e+01 2.857999999999999829e+01
-7.878500000000000227e+02 3.550000000000000000e+01 1.739999999999999991e+00
-7.883600000000000136e+02 6.559999999999999609e+00 4.332999999999999829e+01
-7.878400000000000318e+02 1.642999999999999972e+01 2.830000000000000071e+01
-7.883300000000000409e+02 1.308999999999999986e+01 3.600000000000000000e+01
-7.883300000000000409e+02 2.230999999999999872e+01 3.098000000000000043e+01
-7.883500000000000227e+02 3.597999999999999687e+01 2.712000000000000099e+01
-7.882599999999999909e+02 1.518999999999999950e+01 3.357999999999999829e+01
-7.880499999999999545e+02 2.230000000000000071e+01 1.216999999999999993e+01
-7.879800000000000182e+02 2.894000000000000128e+01 5.320000000000000284e+00
-7.882300000000000182e+02 2.619999999999999929e+01 2.283999999999999986e+01
-7.885399999999999636e+02 3.238000000000000256e+01 4.467999999999999972e+01
-7.883099999999999454e+02 1.225999999999999979e+01 3.517000000000000171e+01
-7.884299999999999500e+02 2.548999999999999844e+01 4.039000000000000057e+01
-7.885199999999999818e+02 2.721999999999999886e+01 4.524000000000000199e+01
-7.885099999999999909e+02 1.926999999999999957e+01 4.654999999999999716e+01
-7.880199999999999818e+02 2.146000000000000085e+01 1.812000000000000099e+01
-7.883799999999999955e+02 1.366999999999999993e+01 4.249000000000000199e+01
-7.882100000000000364e+02 3.119999999999999929e+01 1.748999999999999844e+01
-7.880800000000000409e+02 3.187999999999999901e+01 9.919999999999999929e+00
-7.882699999999999818e+02 2.333999999999999986e+01 2.578999999999999915e+01
-7.883700000000000045e+02 2.007000000000000028e+01 3.354999999999999716e+01
-7.877999999999999545e+02 3.101000000000000156e+01 2.720000000000000195e+00
-7.881299999999999955e+02 3.671999999999999886e+01 5.330000000000000071e+00
-7.884800000000000182e+02 1.782000000000000028e+01 4.540999999999999659e+01
-7.885800000000000409e+02 4.152000000000000313e+01 4.757000000000000028e+01
-7.882400000000000091e+02 2.646999999999999886e+01 2.387000000000000099e+01
-7.883099999999999454e+02 1.209999999999999964e+01 3.545000000000000284e+01
-7.879299999999999500e+02 2.623000000000000043e+01 8.019999999999999574e+00
-7.884800000000000182e+02 4.152000000000000313e+01 4.175999999999999801e+01
-7.883500000000000227e+02 1.039000000000000057e+01 3.750999999999999801e+01
-7.881000000000000227e+02 2.603999999999999915e+01 1.368999999999999950e+01
-7.882500000000000000e+02 1.842999999999999972e+01 3.075000000000000000e+01
-7.879700000000000273e+02 3.080999999999999872e+01 4.030000000000000249e+00
-7.883899999999999864e+02 5.250000000000000000e+00 4.667000000000000171e+01
-7.877100000000000364e+02 3.845000000000000284e+01 0.000000000000000000e+00
-7.884900000000000091e+02 2.639000000000000057e+01 4.321000000000000085e+01
-7.881499999999999773e+02 3.664000000000000057e+01 1.276999999999999957e+01
-7.881799999999999500e+02 3.196000000000000085e+01 1.746999999999999886e+01
-7.881399999999999864e+02 3.461999999999999744e+01 7.129999999999999893e+00
-7.883500000000000227e+02 1.660999999999999943e+01 3.275999999999999801e+01
-7.880099999999999909e+02 2.050000000000000000e+01 1.826999999999999957e+01
-7.883799999999999955e+02 3.207999999999999829e+01 3.025000000000000000e+01
-7.878400000000000318e+02 1.846000000000000085e+01 2.646000000000000085e+01
