-7.881499999999999773e+02 3.749000000000000199e+01 8.609999999999999432e+00
-7.881100000000000136e+02 3.117999999999999972e+01 7.509999999999999787e+00
-7.884500000000000455e+02 3.553999999999999915e+01 4.081000000000000227e+01
-7.882999999999999545e+02 1.667000000000000171e+01 3.224000000000000199e+01
-7.881399999999999864e+02 3.075000000000000000e+01 1.801999999999999957e+01
-7.883500000000000227e+02 3.100000000000000000e+01 2.953000000000000114e+01
-7.884299999999999500e+02 2.492000000000000171e+01 3.996000000000000085e+01
-7.880000000000000000e+02 2.998999999999999844e+01 3.819999999999999840e+00
-7.879099999999999682e+02 4.265999999999999659e+01 0.000000000000000000e+00
-7.880900000000000318e+02 2.691000000000000014e+01 1.331000000000000050e+01
-7.880900000000000318e+02 3.767000000000000171e+01 3.540000000000000036e+00
-7.877799999999999727e+02 2.964999999999999858e+01 8.199999999999999512e-01
-7.884500000000000455e+02 1.061999999999999922e+01 4.729999999999999716e+01
-7.884299999999999500e+02 4.370000000000000107e+00 4.792999999999999972e+01
-7.882200000000000273e+02 3.350000000000000000e+01 1.655000000000000071e+01
-7.883300000000000409e+02 3.754999999999999716e+01 2.646000000000000085e+01
-7.882000000000000455e+02 9.460000000000000853e+00 4.131000000000000227e+01
-7.878500000000000227e+02 3.550000000000000000e+01 1.739999999999999991e+00
-7.885700000000000500e+02 3.504999999999999716e+01 4.614999999999999858e+01
-7.881599999999999682e+02 3.495000000000000284e+01 1.378999999999999915e+01
-7.880099999999999909e+02 2.648000000000000043e+01 7.790000000000000036e+00
-7.882899999999999636e+02 5.599999999999999645e+00 4.342000000000000171e+01
-7.880199999999999818e+02 2.146000000000000085e+01 1.812000000000000099e+01
-7.880199999999999818e+02 4.346000000000000085e+01 2.700000000000000178e-01
-7.880199999999999818e+02 2.198999999999999844e+01 1.259999999999999964e+01
-7.883799999999999955e+02 3.319999999999999840e+00 4.653000000000000114e+01
-7.882599999999999909e+02 2.275000000000000000e+01 2.676999999999999957e+01
-7.878700000000000045e+02 1.789000000000000057e+01 2.776999999999999957e+01
-7.877999999999999545e+02 1.867000000000000171e+01 2.387999999999999901e+01
-7.883700000000000045e+02 2.198999999999999844e+01 3.144999999999999929e+01
-7.884700000000000273e+02 1.755000000000000071e+01 4.563000000000000256e+01
-7.882599999999999909e+02 2.692000000000000171e+01 2.196999999999999886e+01
-7.883600000000000136e+02 1.134999999999999964e+01 4.202000000000000313e+01
-7.880900000000000318e+02 2.582999999999999829e+01 2.348000000000000043e+01
-7.878999999999999773e+02 2.898000000000000043e+01 4.830000000000000071e+00
-7.885700000000000500e+02 2.751999999999999957e+01 4.642999999999999972e+01
-7.883600000000000136e+02 1.441999999999999993e+01 3.611999999999999744e+01
-7.878200000000000500e+02 3.549000000000000199e+01 2.919999999999999929e+00
-7.880399999999999636e+02 2.467999999999999972e+01 1.080000000000000071e+01
-7.883500000000000227e+02 3.597999999999999687e+01 2.712000000000000099e+01
-7.885399999999999636e+02 2.337000000000000099e+01 4.622999999999999687e+01
-7.884700000000000273e+02 1.189000000000000057e+01 4.720000000000000284e+01
-7.881000000000000227e+02 3.108999999999999986e+01 1.044999999999999929e+01
-7.880499999999999545e+02 2.230000000000000071e+01 1.216999999999999993e+01
-7.885599999999999454e+02 3.713000000000000256e+01 4.478000000000000114e+01
-7.877999999999999545e+02 3.101000000000000156e+01 2.720000000000000195e+00
-7.880000000000000000e+02 3.017999999999999972e+01 3.520000000000000018e+00
-7.882400000000000091e+02 3.003000000000000114e+01 1.910000000000000142e+01
-7.882000000000000455e+02 3.211999999999999744e+01 1.678000000000000114e+01
-7.880399999999999636e+02 2.562999999999999901e+01 8.470000000000000639e+00
-7.884600000000000364e+02 2.162000000000000099e+01 4.225000000000000000e+01
-7.884700000000000273e+02 2.123999999999999844e+01 4.528999999999999915e+01
-7.881599999999999682e+02 3.064999999999999858e+01 1.867999999999999972e+01
-7.882000000000000455e+02 2.489000000000000057e+01 2.421999999999999886e+01
-7.881900000000000546e+02 3.609000000000000341e+01 1.316000000000000014e+01
-7.882799999999999727e+02 1.123000000000000043e+01 3.728999999999999915e+01
-7.882899999999999636e+02 1.889000000000000057e+01 3.046999999999999886e+01
-7.883600000000000136e+02 3.293999999999999773e+01 2.873000000000000043e+01
-7.881699999999999591e+02 3.590999999999999659e+01 9.410000000000000142e+00
-7.883400000000000318e+02 1.259999999999999964e+01 3.568999999999999773e+01
-7.877300000000000182e+02 3.295000000000000284e+01 0.000000000000000000e+00
-7.883600000000000136e+02 6.559999999999999609e+00 4.332999999999999829e+01
-7.881000000000000227e+02 3.471000000000000085e+01 4.950000000000000178e+00
-7.883799999999999955e+02 2.117000000000000171e+01 3.235000000000000142e+01
-7.878300000000000409e+02 1.800000000000000000e+01 2.598999999999999844e+01
-7.880000000000000000e+02 4.171000000000000085e+01 8.399999999999999689e-01
-7.882799999999999727e+02 2.301999999999999957e+01 2.621000000000000085e+01
-7.883799999999999955e+02 5.370000000000000107e+00 4.643999999999999773e+01
-7.880099999999999909e+02 2.050000000000000000e+01 1.826999999999999957e+01
-7.885000000000000000e+02 3.590999999999999659e+01 4.246000000000000085e+01
-7.879600000000000364e+02 2.692000000000000171e+01 7.299999999999999822e+00
-7.883300000000000409e+02 1.268999999999999950e+01 3.413000000000000256e+01
-7.882000000000000455e+02 2.617000000000000171e+01 2.312999999999999901e+01
-7.879900000000000091e+02 4.189000000000000057e+01 6.700000000000000400e-01
-7.883200000000000500e+02 3.148000000000000043e+01 2.857999999999999829e+01
-7.880299999999999727e+02 2.350000000000000000e+01 1.096000000000000085e+01
-7.880399999999999636e+02 3.971999999999999886e+01 2.270000000000000018e+00
-7.885099999999999909e+02 2.457999999999999829e+01 4.471999999999999886e+01
-7.881399999999999864e+02 3.461999999999999744e+01 7.129999999999999893e+00
-7.882899999999999636e+02 2.287999999999999901e+01 2.651999999999999957e+01
-7.882100000000000364e+02 3.507000000000000028e+01 1.592999999999999972e+01
-7.885399999999999636e+02 2.335000000000000142e+01 4.653999999999999915e+01
-7.878500000000000227e+02 1.819000000000000128e+01 2.650000000000000000e+01
-7.883300000000000409e+02 3.725000000000000000e+01 2.651999999999999957e+01
-7.885599999999999454e+02 3.871000000000000085e+01 4.470000000000000284e+01
-7.883600000000000136e+02 2.126000000000000156e+01 3.098999999999999844e+01
-7.878700000000000045e+02 3.254999999999999716e+01 3.040000000000000036e+00
-7.884400000000000546e+02 3.135000000000000142e+01 3.934000000000000341e+01
-7.884500000000000455e+02 7.740000000000000213e+00 4.752000000000000313e+01
-7.883600000000000136e+02 1.174000000000000021e+01 4.182999999999999829e+01
-7.881000000000000227e+02 2.728000000000000114e+01 1.294999999999999929e+01
-7.877500000000000000e+02 3.187000000000000099e+01 1.199999999999999956e-01
-7.879199999999999591e+02 2.923000000000000043e+01 4.190000000000000391e+00
-7.881900000000000546e+02 3.352000000000000313e+01 1.563000000000000078e+01
-7.883600000000000136e+02 4.450000000000000178e+00 4.600000000000000000e+01
-7.881799999999999500e+02 3.046999999999999886e+01 1.871999999999999886e+01
-7.881799999999999500e+02 3.784000000000000341e+01 1.139000000000000057e+01
-7.884900000000000091e+02 1.730000000000000071e+01 4.635000000000000142e+01
-7.879600000000000364e+02 2.926000000000000156e+01 4.719999999999999751e+00
-7.883300000000000409e+02 1.803000000000000114e+01 3.228000000000000114e+01
-7.880800000000000409e+02 2.460999999999999943e+01 1.543999999999999950e+01
-7.883099999999999454e+02 1.207000000000000028e+01 3.810999999999999943e+01
-7.882999999999999545e+02 1.152999999999999936e+01 3.679999999999999716e+01
-7.882799999999999727e+02 2.062000000000000099e+01 2.860000000000000142e+01
-7.884099999999999682e+02 8.220000000000000639e+00 4.697999999999999687e+01
-7.880099999999999909e+02 2.392999999999999972e+01 8.529999999999999361e+00
-7.878400000000000318e+02 1.846000000000000085e+01 2.646000000000000085e+01
-7.880399999999999636e+02 2.457999999999999829e+01 1.121000000000000085e+01
-7.885499999999999545e+02 3.682000000000000028e+01 4.518999999999999773e+01
-7.882400000000000091e+02 3.010999999999999943e+01 1.901999999999999957e+01
-7.882699999999999818e+02 1.885999999999999943e+01 3.123000000000000043e+01
-7.885199999999999818e+02 2.153000000000000114e+01 4.600000000000000000e+01
-7.884600000000000364e+02 3.574000000000000199e+01 4.093999999999999773e+01
-7.882100000000000364e+02 2.951999999999999957e+01 1.957000000000000028e+01
-7.883999999999999773e+02 5.849999999999999645e+00 4.686999999999999744e+01
-7.883099999999999454e+02 1.353999999999999915e+01 3.378000000000000114e+01
-7.880599999999999454e+02 3.089999999999999858e+01 9.019999999999999574e+00
-7.883999999999999773e+02 1.050000000000000000e+01 4.315999999999999659e+01
-7.884800000000000182e+02 2.153999999999999915e+01 4.496000000000000085e+01
-7.883500000000000227e+02 3.209000000000000341e+01 2.912000000000000099e+01
-7.880099999999999909e+02 4.067999999999999972e+01 9.599999999999999645e-01
-7.882599999999999909e+02 2.660000000000000142e+01 2.344000000000000128e+01
-7.881200000000000045e+02 3.114000000000000057e+01 1.125999999999999979e+01
-7.884900000000000091e+02 3.092999999999999972e+01 4.238000000000000256e+01
-7.878500000000000227e+02 3.039000000000000057e+01 3.049999999999999822e+00
-7.883300000000000409e+02 1.839999999999999858e+01 3.185000000000000142e+01
-7.880199999999999818e+02 2.087999999999999901e+01 1.885000000000000142e+01
-7.880499999999999545e+02 4.177000000000000313e+01 2.560000000000000053e+00
