-7.884500000000000455e+02 1.061999999999999922e+01 4.729999999999999716e+01
-7.880199999999999818e+02 2.198999999999999844e+01 1.259999999999999964e+01
-7.880099999999999909e+02 2.648000000000000043e+01 7.790000000000000036e+00
-7.884700000000000273e+02 1.755000000000000071e+01 4.563000000000000256e+01
-7.878999999999999773e+02 2.898000000000000043e+01 4.830000000000000071e+00
-7.878700000000000045e+02 1.789000000000000057e+01 2.776999999999999957e+01
-7.884400000000000546e+02 3.135000000000000142e+01 3.934000000000000341e+01
-7.882000000000000455e+02 2.489000000000000057e+01 2.421999999999999886e+01
-7.883600000000000136e+02 1.099000000000000021e+01 4.206000000000000227e+01
-7.883500000000000227e+02 3.100000000000000000e+01 2.953000000000000114e+01
-7.882599999999999909e+02 1.058000000000000007e+01 3.743999999999999773e+01
-7.880199999999999818e+02 4.346000000000000085e+01 2.700000000000000178e-01
-7.877999999999999545e+02 1.891000000000000014e+01 2.373999999999999844e+01
-7.881000000000000227e+02 2.662000000000000099e+01 1.232000000000000028e+01
-7.878400000000000318e+02 3.267000000000000171e+01 3.099999999999999978e-01
-7.882200000000000273e+02 3.350000000000000000e+01 1.655000000000000071e+01
-7.883700000000000045e+02 1.614000000000000057e+01 3.920000000000000284e+01
-7.885099999999999909e+02 4.260000000000000142e+01 4.242999999999999972e+01
-7.883799999999999955e+02 3.319999999999999840e+00 4.653000000000000114e+01
-7.880900000000000318e+02 3.767000000000000171e+01 3.540000000000000036e+00
-7.882599999999999909e+02 2.692000000000000171e+01 2.196999999999999886e+01
-7.880199999999999818e+02 3.217000000000000171e+01 3.890000000000000124e+00
-7.877799999999999727e+02 2.964999999999999858e+01 8.199999999999999512e-01
-7.881499999999999773e+02 3.749000000000000199e+01 8.609999999999999432e+00
-7.881399999999999864e+02 3.075000000000000000e+01 1.801999999999999957e+01
-7.881100000000000136e+02 3.117999999999999972e+01 7.509999999999999787e+00
-7.880299999999999727e+02 2.210999999999999943e+01 1.771000000000000085e+01
-7.881399999999999864e+02 3.293999999999999773e+01 1.291999999999999993e+01
-7.883300000000000409e+02 3.825000000000000000e+01 2.635000000000000142e+01
-7.882899999999999636e+02 5.599999999999999645e+00 4.342000000000000171e+01
-7.885499999999999545e+02 2.651000000000000156e+01 4.710000000000000142e+01
-7.883700000000000045e+02 2.198999999999999844e+01 3.144999999999999929e+01
-7.884299999999999500e+02 4.370000000000000107e+00 4.792999999999999972e+01
-7.882999999999999545e+02 1.667000000000000171e+01 3.224000000000000199e+01
-7.879099999999999682e+02 4.265999999999999659e+01 0.000000000000000000e+00
-7.884700000000000273e+02 2.467000000000000171e+01 4.228999999999999915e+01
-7.882599999999999909e+02 2.275000000000000000e+01 2.676999999999999957e+01
-7.885700000000000500e+02 3.504999999999999716e+01 4.614999999999999858e+01
-7.882899999999999636e+02 1.889000000000000057e+01 3.046999999999999886e+01
-7.879700000000000273e+02 2.901999999999999957e+01 4.599999999999999645e+00
-7.877999999999999545e+02 3.101000000000000156e+01 2.720000000000000195e+00
-7.884199999999999591e+02 1.632999999999999829e+01 4.421000000000000085e+01
-7.883799999999999955e+02 2.301000000000000156e+01 3.133999999999999986e+01
-7.883700000000000045e+02 6.009999999999999787e+00 4.382999999999999829e+01
-7.878700000000000045e+02 3.254999999999999716e+01 3.040000000000000036e+00
-7.880099999999999909e+02 4.067999999999999972e+01 9.599999999999999645e-01
-7.880900000000000318e+02 3.359000000000000341e+01 4.750000000000000000e+00
-7.885299999999999727e+02 2.253000000000000114e+01 4.568999999999999773e+01
-7.883600000000000136e+02 2.891000000000000014e+01 2.958999999999999986e+01
-7.882100000000000364e+02 2.185999999999999943e+01 2.819000000000000128e+01
-7.880299999999999727e+02 2.350000000000000000e+01 1.096000000000000085e+01
-7.883999999999999773e+02 2.392999999999999972e+01 4.017999999999999972e+01
-7.882599999999999909e+02 2.612999999999999901e+01 2.226999999999999957e+01
-7.877300000000000182e+02 3.295000000000000284e+01 0.000000000000000000e+00
-7.883300000000000409e+02 1.268999999999999950e+01 3.413000000000000256e+01
-7.883799999999999955e+02 7.799999999999999822e+00 4.365999999999999659e+01
-7.884099999999999682e+02 3.017000000000000171e+01 3.271000000000000085e+01
-7.878500000000000227e+02 1.819000000000000128e+01 2.650000000000000000e+01
-7.881200000000000045e+02 3.315999999999999659e+01 1.071000000000000085e+01
-7.885599999999999454e+02 3.713000000000000256e+01 4.478000000000000114e+01
-7.881799999999999500e+02 3.760000000000000142e+01 1.257000000000000028e+01
-7.880499999999999545e+02 2.617999999999999972e+01 9.570000000000000284e+00
-7.883300000000000409e+02 3.754999999999999716e+01 2.646000000000000085e+01
-7.880800000000000409e+02 2.533999999999999986e+01 1.257000000000000028e+01
-7.880199999999999818e+02 4.335999999999999943e+01 2.899999999999999800e-01
-7.882400000000000091e+02 3.003000000000000114e+01 1.910000000000000142e+01
-7.884400000000000546e+02 6.400000000000000355e+00 4.775000000000000000e+01
-7.880900000000000318e+02 2.660000000000000142e+01 1.794999999999999929e+01
-7.877999999999999545e+02 1.867000000000000171e+01 2.387999999999999901e+01
-7.882000000000000455e+02 9.460000000000000853e+00 4.131000000000000227e+01
-7.881699999999999591e+02 3.590999999999999659e+01 9.410000000000000142e+00
-7.880199999999999818e+02 2.087999999999999901e+01 1.885000000000000142e+01
-7.885700000000000500e+02 3.825000000000000000e+01 4.472999999999999687e+01
-7.880399999999999636e+02 2.562999999999999901e+01 8.470000000000000639e+00
-7.877500000000000000e+02 3.187000000000000099e+01 1.199999999999999956e-01
-7.882799999999999727e+02 2.371999999999999886e+01 2.578999999999999915e+01
-7.880399999999999636e+02 2.939999999999999858e+01 8.099999999999999645e+00
-7.885099999999999909e+02 2.232000000000000028e+01 4.503999999999999915e+01
-7.884600000000000364e+02 1.946000000000000085e+01 4.557999999999999829e+01
-7.882699999999999818e+02 1.885999999999999943e+01 3.123000000000000043e+01
-7.883899999999999864e+02 3.039999999999999858e+01 3.017000000000000171e+01
-7.884700000000000273e+02 1.189000000000000057e+01 4.720000000000000284e+01
-7.881399999999999864e+02 3.103999999999999915e+01 1.791000000000000014e+01
-7.884099999999999682e+02 2.433999999999999986e+01 4.028000000000000114e+01
-7.881799999999999500e+02 3.784000000000000341e+01 1.139000000000000057e+01
-7.882599999999999909e+02 1.064000000000000057e+01 3.739999999999999858e+01
-7.883300000000000409e+02 3.725000000000000000e+01 2.651999999999999957e+01
-7.880599999999999454e+02 3.409000000000000341e+01 3.990000000000000213e+00
-7.883999999999999773e+02 9.990000000000000213e+00 4.632000000000000028e+01
-7.882100000000000364e+02 3.507000000000000028e+01 1.592999999999999972e+01
-7.878400000000000318e+02 1.846000000000000085e+01 2.646000000000000085e+01
-7.880399999999999636e+02 2.467999999999999972e+01 1.080000000000000071e+01
-7.883999999999999773e+02 2.519000000000000128e+01 3.572999999999999687e+01
-7.881799999999999500e+02 3.603000000000000114e+01 1.507000000000000028e+01
-7.882799999999999727e+02 2.639000000000000057e+01 2.296000000000000085e+01
-7.880000000000000000e+02 4.171000000000000085e+01 8.399999999999999689e-01
-7.878500000000000227e+02 3.550000000000000000e+01 1.739999999999999991e+00
-7.878500000000000227e+02 3.039000000000000057e+01 3.049999999999999822e+00
-7.880099999999999909e+02 2.121000000000000085e+01 1.400999999999999979e+01
-7.880800000000000409e+02 2.387999999999999901e+01 1.497000000000000064e+01
-7.880299999999999727e+02 3.246999999999999886e+01 3.819999999999999840e+00
-7.885000000000000000e+02 3.629999999999999716e+01 4.335999999999999943e+01
-7.884099999999999682e+02 6.419999999999999929e+00 4.724000000000000199e+01
-7.883500000000000227e+02 1.780000000000000071e+01 3.209000000000000341e+01
-7.878300000000000409e+02 1.800000000000000000e+01 2.598999999999999844e+01
-7.884400000000000546e+02 1.124000000000000021e+01 4.640999999999999659e+01
-7.883799999999999955e+02 5.200000000000000178e+00 4.615999999999999659e+01
-7.882599999999999909e+02 2.808999999999999986e+01 2.067999999999999972e+01
-7.885700000000000500e+02 2.751999999999999957e+01 4.642999999999999972e+01
-7.882999999999999545e+02 1.152999999999999936e+01 3.679999999999999716e+01
-7.883099999999999454e+02 1.642000000000000171e+01 3.290999999999999659e+01
-7.881200000000000045e+02 2.817000000000000171e+01 1.515000000000000036e+01
-7.883400000000000318e+02 2.671000000000000085e+01 2.889999999999999858e+01
-7.884299999999999500e+02 2.492000000000000171e+01 3.996000000000000085e+01
-7.885599999999999454e+02 3.472999999999999687e+01 4.490999999999999659e+01
-7.884900000000000091e+02 1.887999999999999901e+01 4.746000000000000085e+01
-7.883999999999999773e+02 1.050000000000000000e+01 4.315999999999999659e+01
-7.879199999999999591e+02 2.923000000000000043e+01 4.190000000000000391e+00
-7.880700000000000500e+02 3.196000000000000085e+01 6.110000000000000320e+00
-7.883300000000000409e+02 1.882000000000000028e+01 3.162000000000000099e+01
-7.881900000000000546e+02 3.577000000000000313e+01 1.538000000000000078e+01
-7.882200000000000273e+02 3.167999999999999972e+01 1.719999999999999929e+01
-7.882799999999999727e+02 2.364000000000000057e+01 2.692000000000000171e+01
-7.880700000000000500e+02 2.275000000000000000e+01 1.900000000000000000e+01
-7.880499999999999545e+02 2.230000000000000071e+01 1.216999999999999993e+01
-7.880599999999999454e+02 3.085000000000000142e+01 5.709999999999999964e+00
-7.883500000000000227e+02 3.597999999999999687e+01 2.712000000000000099e+01
-7.880599999999999454e+02 3.986999999999999744e+01 2.899999999999999911e+00
