-7.879700000000000273e+02 3.023999999999999844e+01 2.939999999999999947e+00
-7.885700000000000500e+02 3.504999999999999716e+01 4.614999999999999858e+01
-7.881599999999999682e+02 3.706000000000000227e+01 8.640000000000000568e+00
-7.880299999999999727e+02 2.210999999999999943e+01 1.771000000000000085e+01
-7.882100000000000364e+02 1.725000000000000000e+01 3.196999999999999886e+01
-7.884800000000000182e+02 3.703999999999999915e+01 4.271999999999999886e+01
-7.883500000000000227e+02 3.100000000000000000e+01 2.953000000000000114e+01
-7.883600000000000136e+02 1.099000000000000021e+01 4.206000000000000227e+01
-7.885099999999999909e+02 4.260000000000000142e+01 4.242999999999999972e+01
-7.883300000000000409e+02 3.825000000000000000e+01 2.635000000000000142e+01
-7.878700000000000045e+02 1.789000000000000057e+01 2.776999999999999957e+01
-7.883700000000000045e+02 1.506000000000000050e+01 3.528000000000000114e+01
-7.880099999999999909e+02 2.648000000000000043e+01 7.790000000000000036e+00
-7.880299999999999727e+02 4.292000000000000171e+01 5.500000000000000444e-01
-7.884299999999999500e+02 3.080000000000000071e+00 4.829999999999999716e+01
-7.884500000000000455e+02 1.061999999999999922e+01 4.729999999999999716e+01
-7.881399999999999864e+02 3.293999999999999773e+01 1.291999999999999993e+01
-7.879600000000000364e+02 3.628999999999999915e+01 5.300000000000000266e-01
-7.878400000000000318e+02 3.267000000000000171e+01 3.099999999999999978e-01
-7.880599999999999454e+02 2.632000000000000028e+01 1.246000000000000085e+01
-7.882500000000000000e+02 2.771000000000000085e+01 2.182999999999999829e+01
-7.880199999999999818e+02 2.212999999999999901e+01 1.180000000000000071e+01
-7.882000000000000455e+02 9.460000000000000853e+00 4.131000000000000227e+01
-7.878500000000000227e+02 2.858999999999999986e+01 4.169999999999999929e+00
-7.882899999999999636e+02 2.244999999999999929e+01 2.671999999999999886e+01
-7.877999999999999545e+02 1.878000000000000114e+01 2.321999999999999886e+01
-7.882200000000000273e+02 3.350000000000000000e+01 1.655000000000000071e+01
-7.884700000000000273e+02 2.467000000000000171e+01 4.228999999999999915e+01
-7.883799999999999955e+02 3.319999999999999840e+00 4.653000000000000114e+01
-7.882899999999999636e+02 5.599999999999999645e+00 4.342000000000000171e+01
-7.881299999999999955e+02 2.935999999999999943e+01 1.846999999999999886e+01
-7.880900000000000318e+02 3.767000000000000171e+01 3.540000000000000036e+00
-7.885700000000000500e+02 2.592999999999999972e+01 4.686999999999999744e+01
-7.881100000000000136e+02 3.117999999999999972e+01 7.509999999999999787e+00
-7.882200000000000273e+02 3.589000000000000057e+01 1.355000000000000071e+01
-7.877500000000000000e+02 2.867000000000000171e+01 1.159999999999999920e+00
-7.884700000000000273e+02 1.755000000000000071e+01 4.563000000000000256e+01
-7.883700000000000045e+02 2.198999999999999844e+01 3.144999999999999929e+01
-7.884299999999999500e+02 7.860000000000000320e+00 4.678999999999999915e+01
-7.878099999999999454e+02 1.932999999999999829e+01 2.273999999999999844e+01
-7.880000000000000000e+02 2.021999999999999886e+01 1.614000000000000057e+01
-7.878999999999999773e+02 2.898000000000000043e+01 4.830000000000000071e+00
-7.883099999999999454e+02 2.294000000000000128e+01 2.953000000000000114e+01
-7.883799999999999955e+02 1.835000000000000142e+01 4.031000000000000227e+01
-7.880399999999999636e+02 2.562999999999999901e+01 8.470000000000000639e+00
-7.880199999999999818e+02 2.085999999999999943e+01 1.372000000000000064e+01
-7.877899999999999636e+02 2.948000000000000043e+01 1.370000000000000107e+00
-7.880299999999999727e+02 4.245000000000000284e+01 1.020000000000000018e+00
-7.881699999999999591e+02 3.590999999999999659e+01 9.410000000000000142e+00
-7.882999999999999545e+02 6.679999999999999716e+00 4.342000000000000171e+01
-7.880800000000000409e+02 2.635999999999999943e+01 1.121000000000000085e+01
-7.881200000000000045e+02 3.041000000000000014e+01 1.453999999999999915e+01
-7.878400000000000318e+02 1.846000000000000085e+01 2.646000000000000085e+01
-7.885299999999999727e+02 2.253000000000000114e+01 4.568999999999999773e+01
-7.884299999999999500e+02 4.370000000000000107e+00 4.792999999999999972e+01
-7.879099999999999682e+02 4.265999999999999659e+01 0.000000000000000000e+00
-7.882400000000000091e+02 3.003000000000000114e+01 1.910000000000000142e+01
-7.883799999999999955e+02 5.200000000000000178e+00 4.615999999999999659e+01
-7.882699999999999818e+02 1.885999999999999943e+01 3.123000000000000043e+01
-7.881200000000000045e+02 2.817000000000000171e+01 1.515000000000000036e+01
-7.885700000000000500e+02 3.703999999999999915e+01 4.514000000000000057e+01
-7.885000000000000000e+02 4.160000000000000142e+01 4.135000000000000142e+01
-7.882899999999999636e+02 2.133999999999999986e+01 2.728000000000000114e+01
-7.882999999999999545e+02 1.152999999999999936e+01 3.679999999999999716e+01
-7.878799999999999955e+02 3.332000000000000028e+01 1.489999999999999991e+00
-7.884600000000000364e+02 1.946000000000000085e+01 4.557999999999999829e+01
-7.884099999999999682e+02 3.017000000000000171e+01 3.271000000000000085e+01
-7.879700000000000273e+02 2.901999999999999957e+01 4.599999999999999645e+00
-7.883400000000000318e+02 2.671000000000000085e+01 2.889999999999999858e+01
-7.880599999999999454e+02 3.085000000000000142e+01 5.709999999999999964e+00
-7.884199999999999591e+02 2.564999999999999858e+01 3.953000000000000114e+01
-7.880900000000000318e+02 3.359000000000000341e+01 4.750000000000000000e+00
-7.883300000000000409e+02 3.754999999999999716e+01 2.646000000000000085e+01
-7.882599999999999909e+02 2.692000000000000171e+01 2.196999999999999886e+01
-7.880199999999999818e+02 2.198999999999999844e+01 1.259999999999999964e+01
-7.883300000000000409e+02 1.268999999999999950e+01 3.413000000000000256e+01
-7.883999999999999773e+02 1.516999999999999993e+01 4.467999999999999972e+01
-7.883500000000000227e+02 3.597999999999999687e+01 2.712000000000000099e+01
-7.882799999999999727e+02 2.371999999999999886e+01 2.578999999999999915e+01
-7.877799999999999727e+02 2.964999999999999858e+01 8.199999999999999512e-01
-7.882899999999999636e+02 1.084999999999999964e+01 4.072999999999999687e+01
-7.878999999999999773e+02 3.775000000000000000e+01 2.899999999999999800e-01
-7.885000000000000000e+02 3.629999999999999716e+01 4.335999999999999943e+01
-7.883799999999999955e+02 2.301000000000000156e+01 3.133999999999999986e+01
-7.881000000000000227e+02 4.092000000000000171e+01 4.190000000000000391e+00
-7.880299999999999727e+02 2.350000000000000000e+01 1.096000000000000085e+01
-7.882799999999999727e+02 2.630000000000000071e+01 2.357999999999999829e+01
-7.883200000000000500e+02 3.148000000000000043e+01 2.694999999999999929e+01
-7.881000000000000227e+02 3.424000000000000199e+01 7.179999999999999716e+00
-7.880399999999999636e+02 2.762000000000000099e+01 6.709999999999999964e+00
-7.882999999999999545e+02 1.592999999999999972e+01 3.284000000000000341e+01
-7.880599999999999454e+02 3.150000000000000000e+01 3.640000000000000124e+00
-7.879900000000000091e+02 4.343999999999999773e+01 0.000000000000000000e+00
-7.884099999999999682e+02 6.419999999999999929e+00 4.724000000000000199e+01
-7.882200000000000273e+02 3.167999999999999972e+01 1.719999999999999929e+01
-7.878600000000000136e+02 1.776000000000000156e+01 2.735999999999999943e+01
-7.880800000000000409e+02 2.387999999999999901e+01 1.497000000000000064e+01
-7.881200000000000045e+02 2.980999999999999872e+01 1.465000000000000036e+01
-7.877799999999999727e+02 3.293999999999999773e+01 1.600000000000000033e-01
-7.883700000000000045e+02 6.009999999999999787e+00 4.382999999999999829e+01
-7.877999999999999545e+02 3.101000000000000156e+01 2.720000000000000195e+00
-7.884299999999999500e+02 2.185000000000000142e+01 4.420000000000000284e+01
-7.881200000000000045e+02 3.628999999999999915e+01 7.809999999999999609e+00
-7.883099999999999454e+02 1.168999999999999950e+01 3.417999999999999972e+01
-7.885099999999999909e+02 2.232000000000000028e+01 4.503999999999999915e+01
-7.877999999999999545e+02 1.867000000000000171e+01 2.387999999999999901e+01
-7.881000000000000227e+02 2.594999999999999929e+01 1.862000000000000099e+01
-7.885599999999999454e+02 3.713000000000000256e+01 4.478000000000000114e+01
-7.884600000000000364e+02 2.035999999999999943e+01 4.518999999999999773e+01
-7.882599999999999909e+02 1.775000000000000000e+01 3.101999999999999957e+01
-7.884400000000000546e+02 1.124000000000000021e+01 4.640999999999999659e+01
-7.881399999999999864e+02 3.075000000000000000e+01 1.801999999999999957e+01
-7.880900000000000318e+02 2.857999999999999829e+01 1.210999999999999943e+01
-7.883600000000000136e+02 2.891000000000000014e+01 2.958999999999999986e+01
-7.884600000000000364e+02 3.169000000000000128e+01 4.010999999999999943e+01
-7.883799999999999955e+02 7.799999999999999822e+00 4.365999999999999659e+01
-7.880700000000000500e+02 2.275000000000000000e+01 1.900000000000000000e+01
-7.881900000000000546e+02 2.119999999999999929e+01 3.044999999999999929e+01
-7.881200000000000045e+02 3.395000000000000284e+01 9.519999999999999574e+00
-7.883400000000000318e+02 3.659000000000000341e+01 2.669999999999999929e+01
-7.882400000000000091e+02 2.598000000000000043e+01 2.271999999999999886e+01
-7.883500000000000227e+02 1.780000000000000071e+01 3.209000000000000341e+01
-7.880199999999999818e+02 4.335999999999999943e+01 2.899999999999999800e-01
-7.882899999999999636e+02 1.964000000000000057e+01 3.051000000000000156e+01
-7.885700000000000500e+02 2.751999999999999957e+01 4.642999999999999972e+01
-7.881499999999999773e+02 3.749000000000000199e+01 8.609999999999999432e+00
-7.878099999999999454e+02 1.819000000000000128e+01 2.401999999999999957e+01
-7.882799999999999727e+02 9.730000000000000426e+00 3.709000000000000341e+01
