-7.882200000000000273e+02 2.478999999999999915e+01 2.417999999999999972e+01
-7.883799999999999955e+02 1.835000000000000142e+01 4.031000000000000227e+01
-7.882899999999999636e+02 5.599999999999999645e+00 4.342000000000000171e+01
-7.882899999999999636e+02 2.244999999999999929e+01 2.671999999999999886e+01
-7.882799999999999727e+02 2.630000000000000071e+01 2.357999999999999829e+01
-7.883899999999999864e+02 2.425000000000000000e+01 3.289000000000000057e+01
-7.882100000000000364e+02 1.725000000000000000e+01 3.196999999999999886e+01
-7.879900000000000091e+02 4.343999999999999773e+01 0.000000000000000000e+00
-7.877899999999999636e+02 1.642999999999999972e+01 3.157000000000000028e+01
-7.882999999999999545e+02 1.592999999999999972e+01 3.284000000000000341e+01
-7.883799999999999955e+02 3.319999999999999840e+00 4.653000000000000114e+01
-7.884400000000000546e+02 4.135999999999999943e+01 3.934000000000000341e+01
-7.883300000000000409e+02 3.825000000000000000e+01 2.635000000000000142e+01
-7.881200000000000045e+02 2.980999999999999872e+01 1.465000000000000036e+01
-7.878600000000000136e+02 1.898000000000000043e+01 2.469000000000000128e+01
-7.880499999999999545e+02 2.551000000000000156e+01 9.099999999999999645e+00
-7.881299999999999955e+02 3.392000000000000171e+01 7.959999999999999964e+00
-7.884700000000000273e+02 1.755000000000000071e+01 4.563000000000000256e+01
-7.882400000000000091e+02 3.003000000000000114e+01 1.910000000000000142e+01
-7.883899999999999864e+02 3.227000000000000313e+01 3.046999999999999886e+01
-7.878999999999999773e+02 3.775000000000000000e+01 2.899999999999999800e-01
-7.884700000000000273e+02 2.467000000000000171e+01 4.228999999999999915e+01
-7.880599999999999454e+02 3.150000000000000000e+01 3.640000000000000124e+00
-7.884600000000000364e+02 3.169000000000000128e+01 4.010999999999999943e+01
-7.885800000000000409e+02 3.542000000000000171e+01 4.567999999999999972e+01
-7.882799999999999727e+02 9.730000000000000426e+00 3.709000000000000341e+01
-7.877799999999999727e+02 2.964999999999999858e+01 8.199999999999999512e-01
-7.880199999999999818e+02 2.085999999999999943e+01 1.372000000000000064e+01
-7.883899999999999864e+02 8.039999999999999147e+00 4.359000000000000341e+01
-7.884500000000000455e+02 1.061999999999999922e+01 4.729999999999999716e+01
-7.880700000000000500e+02 2.275000000000000000e+01 1.900000000000000000e+01
-7.878500000000000227e+02 2.858999999999999986e+01 4.169999999999999929e+00
-7.885700000000000500e+02 2.592999999999999972e+01 4.686999999999999744e+01
-7.882200000000000273e+02 3.589000000000000057e+01 1.355000000000000071e+01
-7.881000000000000227e+02 4.092000000000000171e+01 4.190000000000000391e+00
-7.879800000000000182e+02 4.115999999999999659e+01 9.599999999999999645e-01
-7.880199999999999818e+02 2.212999999999999901e+01 1.180000000000000071e+01
-7.882899999999999636e+02 8.740000000000000213e+00 4.092999999999999972e+01
-7.883899999999999864e+02 3.198999999999999844e+01 3.253000000000000114e+01
-7.885000000000000000e+02 1.708999999999999986e+01 4.628000000000000114e+01
-7.884299999999999500e+02 2.185000000000000142e+01 4.420000000000000284e+01
-7.883899999999999864e+02 5.509999999999999787e+00 4.642000000000000171e+01
-7.878600000000000136e+02 1.776000000000000156e+01 2.735999999999999943e+01
-7.881000000000000227e+02 2.594999999999999929e+01 1.862000000000000099e+01
-7.885499999999999545e+02 3.486999999999999744e+01 4.461999999999999744e+01
-7.879800000000000182e+02 2.998000000000000043e+01 3.250000000000000000e+00
-7.883999999999999773e+02 1.516999999999999993e+01 4.467999999999999972e+01
-7.880599999999999454e+02 3.169000000000000128e+01 3.330000000000000071e+00
-7.880900000000000318e+02 3.767000000000000171e+01 3.540000000000000036e+00
-7.885000000000000000e+02 3.128999999999999915e+01 4.246000000000000085e+01
-7.881000000000000227e+02 2.921000000000000085e+01 1.065000000000000036e+01
-7.883200000000000500e+02 2.294000000000000128e+01 3.085000000000000142e+01
-7.883400000000000318e+02 3.659000000000000341e+01 2.669999999999999929e+01
-7.883500000000000227e+02 5.849999999999999645e+00 4.261999999999999744e+01
-7.881699999999999591e+02 3.721000000000000085e+01 1.252999999999999936e+01
-7.884099999999999682e+02 8.820000000000000284e+00 4.470000000000000284e+01
-7.883200000000000500e+02 3.148000000000000043e+01 2.694999999999999929e+01
-7.882400000000000091e+02 2.598000000000000043e+01 2.271999999999999886e+01
-7.882599999999999909e+02 1.775000000000000000e+01 3.101999999999999957e+01
-7.883799999999999955e+02 2.301000000000000156e+01 3.133999999999999986e+01
-7.880099999999999909e+02 2.648000000000000043e+01 7.790000000000000036e+00
-7.885199999999999818e+02 2.226999999999999957e+01 4.550000000000000000e+01
-7.884400000000000546e+02 1.241000000000000014e+01 4.595000000000000284e+01
-7.882200000000000273e+02 2.971999999999999886e+01 2.092999999999999972e+01
-7.878999999999999773e+02 4.199000000000000199e+01 0.000000000000000000e+00
-7.881399999999999864e+02 3.628999999999999915e+01 9.060000000000000497e+00
-7.877899999999999636e+02 3.169999999999999929e+01 9.599999999999999645e-01
-7.878099999999999454e+02 1.760999999999999943e+01 2.853000000000000114e+01
-7.880299999999999727e+02 2.210999999999999943e+01 1.771000000000000085e+01
-7.883799999999999955e+02 7.799999999999999822e+00 4.365999999999999659e+01
-7.883300000000000409e+02 3.754999999999999716e+01 2.646000000000000085e+01
-7.885499999999999545e+02 2.294000000000000128e+01 4.642999999999999972e+01
-7.884600000000000364e+02 2.035999999999999943e+01 4.518999999999999773e+01
-7.885199999999999818e+02 4.196999999999999886e+01 4.288000000000000256e+01
-7.879700000000000273e+02 3.023999999999999844e+01 2.939999999999999947e+00
-7.883500000000000227e+02 3.100000000000000000e+01 2.953000000000000114e+01
-7.879099999999999682e+02 4.265999999999999659e+01 0.000000000000000000e+00
-7.877799999999999727e+02 3.293999999999999773e+01 1.600000000000000033e-01
-7.882200000000000273e+02 3.332000000000000028e+01 1.730999999999999872e+01
-7.880700000000000500e+02 3.101999999999999957e+01 5.309999999999999609e+00
-7.883700000000000045e+02 6.009999999999999787e+00 4.382999999999999829e+01
-7.882999999999999545e+02 1.987000000000000099e+01 2.957999999999999829e+01
-7.880099999999999909e+02 2.010999999999999943e+01 1.361999999999999922e+01
-7.880900000000000318e+02 2.857999999999999829e+01 1.210999999999999943e+01
-7.884400000000000546e+02 1.048000000000000043e+01 4.650999999999999801e+01
-7.878899999999999864e+02 3.257999999999999829e+01 1.699999999999999956e+00
-7.881100000000000136e+02 2.955000000000000071e+01 9.650000000000000355e+00
-7.883600000000000136e+02 1.919000000000000128e+01 3.160999999999999943e+01
-7.881200000000000045e+02 4.142999999999999972e+01 6.530000000000000249e+00
-7.885700000000000500e+02 3.703999999999999915e+01 4.514000000000000057e+01
-7.882500000000000000e+02 2.771000000000000085e+01 2.182999999999999829e+01
-7.882100000000000364e+02 3.307000000000000028e+01 1.583000000000000007e+01
-7.883500000000000227e+02 1.780000000000000071e+01 3.209000000000000341e+01
-7.883700000000000045e+02 1.506000000000000050e+01 3.528000000000000114e+01
-7.881599999999999682e+02 3.706000000000000227e+01 8.640000000000000568e+00
-7.883300000000000409e+02 1.268999999999999950e+01 3.413000000000000256e+01
-7.884800000000000182e+02 2.794000000000000128e+01 4.111999999999999744e+01
-7.885199999999999818e+02 2.712999999999999901e+01 4.464999999999999858e+01
-7.878300000000000409e+02 2.007999999999999829e+01 2.176000000000000156e+01
-7.884600000000000364e+02 1.946000000000000085e+01 4.557999999999999829e+01
-7.880900000000000318e+02 3.067000000000000171e+01 6.049999999999999822e+00
-7.882799999999999727e+02 2.371999999999999886e+01 2.578999999999999915e+01
-7.881399999999999864e+02 3.075000000000000000e+01 1.801999999999999957e+01
-7.885700000000000500e+02 3.504999999999999716e+01 4.614999999999999858e+01
-7.884099999999999682e+02 3.017000000000000171e+01 3.271000000000000085e+01
-7.880700000000000500e+02 2.523000000000000043e+01 1.033000000000000007e+01
-7.882599999999999909e+02 2.687999999999999901e+01 2.312999999999999901e+01
-7.882799999999999727e+02 8.099999999999999645e+00 4.193999999999999773e+01
-7.885700000000000500e+02 2.751999999999999957e+01 4.642999999999999972e+01
-7.883500000000000227e+02 7.750000000000000000e+00 4.200999999999999801e+01
-7.879800000000000182e+02 3.542000000000000171e+01 1.010000000000000009e+00
-7.884400000000000546e+02 3.176000000000000156e+01 3.972999999999999687e+01
-7.883700000000000045e+02 2.198999999999999844e+01 3.144999999999999929e+01
-7.880099999999999909e+02 2.162000000000000099e+01 1.194999999999999929e+01
-7.881100000000000136e+02 3.144000000000000128e+01 7.219999999999999751e+00
-7.880199999999999818e+02 4.335999999999999943e+01 2.899999999999999800e-01
-7.881299999999999955e+02 3.030000000000000071e+01 1.481000000000000050e+01
-7.883500000000000227e+02 3.597999999999999687e+01 2.712000000000000099e+01
-7.883799999999999955e+02 5.200000000000000178e+00 4.615999999999999659e+01
-7.877899999999999636e+02 3.264999999999999858e+01 5.899999999999999689e-01
-7.884199999999999591e+02 1.955000000000000071e+01 4.090999999999999659e+01
-7.882200000000000273e+02 3.389000000000000057e+01 1.603000000000000114e+01
-7.884400000000000546e+02 8.910000000000000142e+00 4.696999999999999886e+01
-7.883099999999999454e+02 1.953000000000000114e+01 3.092999999999999972e+01
-7.883600000000000136e+02 2.187999999999999901e+01 3.103000000000000114e+01
-7.883500000000000227e+02 1.896000000000000085e+01 3.198999999999999844e+01
-7.882599999999999909e+02 2.692000000000000171e+01 2.196999999999999886e+01
-7.880800000000000409e+02 2.635999999999999943e+01 1.121000000000000085e+01
