-7.883799999999999955e+02 1.028999999999999915e+01 4.210999999999999943e+01
-7.883999999999999773e+02 2.198999999999999844e+01 3.357999999999999829e+01
-7.883500000000000227e+02 3.597999999999999687e+01 2.712000000000000099e+01
-7.878600000000000136e+02 1.898000000000000043e+01 2.469000000000000128e+01
-7.881299999999999955e+02 3.392000000000000171e+01 7.959999999999999964e+00
-7.881000000000000227e+02 4.092000000000000171e+01 4.190000000000000391e+00
-7.882799999999999727e+02 2.630000000000000071e+01 2.357999999999999829e+01
-7.877599999999999909e+02 1.432000000000000028e+01 2.951000000000000156e+01
-7.884800000000000182e+02 1.650000000000000000e+01 4.589999999999999858e+01
-7.878999999999999773e+02 3.775000000000000000e+01 2.899999999999999800e-01
-7.885700000000000500e+02 2.592999999999999972e+01 4.686999999999999744e+01
-7.882899999999999636e+02 5.599999999999999645e+00 4.342000000000000171e+01
-7.884700000000000273e+02 2.467000000000000171e+01 4.228999999999999915e+01
-7.883799999999999955e+02 3.003000000000000114e+01 2.976999999999999957e+01
-7.883799999999999955e+02 1.835000000000000142e+01 4.031000000000000227e+01
-7.882999999999999545e+02 1.027999999999999936e+01 3.842999999999999972e+01
-7.882100000000000364e+02 2.944999999999999929e+01 1.951000000000000156e+01
-7.880700000000000500e+02 2.275000000000000000e+01 1.900000000000000000e+01
-7.884700000000000273e+02 1.075999999999999979e+01 4.753000000000000114e+01
-7.882100000000000364e+02 3.572999999999999687e+01 1.364000000000000057e+01
-7.880299999999999727e+02 2.192999999999999972e+01 1.351999999999999957e+01
-7.882999999999999545e+02 1.592999999999999972e+01 3.284000000000000341e+01
-7.879900000000000091e+02 4.343999999999999773e+01 0.000000000000000000e+00
-7.885800000000000409e+02 3.542000000000000171e+01 4.567999999999999972e+01
-7.882899999999999636e+02 2.180999999999999872e+01 2.746999999999999886e+01
-7.880199999999999818e+02 2.812999999999999901e+01 8.880000000000000782e+00
-7.885099999999999909e+02 3.720000000000000284e+01 4.268999999999999773e+01
-7.878500000000000227e+02 2.858999999999999986e+01 4.169999999999999929e+00
-7.877799999999999727e+02 2.964999999999999858e+01 8.199999999999999512e-01
-7.881100000000000136e+02 2.901000000000000156e+01 1.249000000000000021e+01
-7.882200000000000273e+02 2.478999999999999915e+01 2.417999999999999972e+01
-7.884400000000000546e+02 4.135999999999999943e+01 3.934000000000000341e+01
-7.883999999999999773e+02 3.750000000000000000e+00 4.692999999999999972e+01
-7.881599999999999682e+02 4.021000000000000085e+01 7.889999999999999680e+00
-7.880599999999999454e+02 3.150000000000000000e+01 3.640000000000000124e+00
-7.885199999999999818e+02 4.182999999999999829e+01 4.253999999999999915e+01
-7.880900000000000318e+02 3.067000000000000171e+01 6.049999999999999822e+00
-7.882599999999999909e+02 2.687999999999999901e+01 2.312999999999999901e+01
-7.884199999999999591e+02 1.733999999999999986e+01 4.053999999999999915e+01
-7.878600000000000136e+02 1.619000000000000128e+01 2.855000000000000071e+01
-7.880199999999999818e+02 2.201000000000000156e+01 1.197000000000000064e+01
-7.880199999999999818e+02 3.761999999999999744e+01 1.719999999999999973e+00
-7.884600000000000364e+02 3.169000000000000128e+01 4.010999999999999943e+01
-7.878899999999999864e+02 3.257999999999999829e+01 1.699999999999999956e+00
-7.883799999999999955e+02 7.799999999999999822e+00 4.365999999999999659e+01
-7.883700000000000045e+02 6.009999999999999787e+00 4.382999999999999829e+01
-7.881000000000000227e+02 2.633999999999999986e+01 1.712999999999999901e+01
-7.882200000000000273e+02 2.971999999999999886e+01 2.092999999999999972e+01
-7.883700000000000045e+02 2.198999999999999844e+01 3.144999999999999929e+01
-7.885299999999999727e+02 2.092999999999999972e+01 4.625000000000000000e+01
-7.878600000000000136e+02 1.776000000000000156e+01 2.735999999999999943e+01
-7.881799999999999500e+02 3.822999999999999687e+01 1.191000000000000014e+01
-7.877899999999999636e+02 3.264999999999999858e+01 5.899999999999999689e-01
-7.883200000000000500e+02 2.860999999999999943e+01 2.885999999999999943e+01
-7.883099999999999454e+02 1.953000000000000114e+01 3.092999999999999972e+01
-7.881299999999999955e+02 3.030000000000000071e+01 1.481000000000000050e+01
-7.884600000000000364e+02 2.387999999999999901e+01 4.289999999999999858e+01
-7.880800000000000409e+02 2.583999999999999986e+01 9.779999999999999361e+00
-7.880900000000000318e+02 3.775999999999999801e+01 3.520000000000000018e+00
-7.879800000000000182e+02 2.998000000000000043e+01 3.250000000000000000e+00
-7.882999999999999545e+02 2.307999999999999829e+01 2.566000000000000014e+01
-7.885700000000000500e+02 2.751999999999999957e+01 4.642999999999999972e+01
-7.883500000000000227e+02 5.849999999999999645e+00 4.261999999999999744e+01
-7.881599999999999682e+02 3.706000000000000227e+01 8.640000000000000568e+00
-7.881900000000000546e+02 3.831000000000000227e+01 1.106000000000000050e+01
-7.882400000000000091e+02 2.598000000000000043e+01 2.271999999999999886e+01
-7.882999999999999545e+02 8.140000000000000568e+00 4.178999999999999915e+01
-7.884500000000000455e+02 1.061999999999999922e+01 4.729999999999999716e+01
-7.885599999999999454e+02 3.314000000000000057e+01 4.524000000000000199e+01
-7.882599999999999909e+02 2.696000000000000085e+01 2.267000000000000171e+01
-7.882899999999999636e+02 8.740000000000000213e+00 4.092999999999999972e+01
-7.883899999999999864e+02 5.509999999999999787e+00 4.642000000000000171e+01
-7.880599999999999454e+02 2.896999999999999886e+01 8.630000000000000782e+00
-7.879700000000000273e+02 3.250999999999999801e+01 2.000000000000000000e+00
-7.879700000000000273e+02 3.023999999999999844e+01 2.939999999999999947e+00
-7.881299999999999955e+02 3.076000000000000156e+01 1.426999999999999957e+01
-7.882599999999999909e+02 1.775000000000000000e+01 3.101999999999999957e+01
-7.882400000000000091e+02 2.394999999999999929e+01 2.555000000000000071e+01
-7.885000000000000000e+02 2.580000000000000071e+01 4.342999999999999972e+01
-7.883600000000000136e+02 1.499000000000000021e+01 3.521999999999999886e+01
-7.880099999999999909e+02 3.815999999999999659e+01 7.800000000000000266e-01
-7.884099999999999682e+02 2.771999999999999886e+01 3.775000000000000000e+01
-7.883899999999999864e+02 3.227000000000000313e+01 3.046999999999999886e+01
-7.881699999999999591e+02 3.797999999999999687e+01 1.236999999999999922e+01
-7.883500000000000227e+02 5.990000000000000213e+00 4.211999999999999744e+01
-7.885599999999999454e+02 3.032999999999999829e+01 4.639999999999999858e+01
-7.885199999999999818e+02 2.226999999999999957e+01 4.550000000000000000e+01
-7.885000000000000000e+02 3.128999999999999915e+01 4.246000000000000085e+01
-7.884099999999999682e+02 8.269999999999999574e+00 4.631000000000000227e+01
-7.880900000000000318e+02 3.767000000000000171e+01 3.540000000000000036e+00
-7.882500000000000000e+02 2.042999999999999972e+01 2.923999999999999844e+01
-7.880199999999999818e+02 2.085999999999999943e+01 1.372000000000000064e+01
-7.882100000000000364e+02 3.275000000000000000e+01 1.669000000000000128e+01
-7.881000000000000227e+02 2.594999999999999929e+01 1.862000000000000099e+01
-7.876900000000000546e+02 3.827000000000000313e+01 0.000000000000000000e+00
-7.884900000000000091e+02 1.923000000000000043e+01 4.592000000000000171e+01
-7.878300000000000409e+02 2.007999999999999829e+01 2.176000000000000156e+01
-7.881200000000000045e+02 3.446000000000000085e+01 5.009999999999999787e+00
-7.881200000000000045e+02 3.238000000000000256e+01 6.259999999999999787e+00
-7.884400000000000546e+02 8.910000000000000142e+00 4.696999999999999886e+01
-7.885700000000000500e+02 3.703999999999999915e+01 4.514000000000000057e+01
-7.882799999999999727e+02 9.730000000000000426e+00 3.709000000000000341e+01
-7.882899999999999636e+02 1.935000000000000142e+01 3.048000000000000043e+01
-7.882699999999999818e+02 2.217999999999999972e+01 2.744000000000000128e+01
-7.882100000000000364e+02 2.901999999999999957e+01 2.025000000000000000e+01
-7.883799999999999955e+02 5.200000000000000178e+00 4.615999999999999659e+01
-7.880099999999999909e+02 2.162000000000000099e+01 1.194999999999999929e+01
-7.878600000000000136e+02 1.848999999999999844e+01 2.530999999999999872e+01
-7.881200000000000045e+02 2.978000000000000114e+01 9.080000000000000071e+00
-7.882200000000000273e+02 3.477000000000000313e+01 1.464000000000000057e+01
-7.880199999999999818e+02 4.335999999999999943e+01 2.899999999999999800e-01
-7.877899999999999636e+02 3.169999999999999929e+01 9.599999999999999645e-01
-7.880599999999999454e+02 3.169000000000000128e+01 3.330000000000000071e+00
-7.884800000000000182e+02 2.794000000000000128e+01 4.111999999999999744e+01
-7.884299999999999500e+02 3.731000000000000227e+01 3.821000000000000085e+01
-7.885700000000000500e+02 2.746999999999999886e+01 4.657000000000000028e+01
-7.884400000000000546e+02 1.048000000000000043e+01 4.650999999999999801e+01
-7.880900000000000318e+02 2.614000000000000057e+01 1.541999999999999993e+01
-7.883400000000000318e+02 3.123000000000000043e+01 2.626000000000000156e+01
-7.883999999999999773e+02 3.322999999999999687e+01 3.091000000000000014e+01
-7.883600000000000136e+02 2.187999999999999901e+01 3.103000000000000114e+01
-7.884299999999999500e+02 1.232000000000000028e+01 4.586999999999999744e+01
-7.879800000000000182e+02 3.542000000000000171e+01 1.010000000000000009e+00
-7.883999999999999773e+02 1.935000000000000142e+01 3.993999999999999773e+01
-7.880199999999999818e+02 2.401999999999999957e+01 1.039000000000000057e+01
-7.885199999999999818e+02 1.617999999999999972e+01 4.727000000000000313e+01
-7.883600000000000136e+02 1.803000000000000114e+01 3.407000000000000028e+01
-7.881100000000000136e+02 2.707000000000000028e+01 1.648999999999999844e+01
