-7.885700000000000500e+02 2.592999999999999972e+01 4.686999999999999744e+01
-7.882100000000000364e+02 3.572999999999999687e+01 1.364000000000000057e+01
-7.881200000000000045e+02 2.925000000000000000e+01 1.234999999999999964e+01
-7.878899999999999864e+02 1.919000000000000128e+01 2.864000000000000057e+01
-7.884600000000000364e+02 3.169000000000000128e+01 4.010999999999999943e+01
-7.880299999999999727e+02 2.192999999999999972e+01 1.351999999999999957e+01
-7.885000000000000000e+02 1.048000000000000043e+01 4.852000000000000313e+01
-7.883799999999999955e+02 1.626000000000000156e+01 3.804999999999999716e+01
-7.882200000000000273e+02 2.426000000000000156e+01 2.435999999999999943e+01
-7.884700000000000273e+02 2.176999999999999957e+01 4.093999999999999773e+01
-7.881599999999999682e+02 4.021000000000000085e+01 7.889999999999999680e+00
-7.883999999999999773e+02 2.198999999999999844e+01 3.357999999999999829e+01
-7.880599999999999454e+02 2.451999999999999957e+01 8.480000000000000426e+00
-7.880800000000000409e+02 2.419999999999999929e+01 1.794999999999999929e+01
-7.882999999999999545e+02 1.019999999999999929e+01 3.845000000000000284e+01
-7.885800000000000409e+02 3.434000000000000341e+01 4.554999999999999716e+01
-7.879700000000000273e+02 2.760000000000000142e+01 4.299999999999999822e+00
-7.883700000000000045e+02 3.660000000000000142e+01 2.708999999999999986e+01
-7.884199999999999591e+02 4.192000000000000171e+01 3.795000000000000284e+01
-7.885199999999999818e+02 4.153000000000000114e+01 4.220000000000000284e+01
-7.882899999999999636e+02 2.180999999999999872e+01 2.746999999999999886e+01
-7.879600000000000364e+02 3.377000000000000313e+01 8.199999999999999512e-01
-7.879900000000000091e+02 2.333999999999999986e+01 8.210000000000000853e+00
-7.878400000000000318e+02 1.432000000000000028e+01 2.960999999999999943e+01
-7.881799999999999500e+02 2.989999999999999858e+01 1.932999999999999829e+01
-7.882899999999999636e+02 5.599999999999999645e+00 4.342000000000000171e+01
-7.878500000000000227e+02 2.003000000000000114e+01 1.871000000000000085e+01
-7.881299999999999955e+02 4.143999999999999773e+01 3.290000000000000036e+00
-7.882999999999999545e+02 1.592999999999999972e+01 3.284000000000000341e+01
-7.881299999999999955e+02 3.392000000000000171e+01 7.959999999999999964e+00
-7.883799999999999955e+02 3.003000000000000114e+01 2.976999999999999957e+01
-7.883899999999999864e+02 9.080000000000000071e+00 4.364000000000000057e+01
-7.877799999999999727e+02 2.964999999999999858e+01 8.199999999999999512e-01
-7.878600000000000136e+02 1.905999999999999872e+01 2.273000000000000043e+01
-7.883999999999999773e+02 3.750000000000000000e+00 4.692999999999999972e+01
-7.880599999999999454e+02 3.150000000000000000e+01 3.640000000000000124e+00
-7.879900000000000091e+02 4.343999999999999773e+01 0.000000000000000000e+00
-7.884800000000000182e+02 1.650000000000000000e+01 4.589999999999999858e+01
-7.882799999999999727e+02 2.630000000000000071e+01 2.357999999999999829e+01
-7.880700000000000500e+02 3.173999999999999844e+01 6.459999999999999964e+00
-7.881799999999999500e+02 3.510000000000000142e+01 1.507000000000000028e+01
-7.884400000000000546e+02 9.140000000000000568e+00 4.577000000000000313e+01
-7.880299999999999727e+02 2.294000000000000128e+01 1.280000000000000071e+01
-7.879800000000000182e+02 3.542000000000000171e+01 1.010000000000000009e+00
-7.879800000000000182e+02 2.126999999999999957e+01 1.871999999999999886e+01
-7.884600000000000364e+02 1.933999999999999986e+01 4.409000000000000341e+01
-7.880900000000000318e+02 3.775999999999999801e+01 3.520000000000000018e+00
-7.881100000000000136e+02 2.882999999999999829e+01 1.118999999999999950e+01
-7.885099999999999909e+02 4.181000000000000227e+01 4.157999999999999829e+01
-7.880000000000000000e+02 4.361999999999999744e+01 0.000000000000000000e+00
-7.885099999999999909e+02 3.442999999999999972e+01 4.175999999999999801e+01
-7.877599999999999909e+02 1.432000000000000028e+01 2.951000000000000156e+01
-7.882799999999999727e+02 2.560999999999999943e+01 2.423000000000000043e+01
-7.884199999999999591e+02 1.541000000000000014e+01 4.104999999999999716e+01
-7.885599999999999454e+02 2.932000000000000028e+01 4.586999999999999744e+01
-7.883700000000000045e+02 2.814000000000000057e+01 2.973999999999999844e+01
-7.884299999999999500e+02 2.566000000000000014e+01 3.864999999999999858e+01
-7.883600000000000136e+02 3.625000000000000000e+01 2.680999999999999872e+01
-7.883200000000000500e+02 6.580000000000000071e+00 4.431000000000000227e+01
-7.881499999999999773e+02 3.575000000000000000e+01 1.166000000000000014e+01
-7.881900000000000546e+02 3.264000000000000057e+01 1.685000000000000142e+01
-7.879600000000000364e+02 2.787000000000000099e+01 4.000000000000000000e+00
-7.884800000000000182e+02 2.794000000000000128e+01 4.111999999999999744e+01
-7.880099999999999909e+02 2.282999999999999829e+01 8.480000000000000426e+00
-7.884299999999999500e+02 4.050999999999999801e+01 3.807999999999999829e+01
-7.883600000000000136e+02 1.100999999999999979e+01 3.992999999999999972e+01
-7.881499999999999773e+02 3.917999999999999972e+01 1.027999999999999936e+01
-7.883300000000000409e+02 1.033999999999999986e+01 3.632999999999999829e+01
-7.885800000000000409e+02 2.726999999999999957e+01 4.653000000000000114e+01
-7.882500000000000000e+02 2.042999999999999972e+01 2.923999999999999844e+01
-7.880800000000000409e+02 2.562999999999999901e+01 1.061999999999999922e+01
-7.883300000000000409e+02 1.789000000000000057e+01 3.320000000000000284e+01
-7.878200000000000500e+02 3.196999999999999886e+01 2.120000000000000107e+00
-7.884099999999999682e+02 4.469999999999999751e+00 4.696000000000000085e+01
-7.882500000000000000e+02 2.500000000000000000e+01 2.442999999999999972e+01
-7.881100000000000136e+02 2.794000000000000128e+01 1.200000000000000000e+01
-7.881599999999999682e+02 3.204999999999999716e+01 1.698000000000000043e+01
-7.884299999999999500e+02 8.660000000000000142e+00 4.717000000000000171e+01
-7.877500000000000000e+02 3.485000000000000142e+01 3.099999999999999978e-01
-7.884900000000000091e+02 2.776999999999999957e+01 4.164000000000000057e+01
-7.883099999999999454e+02 9.460000000000000853e+00 3.884000000000000341e+01
-7.884500000000000455e+02 1.528999999999999915e+01 4.500999999999999801e+01
-7.885499999999999545e+02 2.705999999999999872e+01 4.647999999999999687e+01
-7.880000000000000000e+02 2.382000000000000028e+01 7.790000000000000036e+00
-7.879700000000000273e+02 3.023999999999999844e+01 2.939999999999999947e+00
-7.884199999999999591e+02 1.586999999999999922e+01 4.092000000000000171e+01
-7.884199999999999591e+02 4.099999999999999645e+00 4.703999999999999915e+01
-7.883500000000000227e+02 3.634000000000000341e+01 2.617999999999999972e+01
-7.882799999999999727e+02 1.219999999999999929e+01 3.417999999999999972e+01
-7.885599999999999454e+02 3.392999999999999972e+01 4.557999999999999829e+01
-7.882000000000000455e+02 3.364999999999999858e+01 1.637000000000000099e+01
-7.881499999999999773e+02 3.935999999999999943e+01 9.699999999999999289e+00
-7.884600000000000364e+02 1.050999999999999979e+01 4.653999999999999915e+01
-7.879500000000000455e+02 3.105999999999999872e+01 2.600000000000000089e+00
-7.881000000000000227e+02 3.453999999999999915e+01 5.980000000000000426e+00
-7.881000000000000227e+02 3.818999999999999773e+01 3.729999999999999982e+00
-7.878600000000000136e+02 1.898000000000000043e+01 2.469000000000000128e+01
-7.884500000000000455e+02 3.028999999999999915e+01 3.934000000000000341e+01
-7.879600000000000364e+02 4.021000000000000085e+01 0.000000000000000000e+00
-7.884099999999999682e+02 2.803000000000000114e+01 3.296999999999999886e+01
-7.878400000000000318e+02 1.466999999999999993e+01 2.860999999999999943e+01
-7.880399999999999636e+02 2.714000000000000057e+01 7.629999999999999893e+00
-7.882500000000000000e+02 2.685999999999999943e+01 2.308999999999999986e+01
-7.883700000000000045e+02 2.291000000000000014e+01 3.240999999999999659e+01
-7.880399999999999636e+02 2.246000000000000085e+01 1.581000000000000050e+01
-7.882400000000000091e+02 2.598000000000000043e+01 2.271999999999999886e+01
-7.881200000000000045e+02 3.071999999999999886e+01 7.379999999999999893e+00
-7.882500000000000000e+02 2.282000000000000028e+01 2.598000000000000043e+01
-7.878099999999999454e+02 2.982999999999999829e+01 1.449999999999999956e+00
-7.882000000000000455e+02 2.760000000000000142e+01 2.128999999999999915e+01
-7.880700000000000500e+02 3.382999999999999829e+01 2.640000000000000124e+00
-7.880700000000000500e+02 2.253999999999999915e+01 1.372000000000000064e+01
-7.878200000000000500e+02 2.957000000000000028e+01 3.700000000000000178e+00
-7.885000000000000000e+02 1.323000000000000043e+01 4.828000000000000114e+01
-7.883799999999999955e+02 1.378999999999999915e+01 4.235999999999999943e+01
-7.881499999999999773e+02 4.079999999999999716e+01 6.679999999999999716e+00
-7.882400000000000091e+02 2.421999999999999886e+01 2.467000000000000171e+01
-7.885700000000000500e+02 2.737999999999999901e+01 4.640999999999999659e+01
-7.880199999999999818e+02 3.107999999999999829e+01 2.250000000000000000e+00
-7.877500000000000000e+02 1.458999999999999986e+01 2.916000000000000014e+01
-7.881000000000000227e+02 2.553999999999999915e+01 1.166999999999999993e+01
-7.883500000000000227e+02 3.286999999999999744e+01 2.657999999999999829e+01
-7.880900000000000318e+02 2.678999999999999915e+01 9.410000000000000142e+00
-7.885700000000000500e+02 3.703999999999999915e+01 4.514000000000000057e+01
-7.881200000000000045e+02 2.928000000000000114e+01 9.449999999999999289e+00
-7.881599999999999682e+02 3.282999999999999829e+01 1.580000000000000071e+01
-7.883899999999999864e+02 5.509999999999999787e+00 4.642000000000000171e+01
-7.883099999999999454e+02 1.465000000000000036e+01 3.306000000000000227e+01
