-7.884800000000000182e+02 1.650000000000000000e+01 4.589999999999999858e+01
-7.881200000000000045e+02 2.925000000000000000e+01 1.234999999999999964e+01
-7.879900000000000091e+02 4.343999999999999773e+01 0.000000000000000000e+00
-7.885700000000000500e+02 2.592999999999999972e+01 4.686999999999999744e+01
-7.880299999999999727e+02 2.192999999999999972e+01 1.351999999999999957e+01
-7.885000000000000000e+02 1.048000000000000043e+01 4.852000000000000313e+01
-7.878400000000000318e+02 1.432000000000000028e+01 2.960999999999999943e+01
-7.877799999999999727e+02 2.964999999999999858e+01 8.199999999999999512e-01
-7.884199999999999591e+02 4.192000000000000171e+01 3.795000000000000284e+01
-7.885800000000000409e+02 4.228000000000000114e+01 4.539999999999999858e+01
-7.884800000000000182e+02 2.489999999999999858e+01 4.415999999999999659e+01
-7.880599999999999454e+02 3.150000000000000000e+01 3.640000000000000124e+00
-7.884600000000000364e+02 3.169000000000000128e+01 4.010999999999999943e+01
-7.882799999999999727e+02 2.682000000000000028e+01 2.307999999999999829e+01
-7.883099999999999454e+02 1.465000000000000036e+01 3.306000000000000227e+01
-7.883099999999999454e+02 9.599999999999999645e+00 3.765999999999999659e+01
-7.882899999999999636e+02 5.599999999999999645e+00 4.342000000000000171e+01
-7.882200000000000273e+02 2.426000000000000156e+01 2.435999999999999943e+01
-7.879600000000000364e+02 3.377000000000000313e+01 8.199999999999999512e-01
-7.882899999999999636e+02 2.180999999999999872e+01 2.746999999999999886e+01
-7.883999999999999773e+02 3.750000000000000000e+00 4.692999999999999972e+01
-7.881599999999999682e+02 4.021000000000000085e+01 7.889999999999999680e+00
-7.880399999999999636e+02 2.689000000000000057e+01 7.790000000000000036e+00
-7.881799999999999500e+02 2.989999999999999858e+01 1.932999999999999829e+01
-7.878600000000000136e+02 1.905999999999999872e+01 2.273000000000000043e+01
-7.883899999999999864e+02 9.080000000000000071e+00 4.364000000000000057e+01
-7.881299999999999955e+02 4.132000000000000028e+01 4.910000000000000142e+00
-7.883999999999999773e+02 2.198999999999999844e+01 3.357999999999999829e+01
-7.883799999999999955e+02 3.017000000000000171e+01 2.967999999999999972e+01
-7.883700000000000045e+02 3.660000000000000142e+01 2.708999999999999986e+01
-7.881299999999999955e+02 3.392000000000000171e+01 7.959999999999999964e+00
-7.878500000000000227e+02 2.003000000000000114e+01 1.871000000000000085e+01
-7.879700000000000273e+02 2.760000000000000142e+01 4.299999999999999822e+00
-7.882100000000000364e+02 3.572999999999999687e+01 1.364000000000000057e+01
-7.885800000000000409e+02 3.434000000000000341e+01 4.554999999999999716e+01
-7.879800000000000182e+02 2.214000000000000057e+01 7.740000000000000213e+00
-7.883799999999999955e+02 1.626000000000000156e+01 3.804999999999999716e+01
-7.882799999999999727e+02 2.426999999999999957e+01 2.503000000000000114e+01
-7.880299999999999727e+02 2.226999999999999957e+01 1.286999999999999922e+01
-7.885099999999999909e+02 4.181000000000000227e+01 4.157999999999999829e+01
-7.883799999999999955e+02 1.378999999999999915e+01 4.235999999999999943e+01
-7.880900000000000318e+02 3.432000000000000028e+01 4.169999999999999929e+00
-7.883300000000000409e+02 9.000000000000000000e+00 3.871999999999999886e+01
-7.878099999999999454e+02 2.982999999999999829e+01 1.449999999999999956e+00
-7.884099999999999682e+02 4.469999999999999751e+00 4.696000000000000085e+01
-7.883700000000000045e+02 2.814000000000000057e+01 2.973999999999999844e+01
-7.885599999999999454e+02 2.405000000000000071e+01 4.777000000000000313e+01
-7.881799999999999500e+02 3.510000000000000142e+01 1.507000000000000028e+01
-7.884299999999999500e+02 8.699999999999999289e+00 4.636999999999999744e+01
-7.883600000000000136e+02 3.592999999999999972e+01 2.657999999999999829e+01
-7.881000000000000227e+02 3.818999999999999773e+01 3.729999999999999982e+00
-7.879700000000000273e+02 3.023999999999999844e+01 2.939999999999999947e+00
-7.881900000000000546e+02 3.203999999999999915e+01 1.701999999999999957e+01
-7.883300000000000409e+02 1.555000000000000071e+01 3.274000000000000199e+01
-7.880000000000000000e+02 4.361999999999999744e+01 0.000000000000000000e+00
-7.880800000000000409e+02 2.562999999999999901e+01 1.061999999999999922e+01
-7.879600000000000364e+02 3.157000000000000028e+01 2.359999999999999876e+00
-7.883099999999999454e+02 6.730000000000000426e+00 4.367999999999999972e+01
-7.885000000000000000e+02 1.323000000000000043e+01 4.828000000000000114e+01
-7.879900000000000091e+02 2.333999999999999986e+01 8.210000000000000853e+00
-7.884800000000000182e+02 2.337999999999999901e+01 4.464999999999999858e+01
-7.881200000000000045e+02 3.071999999999999886e+01 7.379999999999999893e+00
-7.881000000000000227e+02 2.714999999999999858e+01 1.084999999999999964e+01
-7.882699999999999818e+02 2.651000000000000156e+01 2.339999999999999858e+01
-7.884500000000000455e+02 1.528999999999999915e+01 4.500999999999999801e+01
-7.879299999999999500e+02 2.032999999999999829e+01 2.328000000000000114e+01
-7.881699999999999591e+02 3.749000000000000199e+01 9.740000000000000213e+00
-7.878300000000000409e+02 1.449000000000000021e+01 2.948000000000000043e+01
-7.885599999999999454e+02 2.932000000000000028e+01 4.586999999999999744e+01
-7.885299999999999727e+02 3.778999999999999915e+01 4.421000000000000085e+01
-7.884299999999999500e+02 4.050999999999999801e+01 3.807999999999999829e+01
-7.883500000000000227e+02 2.067999999999999972e+01 3.096000000000000085e+01
-7.882500000000000000e+02 2.500000000000000000e+01 2.442999999999999972e+01
-7.879800000000000182e+02 2.126999999999999957e+01 1.871999999999999886e+01
-7.883099999999999454e+02 1.390000000000000036e+01 3.600999999999999801e+01
-7.880399999999999636e+02 2.437000000000000099e+01 1.133000000000000007e+01
-7.884900000000000091e+02 2.776999999999999957e+01 4.164000000000000057e+01
-7.883799999999999955e+02 4.169999999999999929e+00 4.563000000000000256e+01
-7.884500000000000455e+02 3.028999999999999915e+01 3.934000000000000341e+01
-7.882100000000000364e+02 3.292000000000000171e+01 1.644999999999999929e+01
-7.885199999999999818e+02 4.153000000000000114e+01 4.220000000000000284e+01
-7.881299999999999955e+02 4.143999999999999773e+01 3.290000000000000036e+00
-7.877899999999999636e+02 3.051000000000000156e+01 9.799999999999999822e-01
-7.885599999999999454e+02 3.392999999999999972e+01 4.557999999999999829e+01
-7.885199999999999818e+02 1.698000000000000043e+01 4.827000000000000313e+01
-7.883799999999999955e+02 3.003000000000000114e+01 2.976999999999999957e+01
-7.881200000000000045e+02 2.928000000000000114e+01 9.449999999999999289e+00
-7.883999999999999773e+02 1.468999999999999950e+01 4.392000000000000171e+01
-7.883500000000000227e+02 3.634000000000000341e+01 2.617999999999999972e+01
-7.881000000000000227e+02 2.553999999999999915e+01 1.166999999999999993e+01
-7.884500000000000455e+02 9.919999999999999929e+00 4.650999999999999801e+01
-7.880700000000000500e+02 3.173999999999999844e+01 6.459999999999999964e+00
-7.885399999999999636e+02 2.642000000000000171e+01 4.578000000000000114e+01
-7.880000000000000000e+02 2.382000000000000028e+01 7.790000000000000036e+00
-7.880299999999999727e+02 3.372999999999999687e+01 1.250000000000000000e+00
-7.882500000000000000e+02 2.680999999999999872e+01 2.317000000000000171e+01
-7.883200000000000500e+02 6.580000000000000071e+00 4.431000000000000227e+01
-7.883400000000000318e+02 2.062999999999999901e+01 3.107999999999999829e+01
-7.879800000000000182e+02 2.882999999999999829e+01 6.179999999999999716e+00
-7.884299999999999500e+02 8.660000000000000142e+00 4.717000000000000171e+01
-7.879600000000000364e+02 4.021000000000000085e+01 0.000000000000000000e+00
-7.882699999999999818e+02 2.326999999999999957e+01 2.689999999999999858e+01
-7.882400000000000091e+02 2.421999999999999886e+01 2.467000000000000171e+01
-7.881399999999999864e+02 3.972999999999999687e+01 8.240000000000000213e+00
-7.881799999999999500e+02 2.975000000000000000e+01 1.969999999999999929e+01
-7.880399999999999636e+02 2.714000000000000057e+01 7.629999999999999893e+00
-7.877599999999999909e+02 1.432000000000000028e+01 2.951000000000000156e+01
-7.880199999999999818e+02 2.360999999999999943e+01 9.720000000000000639e+00
-7.883400000000000318e+02 2.035999999999999943e+01 3.180000000000000071e+01
-7.883500000000000227e+02 3.286999999999999744e+01 2.657999999999999829e+01
-7.884199999999999591e+02 1.586999999999999922e+01 4.092000000000000171e+01
-7.879600000000000364e+02 2.787000000000000099e+01 4.000000000000000000e+00
-7.882500000000000000e+02 2.196999999999999886e+01 2.737000000000000099e+01
-7.885099999999999909e+02 3.442999999999999972e+01 4.175999999999999801e+01
-7.885700000000000500e+02 2.737999999999999901e+01 4.640999999999999659e+01
-7.885299999999999727e+02 2.701999999999999957e+01 4.535999999999999943e+01
-7.884500000000000455e+02 1.252999999999999936e+01 4.629999999999999716e+01
-7.882300000000000182e+02 3.160000000000000142e+01 2.162999999999999901e+01
-7.884199999999999591e+02 4.099999999999999645e+00 4.703999999999999915e+01
-7.877999999999999545e+02 3.126000000000000156e+01 7.800000000000000266e-01
-7.880700000000000500e+02 3.060000000000000142e+01 6.910000000000000142e+00
-7.883600000000000136e+02 1.100999999999999979e+01 3.992999999999999972e+01
-7.885700000000000500e+02 3.703999999999999915e+01 4.514000000000000057e+01
-7.880099999999999909e+02 2.282999999999999829e+01 8.480000000000000426e+00
-7.882400000000000091e+02 2.598000000000000043e+01 2.271999999999999886e+01
-7.882300000000000182e+02 2.680999999999999872e+01 2.196999999999999886e+01
-7.881100000000000136e+02 2.882999999999999829e+01 1.118999999999999950e+01
-7.881599999999999682e+02 3.282999999999999829e+01 1.580000000000000071e+01
