-7.878799999999999955e+02 1.846000000000000085e+01 2.455999999999999872e+01
-7.882899999999999636e+02 2.466000000000000014e+01 2.335000000000000142e+01
-7.878400000000000318e+02 1.432000000000000028e+01 2.960999999999999943e+01
-7.885800000000000409e+02 3.434000000000000341e+01 4.554999999999999716e+01
-7.881900000000000546e+02 3.581000000000000227e+01 1.355000000000000071e+01
-7.879600000000000364e+02 1.975000000000000000e+01 1.757000000000000028e+01
-7.880399999999999636e+02 2.107000000000000028e+01 1.741000000000000014e+01
-7.883999999999999773e+02 3.750000000000000000e+00 4.692999999999999972e+01
-7.880000000000000000e+02 2.144999999999999929e+01 9.179999999999999716e+00
-7.882000000000000455e+02 3.083999999999999986e+01 1.803000000000000114e+01
-7.877300000000000182e+02 3.836999999999999744e+01 0.000000000000000000e+00
-7.881599999999999682e+02 4.011999999999999744e+01 7.750000000000000000e+00
-7.881100000000000136e+02 2.678999999999999915e+01 1.122000000000000064e+01
-7.884400000000000546e+02 2.214999999999999858e+01 4.096999999999999886e+01
-7.885599999999999454e+02 4.367000000000000171e+01 4.436999999999999744e+01
-7.884400000000000546e+02 1.050000000000000000e+01 4.597999999999999687e+01
-7.885599999999999454e+02 2.351000000000000156e+01 4.750999999999999801e+01
-7.883899999999999864e+02 3.284000000000000341e+01 2.887000000000000099e+01
-7.879500000000000455e+02 2.535999999999999943e+01 5.480000000000000426e+00
-7.880299999999999727e+02 3.185000000000000142e+01 3.620000000000000107e+00
-7.880700000000000500e+02 2.571000000000000085e+01 8.519999999999999574e+00
-7.883300000000000409e+02 9.000000000000000000e+00 3.871999999999999886e+01
-7.879600000000000364e+02 4.007000000000000028e+01 0.000000000000000000e+00
-7.884500000000000455e+02 1.528999999999999915e+01 4.500999999999999801e+01
-7.880800000000000409e+02 3.971999999999999886e+01 4.030000000000000249e+00
-7.880700000000000500e+02 3.239999999999999858e+01 6.200000000000000178e+00
-7.880199999999999818e+02 1.994000000000000128e+01 1.862999999999999901e+01
-7.880800000000000409e+02 4.236999999999999744e+01 1.510000000000000009e+00
-7.884199999999999591e+02 2.835000000000000142e+01 3.756000000000000227e+01
-7.877799999999999727e+02 2.964999999999999858e+01 8.199999999999999512e-01
-7.883099999999999454e+02 1.465000000000000036e+01 3.306000000000000227e+01
-7.883300000000000409e+02 2.007999999999999829e+01 3.221000000000000085e+01
-7.882300000000000182e+02 2.567999999999999972e+01 2.128000000000000114e+01
-7.882500000000000000e+02 2.887000000000000099e+01 2.121999999999999886e+01
-7.879900000000000091e+02 4.343999999999999773e+01 0.000000000000000000e+00
-7.884299999999999500e+02 1.064000000000000057e+01 4.568999999999999773e+01
-7.881699999999999591e+02 3.742000000000000171e+01 9.650000000000000355e+00
-7.877899999999999636e+02 3.051000000000000156e+01 9.799999999999999822e-01
-7.881799999999999500e+02 3.354999999999999716e+01 1.658999999999999986e+01
-7.880199999999999818e+02 2.000000000000000000e+01 1.853000000000000114e+01
-7.880399999999999636e+02 2.351000000000000156e+01 8.580000000000000071e+00
-7.880599999999999454e+02 2.294999999999999929e+01 1.093999999999999950e+01
-7.883600000000000136e+02 3.592999999999999972e+01 2.657999999999999829e+01
-7.883700000000000045e+02 1.478999999999999915e+01 3.629999999999999716e+01
-7.885000000000000000e+02 2.576999999999999957e+01 4.317999999999999972e+01
-7.882200000000000273e+02 2.426000000000000156e+01 2.435999999999999943e+01
-7.882400000000000091e+02 2.421999999999999886e+01 2.467000000000000171e+01
-7.878400000000000318e+02 2.964999999999999858e+01 2.000000000000000000e+00
-7.878300000000000409e+02 1.449000000000000021e+01 2.948000000000000043e+01
-7.883099999999999454e+02 2.026999999999999957e+01 2.867000000000000171e+01
-7.884700000000000273e+02 4.186999999999999744e+01 3.985999999999999943e+01
-7.883300000000000409e+02 9.019999999999999574e+00 3.864000000000000057e+01
-7.884900000000000091e+02 2.176999999999999957e+01 4.497999999999999687e+01
-7.880199999999999818e+02 2.051000000000000156e+01 1.621999999999999886e+01
-7.884900000000000091e+02 3.379999999999999716e+01 4.192000000000000171e+01
-7.877599999999999909e+02 1.432000000000000028e+01 2.951000000000000156e+01
-7.881399999999999864e+02 3.382999999999999829e+01 8.490000000000000213e+00
-7.880900000000000318e+02 2.325000000000000000e+01 1.200999999999999979e+01
-7.885199999999999818e+02 3.500999999999999801e+01 4.342999999999999972e+01
-7.880099999999999909e+02 3.289999999999999858e+01 1.929999999999999938e+00
-7.880199999999999818e+02 3.985999999999999943e+01 4.699999999999999734e-01
-7.880599999999999454e+02 4.135000000000000142e+01 2.209999999999999964e+00
-7.883799999999999955e+02 4.169999999999999929e+00 4.563000000000000256e+01
-7.881900000000000546e+02 3.678000000000000114e+01 1.211999999999999922e+01
-7.884199999999999591e+02 1.819000000000000128e+01 4.128999999999999915e+01
-7.885099999999999909e+02 4.181000000000000227e+01 4.157999999999999829e+01
-7.880399999999999636e+02 4.234000000000000341e+01 1.100000000000000089e+00
-7.880199999999999818e+02 3.225999999999999801e+01 2.720000000000000195e+00
-7.881799999999999500e+02 2.989999999999999858e+01 1.932999999999999829e+01
-7.885000000000000000e+02 1.048000000000000043e+01 4.852000000000000313e+01
-7.882100000000000364e+02 3.720000000000000284e+01 1.226999999999999957e+01
-7.883999999999999773e+02 2.198999999999999844e+01 3.357999999999999829e+01
-7.883700000000000045e+02 3.332999999999999829e+01 2.878000000000000114e+01
-7.881599999999999682e+02 3.739999999999999858e+01 9.890000000000000568e+00
-7.877699999999999818e+02 3.514000000000000057e+01 1.799999999999999933e-01
-7.885800000000000409e+02 3.185999999999999943e+01 4.797999999999999687e+01
-7.879600000000000364e+02 3.377000000000000313e+01 8.199999999999999512e-01
-7.881299999999999955e+02 4.132000000000000028e+01 4.910000000000000142e+00
-7.885000000000000000e+02 4.121999999999999886e+01 4.161999999999999744e+01
-7.880700000000000500e+02 2.876999999999999957e+01 7.200000000000000178e+00
-7.881100000000000136e+02 2.648000000000000043e+01 1.156000000000000050e+01
-7.878200000000000500e+02 1.530000000000000071e+01 2.858999999999999986e+01
-7.883300000000000409e+02 3.224000000000000199e+01 2.882999999999999829e+01
-7.885700000000000500e+02 2.517000000000000171e+01 4.696000000000000085e+01
-7.882799999999999727e+02 1.646000000000000085e+01 3.289999999999999858e+01
-7.883899999999999864e+02 4.860000000000000320e+00 4.600000000000000000e+01
-7.883200000000000500e+02 2.135999999999999943e+01 2.758999999999999986e+01
-7.880900000000000318e+02 2.637000000000000099e+01 8.410000000000000142e+00
-7.883899999999999864e+02 2.830000000000000071e+01 2.992999999999999972e+01
-7.880000000000000000e+02 2.242999999999999972e+01 8.490000000000000213e+00
-7.882899999999999636e+02 5.599999999999999645e+00 4.342000000000000171e+01
-7.881900000000000546e+02 2.864999999999999858e+01 1.998999999999999844e+01
-7.883500000000000227e+02 3.634000000000000341e+01 2.617999999999999972e+01
-7.884800000000000182e+02 1.650000000000000000e+01 4.589999999999999858e+01
-7.882200000000000273e+02 3.306000000000000227e+01 1.887999999999999901e+01
-7.885399999999999636e+02 3.906000000000000227e+01 4.339000000000000057e+01
-7.883799999999999955e+02 2.814999999999999858e+01 3.055000000000000071e+01
-7.879900000000000091e+02 2.333999999999999986e+01 8.210000000000000853e+00
-7.882100000000000364e+02 2.698000000000000043e+01 2.101999999999999957e+01
-7.883799999999999955e+02 1.623000000000000043e+01 3.718999999999999773e+01
-7.878600000000000136e+02 1.905999999999999872e+01 2.273000000000000043e+01
-7.884099999999999682e+02 4.469999999999999751e+00 4.696000000000000085e+01
-7.881000000000000227e+02 4.192000000000000171e+01 3.370000000000000107e+00
-7.885700000000000500e+02 2.592999999999999972e+01 4.686999999999999744e+01
-7.881499999999999773e+02 4.010999999999999943e+01 6.530000000000000249e+00
-7.883700000000000045e+02 2.025000000000000000e+01 3.225000000000000000e+01
-7.880299999999999727e+02 2.192999999999999972e+01 1.351999999999999957e+01
-7.879800000000000182e+02 2.750000000000000000e+01 4.129999999999999893e+00
-7.883500000000000227e+02 6.419999999999999929e+00 4.288000000000000256e+01
-7.881000000000000227e+02 2.553999999999999915e+01 1.166999999999999993e+01
-7.884800000000000182e+02 1.227999999999999936e+01 4.665999999999999659e+01
-7.884800000000000182e+02 2.489999999999999858e+01 4.415999999999999659e+01
-7.882699999999999818e+02 2.317999999999999972e+01 2.628999999999999915e+01
-7.883999999999999773e+02 1.221000000000000085e+01 4.228000000000000114e+01
-7.880299999999999727e+02 4.245000000000000284e+01 9.399999999999999467e-01
-7.885099999999999909e+02 2.794000000000000128e+01 4.407999999999999829e+01
-7.883799999999999955e+02 3.475000000000000000e+01 2.841000000000000014e+01
-7.882100000000000364e+02 3.572999999999999687e+01 1.364000000000000057e+01
-7.885099999999999909e+02 3.892000000000000171e+01 4.225000000000000000e+01
-7.883899999999999864e+02 9.080000000000000071e+00 4.364000000000000057e+01
-7.880499999999999545e+02 2.717999999999999972e+01 5.540000000000000036e+00
-7.884099999999999682e+02 2.542999999999999972e+01 3.931000000000000227e+01
-7.885599999999999454e+02 2.848999999999999844e+01 4.607999999999999829e+01
-7.883099999999999454e+02 1.826000000000000156e+01 3.128000000000000114e+01
-7.884700000000000273e+02 1.580000000000000071e+01 4.614999999999999858e+01
-7.884299999999999500e+02 3.753000000000000114e+01 4.054999999999999716e+01
-7.882100000000000364e+02 3.450000000000000000e+01 1.489000000000000057e+01
-7.882799999999999727e+02 2.682000000000000028e+01 2.307999999999999829e+01
