-7.882699999999999818e+02 1.669000000000000128e+01 3.278999999999999915e+01
-7.880299999999999727e+02 1.967999999999999972e+01 1.578999999999999915e+01
-7.882000000000000455e+02 3.610000000000000142e+01 1.316999999999999993e+01
-7.879600000000000364e+02 3.377000000000000313e+01 8.199999999999999512e-01
-7.883700000000000045e+02 2.842000000000000171e+01 2.889999999999999858e+01
-7.884099999999999682e+02 4.469999999999999751e+00 4.696000000000000085e+01
-7.885700000000000500e+02 3.310000000000000142e+01 4.514000000000000057e+01
-7.877999999999999545e+02 1.567999999999999972e+01 2.733999999999999986e+01
-7.881399999999999864e+02 3.435000000000000142e+01 7.610000000000000320e+00
-7.883099999999999454e+02 3.617999999999999972e+01 2.639999999999999858e+01
-7.879800000000000182e+02 2.750000000000000000e+01 4.129999999999999893e+00
-7.882300000000000182e+02 2.567999999999999972e+01 2.128000000000000114e+01
-7.883799999999999955e+02 4.169999999999999929e+00 4.563000000000000256e+01
-7.882200000000000273e+02 3.198999999999999844e+01 1.767000000000000171e+01
-7.880199999999999818e+02 3.985999999999999943e+01 4.699999999999999734e-01
-7.885599999999999454e+02 2.351000000000000156e+01 4.750999999999999801e+01
-7.880499999999999545e+02 3.231000000000000227e+01 3.310000000000000053e+00
-7.879700000000000273e+02 2.237999999999999901e+01 8.099999999999999645e+00
-7.880599999999999454e+02 2.201999999999999957e+01 1.515000000000000036e+01
-7.883700000000000045e+02 1.478999999999999915e+01 3.629999999999999716e+01
-7.884099999999999682e+02 3.689999999999999858e+01 3.325999999999999801e+01
-7.884400000000000546e+02 2.214999999999999858e+01 4.096999999999999886e+01
-7.877799999999999727e+02 2.964999999999999858e+01 8.199999999999999512e-01
-7.883300000000000409e+02 8.869999999999999218e+00 3.872999999999999687e+01
-7.882599999999999909e+02 2.160999999999999943e+01 2.914999999999999858e+01
-7.881299999999999955e+02 3.078000000000000114e+01 1.091000000000000014e+01
-7.884500000000000455e+02 1.440000000000000036e+01 4.427000000000000313e+01
-7.880599999999999454e+02 2.294999999999999929e+01 1.093999999999999950e+01
-7.885599999999999454e+02 4.367000000000000171e+01 4.436999999999999744e+01
-7.880900000000000318e+02 2.637000000000000099e+01 8.410000000000000142e+00
-7.881100000000000136e+02 4.139000000000000057e+01 3.720000000000000195e+00
-7.883300000000000409e+02 2.007999999999999829e+01 3.221000000000000085e+01
-7.884500000000000455e+02 9.890000000000000568e+00 4.686999999999999744e+01
-7.884500000000000455e+02 3.044999999999999929e+01 4.024000000000000199e+01
-7.881599999999999682e+02 4.011999999999999744e+01 7.750000000000000000e+00
-7.883700000000000045e+02 3.499000000000000199e+01 2.776000000000000156e+01
-7.881100000000000136e+02 2.996000000000000085e+01 6.860000000000000320e+00
-7.882300000000000182e+02 2.751999999999999957e+01 2.053999999999999915e+01
-7.883300000000000409e+02 1.233000000000000007e+01 3.643999999999999773e+01
-7.882799999999999727e+02 2.194000000000000128e+01 2.760000000000000142e+01
-7.882000000000000455e+02 3.083999999999999986e+01 1.803000000000000114e+01
-7.885299999999999727e+02 3.807000000000000028e+01 4.282000000000000028e+01
-7.881699999999999591e+02 3.593999999999999773e+01 1.506000000000000050e+01
-7.883899999999999864e+02 4.860000000000000320e+00 4.600000000000000000e+01
-7.885299999999999727e+02 2.446000000000000085e+01 4.668999999999999773e+01
-7.878600000000000136e+02 1.905999999999999872e+01 2.273000000000000043e+01
-7.884299999999999500e+02 1.166000000000000014e+01 4.522999999999999687e+01
-7.880599999999999454e+02 2.928000000000000114e+01 7.160000000000000142e+00
-7.884600000000000364e+02 2.542999999999999972e+01 4.052000000000000313e+01
-7.880299999999999727e+02 3.185000000000000142e+01 3.620000000000000107e+00
-7.884700000000000273e+02 2.869000000000000128e+01 4.199000000000000199e+01
-7.879800000000000182e+02 2.235999999999999943e+01 8.199999999999999289e+00
-7.883799999999999955e+02 2.807000000000000028e+01 3.005999999999999872e+01
-7.881100000000000136e+02 2.601999999999999957e+01 1.100000000000000000e+01
-7.878300000000000409e+02 1.449000000000000021e+01 2.948000000000000043e+01
-7.882799999999999727e+02 1.646000000000000085e+01 3.289999999999999858e+01
-7.879800000000000182e+02 3.977000000000000313e+01 0.000000000000000000e+00
-7.883300000000000409e+02 9.019999999999999574e+00 3.864000000000000057e+01
-7.881000000000000227e+02 2.501000000000000156e+01 1.135999999999999943e+01
-7.885800000000000409e+02 3.434000000000000341e+01 4.554999999999999716e+01
-7.877899999999999636e+02 3.340999999999999659e+01 0.000000000000000000e+00
-7.883500000000000227e+02 2.142000000000000171e+01 3.042000000000000171e+01
-7.884500000000000455e+02 1.801000000000000156e+01 4.359000000000000341e+01
-7.883300000000000409e+02 3.232999999999999829e+01 2.676000000000000156e+01
-7.883999999999999773e+02 3.750000000000000000e+00 4.692999999999999972e+01
-7.880099999999999909e+02 2.696999999999999886e+01 5.559999999999999609e+00
-7.880599999999999454e+02 4.167999999999999972e+01 1.979999999999999982e+00
-7.884700000000000273e+02 4.186999999999999744e+01 3.985999999999999943e+01
-7.881799999999999500e+02 3.354999999999999716e+01 1.658999999999999986e+01
-7.885399999999999636e+02 3.906000000000000227e+01 4.339000000000000057e+01
-7.878400000000000318e+02 1.432000000000000028e+01 2.960999999999999943e+01
-7.880000000000000000e+02 2.864000000000000057e+01 4.299999999999999822e+00
-7.881399999999999864e+02 3.382999999999999829e+01 8.490000000000000213e+00
-7.882899999999999636e+02 2.430000000000000071e+01 2.516000000000000014e+01
-7.883600000000000136e+02 1.090000000000000036e+01 3.853999999999999915e+01
-7.883999999999999773e+02 1.221000000000000085e+01 4.228000000000000114e+01
-7.881900000000000546e+02 2.864999999999999858e+01 1.998999999999999844e+01
-7.885000000000000000e+02 2.576999999999999957e+01 4.317999999999999972e+01
-7.883500000000000227e+02 3.634000000000000341e+01 2.617999999999999972e+01
-7.879900000000000091e+02 1.991000000000000014e+01 1.473000000000000043e+01
-7.881599999999999682e+02 3.460000000000000142e+01 1.524000000000000021e+01
-7.885299999999999727e+02 1.996000000000000085e+01 4.835000000000000142e+01
-7.878400000000000318e+02 2.964999999999999858e+01 2.000000000000000000e+00
-7.884800000000000182e+02 1.227999999999999936e+01 4.665999999999999659e+01
-7.880000000000000000e+02 2.242999999999999972e+01 8.490000000000000213e+00
-7.880800000000000409e+02 3.971999999999999886e+01 4.030000000000000249e+00
-7.880700000000000500e+02 2.571000000000000085e+01 8.519999999999999574e+00
-7.880199999999999818e+02 3.144000000000000128e+01 4.040000000000000036e+00
-7.884600000000000364e+02 3.625000000000000000e+01 3.990999999999999659e+01
-7.883700000000000045e+02 2.025000000000000000e+01 3.225000000000000000e+01
-7.880099999999999909e+02 2.135000000000000142e+01 1.394999999999999929e+01
-7.880499999999999545e+02 4.132000000000000028e+01 0.000000000000000000e+00
-7.883099999999999454e+02 1.465000000000000036e+01 3.306000000000000227e+01
-7.881200000000000045e+02 2.832000000000000028e+01 9.849999999999999645e+00
-7.885800000000000409e+02 3.010000000000000142e+01 4.750999999999999801e+01
-7.880599999999999454e+02 4.135000000000000142e+01 2.209999999999999964e+00
-7.884500000000000455e+02 2.075000000000000000e+01 4.325999999999999801e+01
-7.885199999999999818e+02 2.357999999999999829e+01 4.572999999999999687e+01
-7.882999999999999545e+02 1.994000000000000128e+01 2.962999999999999901e+01
-7.884099999999999682e+02 3.679999999999999716e+01 3.535999999999999943e+01
-7.881499999999999773e+02 3.652000000000000313e+01 6.719999999999999751e+00
-7.883200000000000500e+02 1.593999999999999950e+01 3.300999999999999801e+01
-7.878200000000000500e+02 1.530000000000000071e+01 2.858999999999999986e+01
-7.884900000000000091e+02 3.379999999999999716e+01 4.192000000000000171e+01
-7.882100000000000364e+02 2.698000000000000043e+01 2.101999999999999957e+01
-7.882699999999999818e+02 2.317999999999999972e+01 2.628999999999999915e+01
-7.880700000000000500e+02 2.876999999999999957e+01 7.200000000000000178e+00
-7.881900000000000546e+02 3.614000000000000057e+01 1.303999999999999915e+01
-7.885000000000000000e+02 4.121999999999999886e+01 4.161999999999999744e+01
-7.883899999999999864e+02 9.080000000000000071e+00 4.364000000000000057e+01
-7.879900000000000091e+02 2.333999999999999986e+01 8.210000000000000853e+00
-7.885499999999999545e+02 3.282000000000000028e+01 4.450999999999999801e+01
-7.879500000000000455e+02 2.535999999999999943e+01 5.480000000000000426e+00
-7.884700000000000273e+02 1.680999999999999872e+01 4.575000000000000000e+01
-7.884199999999999591e+02 1.117999999999999972e+01 4.527000000000000313e+01
-7.881000000000000227e+02 3.300000000000000000e+01 4.969999999999999751e+00
-7.881799999999999500e+02 2.989999999999999858e+01 1.932999999999999829e+01
-7.883600000000000136e+02 3.592999999999999972e+01 2.657999999999999829e+01
-7.880900000000000318e+02 2.325000000000000000e+01 1.200999999999999979e+01
-7.879700000000000273e+02 3.970000000000000284e+01 0.000000000000000000e+00
-7.879700000000000273e+02 1.958999999999999986e+01 1.540000000000000036e+01
-7.881200000000000045e+02 2.914000000000000057e+01 9.500000000000000000e+00
-7.878300000000000409e+02 2.832999999999999829e+01 1.209999999999999964e+00
-7.884900000000000091e+02 2.176999999999999957e+01 4.497999999999999687e+01
-7.881599999999999682e+02 3.703000000000000114e+01 8.880000000000000782e+00
-7.884299999999999500e+02 1.064000000000000057e+01 4.568999999999999773e+01
-7.881699999999999591e+02 3.564000000000000057e+01 1.639000000000000057e+01
-7.885099999999999909e+02 4.181000000000000227e+01 4.157999999999999829e+01
