-7.885700000000000500e+02 3.293999999999999773e+01 4.514999999999999858e+01
-7.877799999999999727e+02 2.964999999999999858e+01 8.199999999999999512e-01
-7.882599999999999909e+02 1.664000000000000057e+01 3.187999999999999901e+01
-7.881699999999999591e+02 4.003999999999999915e+01 8.029999999999999361e+00
-7.885599999999999454e+02 2.048000000000000043e+01 4.749000000000000199e+01
-7.884099999999999682e+02 3.610999999999999943e+01 3.259000000000000341e+01
-7.879600000000000364e+02 3.377000000000000313e+01 8.199999999999999512e-01
-7.883400000000000318e+02 2.830000000000000071e+01 2.903999999999999915e+01
-7.880199999999999818e+02 3.985999999999999943e+01 4.699999999999999734e-01
-7.878700000000000045e+02 1.623999999999999844e+01 2.553000000000000114e+01
-7.884500000000000455e+02 1.440000000000000036e+01 4.427000000000000313e+01
-7.881100000000000136e+02 4.039000000000000057e+01 4.250000000000000000e+00
-7.882200000000000273e+02 2.544999999999999929e+01 2.130999999999999872e+01
-7.879700000000000273e+02 2.237999999999999901e+01 8.099999999999999645e+00
-7.882100000000000364e+02 2.128999999999999915e+01 2.828000000000000114e+01
-7.880499999999999545e+02 3.231000000000000227e+01 3.310000000000000053e+00
-7.881399999999999864e+02 3.292000000000000171e+01 7.820000000000000284e+00
-7.883400000000000318e+02 1.300999999999999979e+01 3.428000000000000114e+01
-7.884199999999999591e+02 3.850000000000000089e+00 4.717000000000000171e+01
-7.879800000000000182e+02 2.750000000000000000e+01 4.129999999999999893e+00
-7.884400000000000546e+02 2.919999999999999929e+01 3.810000000000000142e+01
-7.880700000000000500e+02 2.219999999999999929e+01 1.689999999999999858e+01
-7.880599999999999454e+02 2.705999999999999872e+01 7.690000000000000391e+00
-7.884500000000000455e+02 2.132999999999999829e+01 4.035000000000000142e+01
-7.883400000000000318e+02 9.029999999999999361e+00 3.865999999999999659e+01
-7.882100000000000364e+02 3.575000000000000000e+01 1.328999999999999915e+01
-7.881200000000000045e+02 4.214000000000000057e+01 1.620000000000000107e+00
-7.883500000000000227e+02 4.709999999999999964e+00 4.497999999999999687e+01
-7.881200000000000045e+02 2.710000000000000142e+01 1.125000000000000000e+01
-7.882699999999999818e+02 1.077999999999999936e+01 3.707000000000000028e+01
-7.882599999999999909e+02 2.973000000000000043e+01 1.771999999999999886e+01
-7.885599999999999454e+02 4.367000000000000171e+01 4.436999999999999744e+01
-7.880499999999999545e+02 2.169999999999999929e+01 1.156000000000000050e+01
-7.880299999999999727e+02 1.967999999999999972e+01 1.578999999999999915e+01
-7.883300000000000409e+02 3.628000000000000114e+01 2.612000000000000099e+01
-7.883400000000000318e+02 2.017999999999999972e+01 3.091000000000000014e+01
-7.884500000000000455e+02 8.769999999999999574e+00 4.688000000000000256e+01
-7.883099999999999454e+02 2.282999999999999829e+01 2.414000000000000057e+01
-7.878200000000000500e+02 1.588000000000000078e+01 2.726000000000000156e+01
-7.882400000000000091e+02 1.976999999999999957e+01 2.951999999999999957e+01
-7.880599999999999454e+02 2.182000000000000028e+01 1.207000000000000028e+01
-7.883200000000000500e+02 3.277000000000000313e+01 2.614999999999999858e+01
-7.881399999999999864e+02 3.058999999999999986e+01 1.053999999999999915e+01
-7.884600000000000364e+02 1.198000000000000043e+01 4.624000000000000199e+01
-7.881000000000000227e+02 3.060999999999999943e+01 6.849999999999999645e+00
-7.884700000000000273e+02 1.716000000000000014e+01 4.428000000000000114e+01
-7.885199999999999818e+02 3.804999999999999716e+01 4.232999999999999829e+01
-7.877899999999999636e+02 3.340999999999999659e+01 0.000000000000000000e+00
-7.881900000000000546e+02 3.381000000000000227e+01 1.591000000000000014e+01
-7.882300000000000182e+02 2.773999999999999844e+01 2.037000000000000099e+01
-7.880499999999999545e+02 2.632999999999999829e+01 7.030000000000000249e+00
-7.883999999999999773e+02 3.032999999999999829e+01 3.581000000000000227e+01
-7.881299999999999955e+02 4.161999999999999744e+01 3.609999999999999876e+00
-7.881699999999999591e+02 3.927000000000000313e+01 9.609999999999999432e+00
-7.880000000000000000e+02 3.846999999999999886e+01 3.300000000000000155e-01
-7.883400000000000318e+02 1.208999999999999986e+01 3.447999999999999687e+01
-7.878500000000000227e+02 1.910000000000000142e+01 2.112999999999999901e+01
-7.884600000000000364e+02 2.323999999999999844e+01 4.068999999999999773e+01
-7.885299999999999727e+02 2.985999999999999943e+01 4.457000000000000028e+01
-7.885299999999999727e+02 2.628000000000000114e+01 4.506000000000000227e+01
-7.879900000000000091e+02 2.333999999999999986e+01 8.210000000000000853e+00
-7.883899999999999864e+02 5.589999999999999858e+00 4.596999999999999886e+01
-7.884500000000000455e+02 3.771999999999999886e+01 3.852000000000000313e+01
-7.882000000000000455e+02 3.609000000000000341e+01 1.283999999999999986e+01
-7.883300000000000409e+02 8.869999999999999218e+00 3.872999999999999687e+01
-7.879700000000000273e+02 2.848000000000000043e+01 3.189999999999999947e+00
-7.880800000000000409e+02 3.235000000000000142e+01 5.910000000000000142e+00
-7.877899999999999636e+02 3.087999999999999901e+01 1.100000000000000089e+00
-7.883700000000000045e+02 2.057000000000000028e+01 3.246000000000000085e+01
-7.884099999999999682e+02 4.469999999999999751e+00 4.696000000000000085e+01
-7.878300000000000409e+02 2.832999999999999829e+01 1.209999999999999964e+00
-7.879900000000000091e+02 2.378999999999999915e+01 7.580000000000000071e+00
-7.883300000000000409e+02 1.007000000000000028e+01 3.800000000000000000e+01
-7.882599999999999909e+02 2.821000000000000085e+01 2.192999999999999972e+01
-7.882699999999999818e+02 2.164000000000000057e+01 2.669000000000000128e+01
-7.881499999999999773e+02 3.560999999999999943e+01 8.140000000000000568e+00
-7.883700000000000045e+02 3.479999999999999716e+01 2.657000000000000028e+01
-7.885299999999999727e+02 2.442999999999999972e+01 4.578000000000000114e+01
-7.883899999999999864e+02 6.080000000000000071e+00 4.532999999999999829e+01
-7.881000000000000227e+02 2.489000000000000057e+01 1.175999999999999979e+01
-7.880900000000000318e+02 2.325000000000000000e+01 1.200999999999999979e+01
-7.882699999999999818e+02 2.864000000000000057e+01 1.914000000000000057e+01
-7.879800000000000182e+02 3.728999999999999915e+01 0.000000000000000000e+00
-7.883600000000000136e+02 1.551999999999999957e+01 3.513000000000000256e+01
-7.883600000000000136e+02 2.594999999999999929e+01 3.057999999999999829e+01
-7.880700000000000500e+02 2.996999999999999886e+01 5.299999999999999822e+00
-7.883999999999999773e+02 3.750000000000000000e+00 4.692999999999999972e+01
-7.880599999999999454e+02 2.733999999999999986e+01 7.610000000000000320e+00
-7.879700000000000273e+02 2.603999999999999915e+01 5.870000000000000107e+00
-7.884500000000000455e+02 2.035999999999999943e+01 4.052000000000000313e+01
-7.879600000000000364e+02 3.340999999999999659e+01 1.330000000000000071e+00
-7.882699999999999818e+02 2.001999999999999957e+01 2.955999999999999872e+01
-7.884500000000000455e+02 3.735999999999999943e+01 3.864000000000000057e+01
-7.884900000000000091e+02 4.771999999999999886e+01 4.057999999999999829e+01
-7.883799999999999955e+02 4.169999999999999929e+00 4.563000000000000256e+01
-7.881699999999999591e+02 3.938000000000000256e+01 9.310000000000000497e+00
-7.878600000000000136e+02 1.880999999999999872e+01 2.232000000000000028e+01
-7.880700000000000500e+02 3.989999999999999858e+01 2.350000000000000089e+00
-7.882000000000000455e+02 3.568999999999999773e+01 1.339000000000000057e+01
-7.884800000000000182e+02 1.353999999999999915e+01 4.613000000000000256e+01
-7.877999999999999545e+02 1.508000000000000007e+01 2.767000000000000171e+01
-7.885000000000000000e+02 3.014999999999999858e+01 4.334000000000000341e+01
-7.881000000000000227e+02 3.128000000000000114e+01 6.240000000000000213e+00
-7.883400000000000318e+02 1.472000000000000064e+01 3.411999999999999744e+01
-7.884400000000000546e+02 1.391000000000000014e+01 4.385000000000000142e+01
-7.884800000000000182e+02 1.227999999999999936e+01 4.665999999999999659e+01
-7.881100000000000136e+02 2.557000000000000028e+01 1.016000000000000014e+01
-7.883500000000000227e+02 2.855999999999999872e+01 2.869000000000000128e+01
-7.883300000000000409e+02 6.809999999999999609e+00 4.415999999999999659e+01
-7.880900000000000318e+02 2.755000000000000071e+01 8.400000000000000355e+00
-7.882400000000000091e+02 2.542999999999999972e+01 2.383999999999999986e+01
-7.881200000000000045e+02 4.132000000000000028e+01 3.640000000000000124e+00
-7.879800000000000182e+02 2.253999999999999915e+01 9.000000000000000000e+00
-7.883200000000000500e+02 1.864999999999999858e+01 3.080999999999999872e+01
-7.883899999999999864e+02 4.860000000000000320e+00 4.600000000000000000e+01
-7.882000000000000455e+02 3.329999999999999716e+01 1.651999999999999957e+01
-7.879900000000000091e+02 2.541000000000000014e+01 6.200000000000000178e+00
-7.885299999999999727e+02 2.492000000000000171e+01 4.521999999999999886e+01
-7.884400000000000546e+02 1.967000000000000171e+01 4.311999999999999744e+01
-7.880700000000000500e+02 3.475999999999999801e+01 3.459999999999999964e+00
-7.880499999999999545e+02 3.571000000000000085e+01 1.840000000000000080e+00
-7.881699999999999591e+02 4.039000000000000057e+01 7.490000000000000213e+00
-7.882100000000000364e+02 2.116000000000000014e+01 2.848999999999999844e+01
-7.878300000000000409e+02 1.560999999999999943e+01 3.082999999999999829e+01
-7.885499999999999545e+02 3.119999999999999929e+01 4.414000000000000057e+01
-7.882200000000000273e+02 3.459000000000000341e+01 1.501999999999999957e+01
-7.884800000000000182e+02 3.123000000000000043e+01 4.202000000000000313e+01
-7.884099999999999682e+02 3.571999999999999886e+01 3.322999999999999687e+01
