-7.883400000000000318e+02 1.953000000000000114e+01 3.080000000000000071e+01
-7.880299999999999727e+02 1.967999999999999972e+01 1.578999999999999915e+01
-7.883500000000000227e+02 4.709999999999999964e+00 4.497999999999999687e+01
-7.881599999999999682e+02 4.014000000000000057e+01 7.089999999999999858e+00
-7.878300000000000409e+02 2.851999999999999957e+01 1.100000000000000089e+00
-7.881399999999999864e+02 3.292000000000000171e+01 7.820000000000000284e+00
-7.882599999999999909e+02 2.973000000000000043e+01 1.771999999999999886e+01
-7.881100000000000136e+02 4.039000000000000057e+01 4.250000000000000000e+00
-7.880599999999999454e+02 2.662000000000000099e+01 7.009999999999999787e+00
-7.884299999999999500e+02 3.410000000000000142e+00 4.761999999999999744e+01
-7.885700000000000500e+02 3.272999999999999687e+01 4.467999999999999972e+01
-7.880499999999999545e+02 3.231000000000000227e+01 3.310000000000000053e+00
-7.878300000000000409e+02 1.588000000000000078e+01 2.696000000000000085e+01
-7.880700000000000500e+02 2.219999999999999929e+01 1.689999999999999858e+01
-7.882100000000000364e+02 3.575000000000000000e+01 1.328999999999999915e+01
-7.884199999999999591e+02 2.942999999999999972e+01 3.807999999999999829e+01
-7.881200000000000045e+02 4.214000000000000057e+01 1.620000000000000107e+00
-7.879700000000000273e+02 2.237999999999999901e+01 8.099999999999999645e+00
-7.884400000000000546e+02 2.239000000000000057e+01 4.003999999999999915e+01
-7.885599999999999454e+02 4.367000000000000171e+01 4.436999999999999744e+01
-7.883400000000000318e+02 1.300999999999999979e+01 3.428000000000000114e+01
-7.883300000000000409e+02 3.628000000000000114e+01 2.612000000000000099e+01
-7.884500000000000455e+02 1.440000000000000036e+01 4.427000000000000313e+01
-7.885599999999999454e+02 2.048000000000000043e+01 4.742999999999999972e+01
-7.880000000000000000e+02 3.846999999999999886e+01 3.300000000000000155e-01
-7.879800000000000182e+02 2.750000000000000000e+01 4.129999999999999893e+00
-7.883400000000000318e+02 9.029999999999999361e+00 3.865999999999999659e+01
-7.880599999999999454e+02 2.198000000000000043e+01 1.140000000000000036e+01
-7.881299999999999955e+02 2.755000000000000071e+01 1.118999999999999950e+01
-7.882400000000000091e+02 1.976999999999999957e+01 2.951999999999999957e+01
-7.884099999999999682e+02 3.610999999999999943e+01 3.259000000000000341e+01
-7.879600000000000364e+02 3.377000000000000313e+01 8.199999999999999512e-01
-7.882699999999999818e+02 1.077999999999999936e+01 3.707000000000000028e+01
-7.883300000000000409e+02 2.664999999999999858e+01 2.675000000000000000e+01
-7.882200000000000273e+02 2.544999999999999929e+01 2.130999999999999872e+01
-7.884500000000000455e+02 8.769999999999999574e+00 4.688000000000000256e+01
-7.884500000000000455e+02 2.035999999999999943e+01 4.052000000000000313e+01
-7.882200000000000273e+02 2.773000000000000043e+01 1.885000000000000142e+01
-7.880700000000000500e+02 3.989999999999999858e+01 2.350000000000000089e+00
-7.885099999999999909e+02 2.778000000000000114e+01 4.228999999999999915e+01
-7.881599999999999682e+02 3.442000000000000171e+01 7.360000000000000320e+00
-7.882999999999999545e+02 1.138000000000000078e+01 3.639999999999999858e+01
-7.883700000000000045e+02 3.139000000000000057e+01 2.853999999999999915e+01
-7.879700000000000273e+02 2.689999999999999858e+01 5.259999999999999787e+00
-7.879700000000000273e+02 3.596999999999999886e+01 0.000000000000000000e+00
-7.882000000000000455e+02 3.625000000000000000e+01 1.313000000000000078e+01
-7.881399999999999864e+02 3.050000000000000000e+01 1.050999999999999979e+01
-7.880599999999999454e+02 2.357999999999999829e+01 1.101999999999999957e+01
-7.883400000000000318e+02 2.139000000000000057e+01 3.026000000000000156e+01
-7.884199999999999591e+02 3.850000000000000089e+00 4.717000000000000171e+01
-7.878899999999999864e+02 1.898999999999999844e+01 2.346999999999999886e+01
-7.883200000000000500e+02 3.277000000000000313e+01 2.614999999999999858e+01
-7.878600000000000136e+02 1.880999999999999872e+01 2.232000000000000028e+01
-7.884500000000000455e+02 2.976000000000000156e+01 4.021999999999999886e+01
-7.884299999999999500e+02 7.250000000000000000e+00 4.692999999999999972e+01
-7.885299999999999727e+02 2.442999999999999972e+01 4.578000000000000114e+01
-7.880900000000000318e+02 2.516000000000000014e+01 9.169999999999999929e+00
-7.882699999999999818e+02 2.164000000000000057e+01 2.669000000000000128e+01
-7.880199999999999818e+02 3.114000000000000057e+01 3.890000000000000124e+00
-7.883500000000000227e+02 2.855999999999999872e+01 2.869000000000000128e+01
-7.878200000000000500e+02 2.951999999999999957e+01 7.600000000000000089e-01
-7.883600000000000136e+02 9.330000000000000071e+00 4.290999999999999659e+01
-7.879900000000000091e+02 3.296000000000000085e+01 1.149999999999999911e+00
-7.885199999999999818e+02 3.804999999999999716e+01 4.232999999999999829e+01
-7.882500000000000000e+02 2.925000000000000000e+01 2.108999999999999986e+01
-7.880800000000000409e+02 2.312999999999999901e+01 1.443999999999999950e+01
-7.883799999999999955e+02 1.296000000000000085e+01 4.325999999999999801e+01
-7.883799999999999955e+02 3.870000000000000107e+00 4.589999999999999858e+01
-7.879900000000000091e+02 2.333999999999999986e+01 8.210000000000000853e+00
-7.883799999999999955e+02 3.225999999999999801e+01 2.855999999999999872e+01
-7.879800000000000182e+02 2.253999999999999915e+01 9.000000000000000000e+00
-7.883600000000000136e+02 2.821000000000000085e+01 2.894999999999999929e+01
-7.883400000000000318e+02 1.998999999999999844e+01 3.039000000000000057e+01
-7.878300000000000409e+02 2.832999999999999829e+01 1.209999999999999964e+00
-7.883700000000000045e+02 3.479999999999999716e+01 2.657000000000000028e+01
-7.885299999999999727e+02 2.985999999999999943e+01 4.457000000000000028e+01
-7.878700000000000045e+02 1.623999999999999844e+01 2.553000000000000114e+01
-7.884800000000000182e+02 1.227999999999999936e+01 4.665999999999999659e+01
-7.885800000000000409e+02 4.025999999999999801e+01 4.535000000000000142e+01
-7.877899999999999636e+02 3.340999999999999659e+01 0.000000000000000000e+00
-7.883999999999999773e+02 4.099999999999999645e+00 4.678999999999999915e+01
-7.883300000000000409e+02 1.551999999999999957e+01 3.187999999999999901e+01
-7.883799999999999955e+02 4.169999999999999929e+00 4.563000000000000256e+01
-7.882699999999999818e+02 2.505999999999999872e+01 2.257000000000000028e+01
-7.879700000000000273e+02 2.603999999999999915e+01 5.870000000000000107e+00
-7.885099999999999909e+02 2.344999999999999929e+01 4.454999999999999716e+01
-7.885299999999999727e+02 2.492000000000000171e+01 4.521999999999999886e+01
-7.881299999999999955e+02 3.196000000000000085e+01 6.610000000000000320e+00
-7.881200000000000045e+02 2.782000000000000028e+01 8.880000000000000782e+00
-7.880900000000000318e+02 3.041000000000000014e+01 5.330000000000000071e+00
-7.885000000000000000e+02 3.234000000000000341e+01 4.142999999999999972e+01
-7.881200000000000045e+02 4.132000000000000028e+01 3.640000000000000124e+00
-7.881100000000000136e+02 2.557000000000000028e+01 1.016000000000000014e+01
-7.878500000000000227e+02 1.875000000000000000e+01 2.225000000000000000e+01
-7.883899999999999864e+02 1.192999999999999972e+01 4.402000000000000313e+01
-7.882100000000000364e+02 3.507000000000000028e+01 1.388000000000000078e+01
-7.879800000000000182e+02 3.728999999999999915e+01 0.000000000000000000e+00
-7.883700000000000045e+02 9.460000000000000853e+00 4.207999999999999829e+01
-7.880099999999999909e+02 2.121999999999999886e+01 1.256000000000000050e+01
-7.881599999999999682e+02 3.303000000000000114e+01 1.591000000000000014e+01
-7.879700000000000273e+02 3.593999999999999773e+01 1.129999999999999893e+00
-7.884400000000000546e+02 1.910999999999999943e+01 4.096000000000000085e+01
-7.882000000000000455e+02 3.490999999999999659e+01 1.483000000000000007e+01
-7.885800000000000409e+02 4.000000000000000000e+01 4.542000000000000171e+01
-7.885000000000000000e+02 4.750999999999999801e+01 4.084000000000000341e+01
-7.883700000000000045e+02 3.324000000000000199e+01 2.685000000000000142e+01
-7.878799999999999955e+02 1.869000000000000128e+01 2.428000000000000114e+01
-7.883300000000000409e+02 1.408000000000000007e+01 3.250999999999999801e+01
-7.878600000000000136e+02 1.962000000000000099e+01 2.012000000000000099e+01
-7.880800000000000409e+02 2.783999999999999986e+01 8.490000000000000213e+00
-7.880499999999999545e+02 2.169999999999999929e+01 1.156000000000000050e+01
-7.881900000000000546e+02 3.381000000000000227e+01 1.591000000000000014e+01
-7.882699999999999818e+02 2.426000000000000156e+01 2.396000000000000085e+01
-7.879800000000000182e+02 2.632000000000000028e+01 6.070000000000000284e+00
-7.882999999999999545e+02 7.690000000000000391e+00 3.907999999999999829e+01
-7.885399999999999636e+02 2.992000000000000171e+01 4.478000000000000114e+01
-7.882699999999999818e+02 2.001999999999999957e+01 2.955999999999999872e+01
-7.884099999999999682e+02 3.453999999999999915e+01 3.589000000000000057e+01
-7.881200000000000045e+02 2.710000000000000142e+01 1.125000000000000000e+01
-7.879900000000000091e+02 2.378999999999999915e+01 7.580000000000000071e+00
-7.885099999999999909e+02 1.858999999999999986e+01 4.565999999999999659e+01
-7.880299999999999727e+02 3.228000000000000114e+01 2.069999999999999840e+00
-7.883099999999999454e+02 2.467000000000000171e+01 2.680999999999999872e+01
-7.883999999999999773e+02 6.360000000000000320e+00 4.585000000000000142e+01
-7.881799999999999500e+02 3.517999999999999972e+01 7.959999999999999964e+00
-7.883400000000000318e+02 4.959999999999999964e+00 4.450000000000000000e+01
-7.885399999999999636e+02 2.567999999999999972e+01 4.582999999999999829e+01
-7.880499999999999545e+02 3.571000000000000085e+01 1.840000000000000080e+00
