-7.877799999999999727e+02 2.521999999999999886e+01 3.600000000000000089e+00
-7.885700000000000500e+02 2.464000000000000057e+01 4.756000000000000227e+01
-7.882699999999999818e+02 1.077999999999999936e+01 3.707000000000000028e+01
-7.881299999999999955e+02 4.100999999999999801e+01 3.970000000000000195e+00
-7.880900000000000318e+02 3.389000000000000057e+01 3.439999999999999947e+00
-7.879900000000000091e+02 2.378999999999999915e+01 7.580000000000000071e+00
-7.884299999999999500e+02 3.078999999999999915e+01 3.746000000000000085e+01
-7.879299999999999500e+02 3.618999999999999773e+01 0.000000000000000000e+00
-7.880199999999999818e+02 4.124000000000000199e+01 0.000000000000000000e+00
-7.884600000000000364e+02 4.825000000000000000e+01 3.877000000000000313e+01
-7.881100000000000136e+02 2.769000000000000128e+01 7.900000000000000355e+00
-7.882699999999999818e+02 2.164000000000000057e+01 2.669000000000000128e+01
-7.884500000000000455e+02 8.769999999999999574e+00 4.688000000000000256e+01
-7.881000000000000227e+02 2.500000000000000000e+01 1.431000000000000050e+01
-7.883600000000000136e+02 2.098000000000000043e+01 3.078000000000000114e+01
-7.878799999999999955e+02 1.657999999999999829e+01 2.035000000000000142e+01
-7.882599999999999909e+02 2.973000000000000043e+01 1.771999999999999886e+01
-7.883500000000000227e+02 2.733999999999999986e+01 2.848999999999999844e+01
-7.882100000000000364e+02 3.638000000000000256e+01 1.274000000000000021e+01
-7.884700000000000273e+02 1.607999999999999829e+01 4.535000000000000142e+01
-7.878200000000000500e+02 2.951999999999999957e+01 7.600000000000000089e-01
-7.883300000000000409e+02 3.628000000000000114e+01 2.612000000000000099e+01
-7.885399999999999636e+02 3.996000000000000085e+01 4.300000000000000000e+01
-7.881599999999999682e+02 3.209000000000000341e+01 1.315000000000000036e+01
-7.882200000000000273e+02 2.544999999999999929e+01 2.130999999999999872e+01
-7.883600000000000136e+02 1.589000000000000057e+01 3.664999999999999858e+01
-7.878600000000000136e+02 1.391000000000000014e+01 3.173000000000000043e+01
-7.886000000000000227e+02 3.493999999999999773e+01 4.710000000000000142e+01
-7.880700000000000500e+02 2.280000000000000071e+01 1.144999999999999929e+01
-7.880099999999999909e+02 1.926000000000000156e+01 1.675000000000000000e+01
-7.883500000000000227e+02 4.530000000000000249e+00 4.467000000000000171e+01
-7.884299999999999500e+02 3.410000000000000142e+00 4.761999999999999744e+01
-7.884400000000000546e+02 2.219999999999999929e+01 3.988000000000000256e+01
-7.878700000000000045e+02 1.623999999999999844e+01 2.553000000000000114e+01
-7.881399999999999864e+02 3.356000000000000227e+01 7.480000000000000426e+00
-7.883500000000000227e+02 9.509999999999999787e+00 4.282000000000000028e+01
-7.879800000000000182e+02 2.750000000000000000e+01 4.129999999999999893e+00
-7.883099999999999454e+02 2.562000000000000099e+01 2.667000000000000171e+01
-7.881100000000000136e+02 2.557000000000000028e+01 1.016000000000000014e+01
-7.883899999999999864e+02 2.342000000000000171e+01 3.881000000000000227e+01
-7.884400000000000546e+02 8.910000000000000142e+00 4.667000000000000171e+01
-7.883500000000000227e+02 3.359000000000000341e+01 2.637000000000000099e+01
-7.880399999999999636e+02 1.985000000000000142e+01 1.335999999999999943e+01
-7.877899999999999636e+02 3.340999999999999659e+01 0.000000000000000000e+00
-7.881499999999999773e+02 4.031000000000000227e+01 6.790000000000000036e+00
-7.882899999999999636e+02 1.511999999999999922e+01 3.379999999999999716e+01
-7.884500000000000455e+02 2.996000000000000085e+01 3.990999999999999659e+01
-7.878500000000000227e+02 1.892000000000000171e+01 2.007000000000000028e+01
-7.880000000000000000e+02 2.119999999999999929e+01 9.949999999999999289e+00
-7.881599999999999682e+02 3.370000000000000284e+01 1.089000000000000057e+01
-7.880700000000000500e+02 4.067000000000000171e+01 1.979999999999999982e+00
-7.882000000000000455e+02 3.653999999999999915e+01 1.228999999999999915e+01
-7.885299999999999727e+02 4.007000000000000028e+01 4.277000000000000313e+01
-7.883400000000000318e+02 1.946000000000000085e+01 2.994000000000000128e+01
-7.882300000000000182e+02 3.217000000000000171e+01 1.500000000000000000e+01
-7.885000000000000000e+02 4.750999999999999801e+01 4.084000000000000341e+01
-7.884400000000000546e+02 4.809999999999999609e+00 4.821999999999999886e+01
-7.879600000000000364e+02 3.377000000000000313e+01 8.199999999999999512e-01
-7.882699999999999818e+02 2.426000000000000156e+01 2.396000000000000085e+01
-7.883600000000000136e+02 5.559999999999999609e+00 4.331000000000000227e+01
-7.885700000000000500e+02 2.537999999999999901e+01 4.732999999999999829e+01
-7.881100000000000136e+02 3.042999999999999972e+01 7.709999999999999964e+00
-7.878999999999999773e+02 1.855000000000000071e+01 2.344999999999999929e+01
-7.881399999999999864e+02 3.292000000000000171e+01 7.820000000000000284e+00
-7.884500000000000455e+02 1.465000000000000036e+01 4.365999999999999659e+01
-7.882999999999999545e+02 1.022000000000000064e+01 3.761999999999999744e+01
-7.881000000000000227e+02 3.217000000000000171e+01 5.620000000000000107e+00
-7.879700000000000273e+02 2.689999999999999858e+01 5.259999999999999787e+00
-7.886000000000000227e+02 3.536999999999999744e+01 4.682000000000000028e+01
-7.882999999999999545e+02 2.239000000000000057e+01 2.664000000000000057e+01
-7.883300000000000409e+02 2.664999999999999858e+01 2.675000000000000000e+01
-7.880499999999999545e+02 3.231000000000000227e+01 3.310000000000000053e+00
-7.883700000000000045e+02 3.475999999999999801e+01 2.644999999999999929e+01
-7.882500000000000000e+02 2.925000000000000000e+01 2.108999999999999986e+01
-7.884199999999999591e+02 3.850000000000000089e+00 4.717000000000000171e+01
-7.880000000000000000e+02 2.480000000000000071e+01 6.950000000000000178e+00
-7.884400000000000546e+02 6.040000000000000036e+00 4.714999999999999858e+01
-7.884099999999999682e+02 3.311999999999999744e+01 3.596999999999999886e+01
-7.884099999999999682e+02 3.610999999999999943e+01 3.259000000000000341e+01
-7.879800000000000182e+02 2.992000000000000171e+01 1.899999999999999911e+00
-7.879500000000000455e+02 1.923000000000000043e+01 2.576999999999999957e+01
-7.885800000000000409e+02 4.000000000000000000e+01 4.542000000000000171e+01
-7.881699999999999591e+02 3.478999999999999915e+01 1.458999999999999986e+01
-7.883300000000000409e+02 1.810000000000000142e+01 3.060000000000000142e+01
-7.885499999999999545e+02 2.496000000000000085e+01 4.696000000000000085e+01
-7.880700000000000500e+02 2.219999999999999929e+01 1.689999999999999858e+01
-7.885599999999999454e+02 3.696999999999999886e+01 4.400999999999999801e+01
-7.880499999999999545e+02 2.169999999999999929e+01 1.156000000000000050e+01
-7.880099999999999909e+02 3.215999999999999659e+01 1.780000000000000027e+00
-7.881399999999999864e+02 4.078999999999999915e+01 5.200000000000000178e+00
-7.883400000000000318e+02 1.300999999999999979e+01 3.428000000000000114e+01
-7.881000000000000227e+02 2.567000000000000171e+01 8.750000000000000000e+00
-7.882000000000000455e+02 3.490999999999999659e+01 1.483000000000000007e+01
-7.884900000000000091e+02 2.003999999999999915e+01 4.686999999999999744e+01
-7.880000000000000000e+02 4.060999999999999943e+01 0.000000000000000000e+00
-7.878300000000000409e+02 2.851999999999999957e+01 1.100000000000000089e+00
-7.883400000000000318e+02 9.029999999999999361e+00 3.865999999999999659e+01
-7.882400000000000091e+02 2.014999999999999858e+01 2.916000000000000014e+01
-7.881399999999999864e+02 3.142999999999999972e+01 9.230000000000000426e+00
-7.884600000000000364e+02 2.001999999999999957e+01 4.270000000000000284e+01
-7.883700000000000045e+02 5.089999999999999858e+00 4.614000000000000057e+01
-7.885299999999999727e+02 2.985999999999999943e+01 4.457000000000000028e+01
-7.883999999999999773e+02 5.389999999999999680e+00 4.602000000000000313e+01
-7.881000000000000227e+02 4.204999999999999716e+01 2.290000000000000036e+00
-7.879900000000000091e+02 2.442999999999999972e+01 7.190000000000000391e+00
-7.883600000000000136e+02 2.794000000000000128e+01 2.810000000000000142e+01
-7.883799999999999955e+02 1.998999999999999844e+01 3.457000000000000028e+01
-7.884299999999999500e+02 7.250000000000000000e+00 4.692999999999999972e+01
-7.882300000000000182e+02 2.532000000000000028e+01 2.326000000000000156e+01
-7.882999999999999545e+02 2.251000000000000156e+01 2.608999999999999986e+01
-7.880599999999999454e+02 2.662000000000000099e+01 7.009999999999999787e+00
-7.884500000000000455e+02 1.440000000000000036e+01 4.427000000000000313e+01
-7.880299999999999727e+02 1.967999999999999972e+01 1.578999999999999915e+01
-7.880900000000000318e+02 3.041000000000000014e+01 5.330000000000000071e+00
-7.879700000000000273e+02 2.680000000000000071e+01 5.389999999999999680e+00
-7.883099999999999454e+02 1.175000000000000000e+01 3.660000000000000142e+01
-7.884299999999999500e+02 5.370000000000000107e+00 4.706000000000000227e+01
-7.880299999999999727e+02 3.228000000000000114e+01 2.069999999999999840e+00
-7.884600000000000364e+02 2.958999999999999986e+01 3.995000000000000284e+01
-7.881599999999999682e+02 3.879999999999999716e+01 9.400000000000000355e+00
-7.880599999999999454e+02 2.491000000000000014e+01 1.036999999999999922e+01
-7.882100000000000364e+02 3.568999999999999773e+01 1.408999999999999986e+01
-7.883799999999999955e+02 1.194999999999999929e+01 4.074000000000000199e+01
-7.877999999999999545e+02 1.566000000000000014e+01 3.071000000000000085e+01
-7.885299999999999727e+02 2.492000000000000171e+01 4.521999999999999886e+01
-7.883600000000000136e+02 3.206000000000000227e+01 2.669999999999999929e+01
-7.879900000000000091e+02 4.050000000000000000e+01 0.000000000000000000e+00
-7.885299999999999727e+02 2.548999999999999844e+01 4.503999999999999915e+01
