-7.886000000000000227e+02 3.493999999999999773e+01 4.710000000000000142e+01
-7.883600000000000136e+02 1.589000000000000057e+01 3.664999999999999858e+01
-7.882100000000000364e+02 3.638000000000000256e+01 1.274000000000000021e+01
-7.884500000000000455e+02 8.769999999999999574e+00 4.688000000000000256e+01
-7.883500000000000227e+02 9.380000000000000782e+00 3.936999999999999744e+01
-7.884600000000000364e+02 4.825000000000000000e+01 3.877000000000000313e+01
-7.878600000000000136e+02 1.391000000000000014e+01 3.173000000000000043e+01
-7.881299999999999955e+02 3.001999999999999957e+01 1.167999999999999972e+01
-7.883300000000000409e+02 3.628000000000000114e+01 2.612000000000000099e+01
-7.879299999999999500e+02 3.618999999999999773e+01 0.000000000000000000e+00
-7.880800000000000409e+02 2.326999999999999957e+01 1.769999999999999929e+01
-7.879800000000000182e+02 2.750000000000000000e+01 4.129999999999999893e+00
-7.878200000000000500e+02 2.951999999999999957e+01 7.600000000000000089e-01
-7.883600000000000136e+02 1.994000000000000128e+01 3.064999999999999858e+01
-7.881799999999999500e+02 2.108999999999999986e+01 2.830000000000000071e+01
-7.882500000000000000e+02 1.492999999999999972e+01 3.396999999999999886e+01
-7.884700000000000273e+02 1.591000000000000014e+01 4.504999999999999716e+01
-7.879900000000000091e+02 2.378999999999999915e+01 7.580000000000000071e+00
-7.882799999999999727e+02 1.100000000000000000e+01 3.689000000000000057e+01
-7.877799999999999727e+02 2.521999999999999886e+01 3.600000000000000089e+00
-7.881599999999999682e+02 3.629999999999999716e+01 7.900000000000000355e+00
-7.880900000000000318e+02 3.389000000000000057e+01 3.439999999999999947e+00
-7.880099999999999909e+02 1.926000000000000156e+01 1.675000000000000000e+01
-7.880700000000000500e+02 2.280000000000000071e+01 1.144999999999999929e+01
-7.881299999999999955e+02 4.100999999999999801e+01 3.970000000000000195e+00
-7.880199999999999818e+02 4.124000000000000199e+01 0.000000000000000000e+00
-7.884299999999999500e+02 3.410000000000000142e+00 4.761999999999999744e+01
-7.884299999999999500e+02 3.078999999999999915e+01 3.746000000000000085e+01
-7.884400000000000546e+02 2.219999999999999929e+01 3.988000000000000256e+01
-7.882400000000000091e+02 3.139000000000000057e+01 1.719000000000000128e+01
-7.882500000000000000e+02 2.632999999999999829e+01 2.239000000000000057e+01
-7.885700000000000500e+02 2.464000000000000057e+01 4.756000000000000227e+01
-7.880700000000000500e+02 2.855999999999999872e+01 7.160000000000000142e+00
-7.878700000000000045e+02 1.623999999999999844e+01 2.553000000000000114e+01
-7.885299999999999727e+02 4.282000000000000028e+01 4.246000000000000085e+01
-7.878799999999999955e+02 1.657999999999999829e+01 2.035000000000000142e+01
-7.883700000000000045e+02 4.000000000000000000e+00 4.564000000000000057e+01
-7.883500000000000227e+02 2.733999999999999986e+01 2.848999999999999844e+01
-7.885700000000000500e+02 3.906000000000000227e+01 4.535000000000000142e+01
-7.885399999999999636e+02 3.996000000000000085e+01 4.300000000000000000e+01
-7.880299999999999727e+02 4.002000000000000313e+01 7.600000000000000089e-01
-7.879600000000000364e+02 3.377000000000000313e+01 8.199999999999999512e-01
-7.883500000000000227e+02 1.700000000000000000e+01 3.371000000000000085e+01
-7.885299999999999727e+02 2.492000000000000171e+01 4.521999999999999886e+01
-7.883600000000000136e+02 3.317000000000000171e+01 2.639000000000000057e+01
-7.883799999999999955e+02 2.860999999999999943e+01 2.996999999999999886e+01
-7.880499999999999545e+02 2.083999999999999986e+01 1.682000000000000028e+01
-7.879500000000000455e+02 1.835000000000000142e+01 2.825000000000000000e+01
-7.882200000000000273e+02 3.340999999999999659e+01 1.498000000000000043e+01
-7.880499999999999545e+02 3.231000000000000227e+01 3.310000000000000053e+00
-7.884500000000000455e+02 1.465000000000000036e+01 4.365999999999999659e+01
-7.882899999999999636e+02 6.870000000000000107e+00 4.257000000000000028e+01
-7.885299999999999727e+02 2.555999999999999872e+01 4.517000000000000171e+01
-7.884400000000000546e+02 6.040000000000000036e+00 4.714999999999999858e+01
-7.881499999999999773e+02 3.353999999999999915e+01 8.240000000000000213e+00
-7.881000000000000227e+02 2.635999999999999943e+01 8.720000000000000639e+00
-7.882899999999999636e+02 1.032000000000000028e+01 3.700999999999999801e+01
-7.885000000000000000e+02 4.750999999999999801e+01 4.084000000000000341e+01
-7.883999999999999773e+02 2.490000000000000213e+00 4.725999999999999801e+01
-7.877899999999999636e+02 3.340999999999999659e+01 0.000000000000000000e+00
-7.881399999999999864e+02 2.962999999999999901e+01 2.114999999999999858e+01
-7.884199999999999591e+02 3.051000000000000156e+01 3.896999999999999886e+01
-7.880099999999999909e+02 2.417999999999999972e+01 6.690000000000000391e+00
-7.879700000000000273e+02 2.583999999999999986e+01 4.450000000000000178e+00
-7.881799999999999500e+02 3.728999999999999915e+01 1.153999999999999915e+01
-7.882200000000000273e+02 2.544999999999999929e+01 2.130999999999999872e+01
-7.881200000000000045e+02 2.680000000000000071e+01 1.283000000000000007e+01
-7.884199999999999591e+02 5.250000000000000000e+00 4.689000000000000057e+01
-7.883600000000000136e+02 2.155999999999999872e+01 3.053999999999999915e+01
-7.880399999999999636e+02 2.512999999999999901e+01 9.570000000000000284e+00
-7.881100000000000136e+02 3.875999999999999801e+01 5.290000000000000036e+00
-7.882999999999999545e+02 2.239000000000000057e+01 2.664000000000000057e+01
-7.883700000000000045e+02 1.701999999999999957e+01 3.356000000000000227e+01
-7.883799999999999955e+02 1.194999999999999929e+01 4.074000000000000199e+01
-7.882699999999999818e+02 1.230000000000000071e+01 3.609000000000000341e+01
-7.884299999999999500e+02 5.269999999999999574e+00 4.696999999999999886e+01
-7.885499999999999545e+02 2.326000000000000156e+01 4.567999999999999972e+01
-7.885800000000000409e+02 4.000000000000000000e+01 4.542000000000000171e+01
-7.883999999999999773e+02 2.830000000000000071e+00 4.707000000000000028e+01
-7.885000000000000000e+02 1.732000000000000028e+01 4.602000000000000313e+01
-7.878300000000000409e+02 2.851999999999999957e+01 1.100000000000000089e+00
-7.881100000000000136e+02 3.014999999999999858e+01 1.003999999999999915e+01
-7.880900000000000318e+02 2.414000000000000057e+01 1.408999999999999986e+01
-7.882000000000000455e+02 3.653999999999999915e+01 1.228999999999999915e+01
-7.881000000000000227e+02 2.500000000000000000e+01 1.431000000000000050e+01
-7.880299999999999727e+02 2.478999999999999915e+01 7.870000000000000107e+00
-7.884900000000000091e+02 3.271000000000000085e+01 4.218999999999999773e+01
-7.880399999999999636e+02 4.115999999999999659e+01 8.599999999999999867e-01
-7.879900000000000091e+02 2.607999999999999829e+01 5.250000000000000000e+00
-7.883899999999999864e+02 3.239999999999999858e+01 2.953999999999999915e+01
-7.883500000000000227e+02 3.359000000000000341e+01 2.637000000000000099e+01
-7.885800000000000409e+02 3.465999999999999659e+01 4.632999999999999829e+01
-7.880099999999999909e+02 1.855999999999999872e+01 1.814999999999999858e+01
-7.885299999999999727e+02 2.703999999999999915e+01 4.488000000000000256e+01
-7.881399999999999864e+02 3.356000000000000227e+01 7.480000000000000426e+00
-7.884400000000000546e+02 4.911999999999999744e+01 3.807999999999999829e+01
-7.882300000000000182e+02 3.217000000000000171e+01 1.500000000000000000e+01
-7.878999999999999773e+02 1.855000000000000071e+01 2.344999999999999929e+01
-7.880399999999999636e+02 3.187000000000000099e+01 4.700000000000000178e+00
-7.882100000000000364e+02 2.544999999999999929e+01 2.123000000000000043e+01
-7.884299999999999500e+02 7.250000000000000000e+00 4.692999999999999972e+01
-7.879900000000000091e+02 3.485999999999999943e+01 1.100000000000000089e+00
-7.882699999999999818e+02 2.164000000000000057e+01 2.669000000000000128e+01
-7.881000000000000227e+02 2.719999999999999929e+01 8.220000000000000639e+00
-7.881399999999999864e+02 4.077000000000000313e+01 5.339999999999999858e+00
-7.883300000000000409e+02 1.810000000000000142e+01 3.060000000000000142e+01
-7.885299999999999727e+02 4.007000000000000028e+01 4.277000000000000313e+01
-7.882799999999999727e+02 2.457999999999999829e+01 2.400000000000000000e+01
-7.880000000000000000e+02 2.119999999999999929e+01 9.949999999999999289e+00
-7.883600000000000136e+02 5.559999999999999609e+00 4.331000000000000227e+01
-7.881100000000000136e+02 4.049000000000000199e+01 4.980000000000000426e+00
-7.880399999999999636e+02 2.796000000000000085e+01 7.849999999999999645e+00
-7.883600000000000136e+02 2.794000000000000128e+01 2.810000000000000142e+01
-7.880700000000000500e+02 4.061999999999999744e+01 2.069999999999999840e+00
-7.882300000000000182e+02 3.352000000000000313e+01 1.376999999999999957e+01
-7.882599999999999909e+02 2.973000000000000043e+01 1.771999999999999886e+01
-7.879400000000000546e+02 3.439000000000000057e+01 6.999999999999999556e-01
-7.884400000000000546e+02 4.809999999999999609e+00 4.821999999999999886e+01
-7.884400000000000546e+02 8.910000000000000142e+00 4.667000000000000171e+01
-7.885299999999999727e+02 3.829999999999999716e+01 4.325000000000000000e+01
-7.881100000000000136e+02 2.557000000000000028e+01 1.016000000000000014e+01
-7.882899999999999636e+02 2.282999999999999829e+01 2.512999999999999901e+01
-7.883899999999999864e+02 3.275000000000000000e+01 2.944000000000000128e+01
-7.878600000000000136e+02 1.413000000000000078e+01 2.887999999999999901e+01
-7.881499999999999773e+02 3.910999999999999943e+01 7.099999999999999645e+00
-7.880399999999999636e+02 1.985000000000000142e+01 1.335999999999999943e+01
-7.883400000000000318e+02 1.180000000000000071e+01 3.664999999999999858e+01
-7.883600000000000136e+02 1.140000000000000036e+01 4.002000000000000313e+01
