-7.884099999999999682e+02 3.803000000000000114e+01 3.278999999999999915e+01
-7.883600000000000136e+02 1.994000000000000128e+01 3.064999999999999858e+01
-7.885700000000000500e+02 2.464000000000000057e+01 4.756000000000000227e+01
-7.885599999999999454e+02 4.192000000000000171e+01 4.457000000000000028e+01
-7.881299999999999955e+02 2.960000000000000142e+01 1.051999999999999957e+01
-7.882100000000000364e+02 3.638000000000000256e+01 1.274000000000000021e+01
-7.882400000000000091e+02 3.139000000000000057e+01 1.719000000000000128e+01
-7.878700000000000045e+02 1.623999999999999844e+01 2.553000000000000114e+01
-7.881499999999999773e+02 4.097999999999999687e+01 3.339999999999999858e+00
-7.883700000000000045e+02 3.939999999999999947e+00 4.570000000000000284e+01
-7.878200000000000500e+02 2.951999999999999957e+01 7.600000000000000089e-01
-7.880199999999999818e+02 4.124000000000000199e+01 0.000000000000000000e+00
-7.880800000000000409e+02 2.744999999999999929e+01 6.730000000000000426e+00
-7.878799999999999955e+02 1.657999999999999829e+01 2.035000000000000142e+01
-7.883300000000000409e+02 3.628000000000000114e+01 2.612000000000000099e+01
-7.879299999999999500e+02 3.618999999999999773e+01 0.000000000000000000e+00
-7.882799999999999727e+02 1.025999999999999979e+01 3.645000000000000284e+01
-7.883500000000000227e+02 2.733999999999999986e+01 2.848999999999999844e+01
-7.883500000000000227e+02 9.380000000000000782e+00 3.936999999999999744e+01
-7.884700000000000273e+02 1.591000000000000014e+01 4.504999999999999716e+01
-7.880000000000000000e+02 2.339000000000000057e+01 7.259999999999999787e+00
-7.877799999999999727e+02 2.521999999999999886e+01 3.600000000000000089e+00
-7.878600000000000136e+02 1.391000000000000014e+01 3.173000000000000043e+01
-7.884299999999999500e+02 3.410000000000000142e+00 4.761999999999999744e+01
-7.882899999999999636e+02 1.402999999999999936e+01 3.296000000000000085e+01
-7.880800000000000409e+02 3.313000000000000256e+01 3.939999999999999947e+00
-7.884600000000000364e+02 2.344000000000000128e+01 4.077000000000000313e+01
-7.880099999999999909e+02 1.926000000000000156e+01 1.675000000000000000e+01
-7.883500000000000227e+02 1.340000000000000036e+01 3.728999999999999915e+01
-7.884500000000000455e+02 8.769999999999999574e+00 4.688000000000000256e+01
-7.880700000000000500e+02 2.280000000000000071e+01 1.144999999999999929e+01
-7.879800000000000182e+02 2.750000000000000000e+01 4.129999999999999893e+00
-7.881299999999999955e+02 2.935000000000000142e+01 1.762000000000000099e+01
-7.884299999999999500e+02 3.078999999999999915e+01 3.746000000000000085e+01
-7.885900000000000318e+02 3.318999999999999773e+01 4.589000000000000057e+01
-7.882500000000000000e+02 2.632999999999999829e+01 2.239000000000000057e+01
-7.881799999999999500e+02 2.108999999999999986e+01 2.830000000000000071e+01
-7.881599999999999682e+02 3.613000000000000256e+01 7.639999999999999680e+00
-7.877599999999999909e+02 2.671000000000000085e+01 1.699999999999999956e+00
-7.882200000000000273e+02 3.340999999999999659e+01 1.498000000000000043e+01
-7.882200000000000273e+02 2.544999999999999929e+01 2.130999999999999872e+01
-7.883600000000000136e+02 3.565999999999999659e+01 2.691000000000000014e+01
-7.880199999999999818e+02 2.117000000000000171e+01 1.228999999999999915e+01
-7.883099999999999454e+02 1.071000000000000085e+01 3.885000000000000142e+01
-7.880199999999999818e+02 2.610999999999999943e+01 6.349999999999999645e+00
-7.879500000000000455e+02 2.785000000000000142e+01 3.910000000000000142e+00
-7.884400000000000546e+02 4.911999999999999744e+01 3.807999999999999829e+01
-7.884400000000000546e+02 8.910000000000000142e+00 4.667000000000000171e+01
-7.878200000000000500e+02 2.751999999999999957e+01 1.530000000000000027e+00
-7.880800000000000409e+02 2.364999999999999858e+01 1.577999999999999936e+01
-7.879600000000000364e+02 2.562999999999999901e+01 5.839999999999999858e+00
-7.883899999999999864e+02 3.012000000000000099e+01 2.926999999999999957e+01
-7.880399999999999636e+02 3.187000000000000099e+01 4.700000000000000178e+00
-7.882999999999999545e+02 2.201999999999999957e+01 2.751999999999999957e+01
-7.884700000000000273e+02 2.830000000000000071e+01 4.042999999999999972e+01
-7.880099999999999909e+02 1.855999999999999872e+01 1.814999999999999858e+01
-7.883099999999999454e+02 2.062999999999999901e+01 2.905999999999999872e+01
-7.880599999999999454e+02 4.296999999999999886e+01 9.799999999999999822e-01
-7.885199999999999818e+02 4.263000000000000256e+01 4.213000000000000256e+01
-7.885399999999999636e+02 2.239000000000000057e+01 4.572999999999999687e+01
-7.881200000000000045e+02 2.680000000000000071e+01 1.283000000000000007e+01
-7.881799999999999500e+02 3.796999999999999886e+01 1.191000000000000014e+01
-7.884199999999999591e+02 3.709999999999999964e+00 4.722999999999999687e+01
-7.882999999999999545e+02 1.026999999999999957e+01 3.628000000000000114e+01
-7.885000000000000000e+02 1.746000000000000085e+01 4.578000000000000114e+01
-7.883600000000000136e+02 4.259999999999999787e+00 4.517000000000000171e+01
-7.880099999999999909e+02 3.175000000000000000e+01 2.109999999999999876e+00
-7.881299999999999955e+02 3.130999999999999872e+01 6.629999999999999893e+00
-7.878700000000000045e+02 1.582000000000000028e+01 3.014000000000000057e+01
-7.885499999999999545e+02 3.577000000000000313e+01 4.384000000000000341e+01
-7.883099999999999454e+02 1.632999999999999829e+01 3.286999999999999744e+01
-7.881200000000000045e+02 4.153000000000000114e+01 2.740000000000000213e+00
-7.884700000000000273e+02 2.026999999999999957e+01 4.417000000000000171e+01
-7.879700000000000273e+02 2.583999999999999986e+01 4.450000000000000178e+00
-7.882899999999999636e+02 1.023000000000000043e+01 3.646999999999999886e+01
-7.882400000000000091e+02 2.462999999999999901e+01 2.455999999999999872e+01
-7.884800000000000182e+02 2.651999999999999957e+01 4.160000000000000142e+01
-7.883899999999999864e+02 2.473000000000000043e+01 3.218999999999999773e+01
-7.880800000000000409e+02 2.326999999999999957e+01 1.769999999999999929e+01
-7.885499999999999545e+02 2.326000000000000156e+01 4.567999999999999972e+01
-7.880900000000000318e+02 2.658999999999999986e+01 9.410000000000000142e+00
-7.884299999999999500e+02 5.269999999999999574e+00 4.696999999999999886e+01
-7.880000000000000000e+02 3.350999999999999801e+01 1.760000000000000009e+00
-7.883799999999999955e+02 5.410000000000000142e+00 4.414000000000000057e+01
-7.878600000000000136e+02 1.413000000000000078e+01 2.887999999999999901e+01
-7.884400000000000546e+02 6.040000000000000036e+00 4.714999999999999858e+01
-7.883600000000000136e+02 3.588000000000000256e+01 2.616000000000000014e+01
-7.878300000000000409e+02 2.851999999999999957e+01 1.100000000000000089e+00
-7.882599999999999909e+02 2.101000000000000156e+01 2.898999999999999844e+01
-7.884800000000000182e+02 4.018999999999999773e+01 3.975000000000000000e+01
-7.882300000000000182e+02 3.352000000000000313e+01 1.376999999999999957e+01
-7.885199999999999818e+02 3.173000000000000043e+01 4.293999999999999773e+01
-7.883600000000000136e+02 1.576999999999999957e+01 3.364999999999999858e+01
-7.883200000000000500e+02 2.508999999999999986e+01 2.637000000000000099e+01
-7.880099999999999909e+02 2.417999999999999972e+01 6.690000000000000391e+00
-7.881699999999999591e+02 3.781000000000000227e+01 8.759999999999999787e+00
-7.880000000000000000e+02 1.919000000000000128e+01 1.780000000000000071e+01
-7.883899999999999864e+02 2.503000000000000114e+01 3.055999999999999872e+01
-7.880800000000000409e+02 4.121000000000000085e+01 2.020000000000000018e+00
-7.885299999999999727e+02 1.989999999999999858e+01 4.800999999999999801e+01
-7.881399999999999864e+02 4.077000000000000313e+01 5.339999999999999858e+00
-7.880499999999999545e+02 3.187999999999999901e+01 5.440000000000000391e+00
-7.882599999999999909e+02 3.114000000000000057e+01 1.844999999999999929e+01
-7.880599999999999454e+02 2.557999999999999829e+01 1.080000000000000071e+01
-7.885099999999999909e+02 3.906000000000000227e+01 4.111999999999999744e+01
-7.883600000000000136e+02 1.273000000000000043e+01 3.814000000000000057e+01
-7.883999999999999773e+02 2.998000000000000043e+01 2.964999999999999858e+01
-7.883400000000000318e+02 1.694999999999999929e+01 3.094000000000000128e+01
-7.882799999999999727e+02 1.091000000000000014e+01 3.595000000000000284e+01
-7.880700000000000500e+02 4.238000000000000256e+01 1.560000000000000053e+00
-7.881000000000000227e+02 2.682000000000000028e+01 1.176999999999999957e+01
-7.880700000000000500e+02 3.189000000000000057e+01 5.769999999999999574e+00
-7.884800000000000182e+02 3.189999999999999858e+01 4.021999999999999886e+01
-7.885299999999999727e+02 4.203000000000000114e+01 4.228999999999999915e+01
-7.883999999999999773e+02 2.830000000000000071e+00 4.707000000000000028e+01
-7.882200000000000273e+02 3.207000000000000028e+01 1.503999999999999915e+01
-7.885000000000000000e+02 4.714999999999999858e+01 4.072999999999999687e+01
-7.880099999999999909e+02 2.853000000000000114e+01 3.959999999999999964e+00
-7.885000000000000000e+02 1.732000000000000028e+01 4.602000000000000313e+01
-7.881299999999999955e+02 3.982000000000000028e+01 4.429999999999999716e+00
-7.880499999999999545e+02 2.596999999999999886e+01 9.039999999999999147e+00
-7.885399999999999636e+02 2.939000000000000057e+01 4.371000000000000085e+01
-7.882000000000000455e+02 3.607000000000000028e+01 1.282000000000000028e+01
-7.882899999999999636e+02 2.282999999999999829e+01 2.512999999999999901e+01
-7.884299999999999500e+02 5.209999999999999964e+00 4.700000000000000000e+01
-7.883899999999999864e+02 1.987999999999999901e+01 4.103999999999999915e+01
-7.881200000000000045e+02 3.239000000000000057e+01 6.410000000000000142e+00
-7.881599999999999682e+02 2.816000000000000014e+01 2.075000000000000000e+01
