-7.882100000000000364e+02 3.638000000000000256e+01 1.274000000000000021e+01
-7.880900000000000318e+02 2.323000000000000043e+01 1.068999999999999950e+01
-7.883300000000000409e+02 3.628000000000000114e+01 2.612000000000000099e+01
-7.881599999999999682e+02 3.613000000000000256e+01 7.639999999999999680e+00
-7.882799999999999727e+02 2.576000000000000156e+01 2.108999999999999986e+01
-7.884700000000000273e+02 1.591000000000000014e+01 4.504999999999999716e+01
-7.882799999999999727e+02 1.025999999999999979e+01 3.645000000000000284e+01
-7.883500000000000227e+02 9.669999999999999929e+00 4.343999999999999773e+01
-7.880299999999999727e+02 1.907000000000000028e+01 1.633999999999999986e+01
-7.881499999999999773e+02 4.096999999999999886e+01 3.740000000000000213e+00
-7.878600000000000136e+02 1.391000000000000014e+01 3.173000000000000043e+01
-7.879099999999999682e+02 3.365999999999999659e+01 8.599999999999999867e-01
-7.881399999999999864e+02 2.921999999999999886e+01 1.821000000000000085e+01
-7.883600000000000136e+02 1.994000000000000128e+01 3.064999999999999858e+01
-7.882500000000000000e+02 3.080000000000000071e+01 1.694999999999999929e+01
-7.884299999999999500e+02 3.149999999999999911e+00 4.771000000000000085e+01
-7.883600000000000136e+02 1.558999999999999986e+01 3.593999999999999773e+01
-7.881200000000000045e+02 4.174000000000000199e+01 1.489999999999999991e+00
-7.884400000000000546e+02 4.635999999999999943e+01 3.782000000000000028e+01
-7.878799999999999955e+02 1.657999999999999829e+01 2.035000000000000142e+01
-7.877799999999999727e+02 2.521999999999999886e+01 3.600000000000000089e+00
-7.883899999999999864e+02 2.939999999999999947e+00 4.675999999999999801e+01
-7.884600000000000364e+02 2.344000000000000128e+01 4.077000000000000313e+01
-7.882699999999999818e+02 1.552999999999999936e+01 3.144999999999999929e+01
-7.885499999999999545e+02 4.264999999999999858e+01 4.361999999999999744e+01
-7.885900000000000318e+02 3.318999999999999773e+01 4.589000000000000057e+01
-7.879199999999999591e+02 1.830000000000000071e+01 2.798999999999999844e+01
-7.884600000000000364e+02 8.130000000000000782e+00 4.742000000000000171e+01
-7.880900000000000318e+02 3.367000000000000171e+01 3.370000000000000107e+00
-7.881599999999999682e+02 3.235000000000000142e+01 1.284999999999999964e+01
-7.880099999999999909e+02 2.910999999999999943e+01 3.660000000000000142e+00
-7.884600000000000364e+02 3.402000000000000313e+01 3.949000000000000199e+01
-7.881100000000000136e+02 3.178999999999999915e+01 7.059999999999999609e+00
-7.882200000000000273e+02 2.171000000000000085e+01 2.685999999999999943e+01
-7.880000000000000000e+02 2.339000000000000057e+01 7.259999999999999787e+00
-7.879700000000000273e+02 3.649000000000000199e+01 1.030000000000000027e+00
-7.877599999999999909e+02 2.671000000000000085e+01 1.699999999999999956e+00
-7.880499999999999545e+02 2.050000000000000000e+01 1.177999999999999936e+01
-7.883600000000000136e+02 2.807999999999999829e+01 2.853999999999999915e+01
-7.885700000000000500e+02 2.385999999999999943e+01 4.667000000000000171e+01
-7.880199999999999818e+02 2.623000000000000043e+01 5.629999999999999893e+00
-7.884299999999999500e+02 4.510000000000000142e+01 3.657999999999999829e+01
-7.885599999999999454e+02 2.591000000000000014e+01 4.560000000000000142e+01
-7.882200000000000273e+02 3.010999999999999943e+01 1.680000000000000071e+01
-7.882000000000000455e+02 2.594999999999999929e+01 2.062999999999999901e+01
-7.884299999999999500e+02 3.410000000000000142e+00 4.761999999999999744e+01
-7.882400000000000091e+02 2.262000000000000099e+01 2.598999999999999844e+01
-7.882100000000000364e+02 2.932000000000000028e+01 1.780000000000000071e+01
-7.879500000000000455e+02 2.687999999999999901e+01 4.089999999999999858e+00
-7.882000000000000455e+02 3.675000000000000000e+01 1.100000000000000000e+01
-7.883300000000000409e+02 3.026000000000000156e+01 2.696000000000000085e+01
-7.881299999999999955e+02 3.982000000000000028e+01 4.429999999999999716e+00
-7.880399999999999636e+02 3.995000000000000284e+01 4.000000000000000083e-02
-7.883400000000000318e+02 1.383999999999999986e+01 3.688000000000000256e+01
-7.884600000000000364e+02 1.542999999999999972e+01 4.457000000000000028e+01
-7.885599999999999454e+02 2.973000000000000043e+01 4.524000000000000199e+01
-7.880700000000000500e+02 2.280000000000000071e+01 1.144999999999999929e+01
-7.882000000000000455e+02 3.607000000000000028e+01 1.282000000000000028e+01
-7.883600000000000136e+02 3.565999999999999659e+01 2.691000000000000014e+01
-7.880499999999999545e+02 2.130999999999999872e+01 1.164000000000000057e+01
-7.882999999999999545e+02 9.869999999999999218e+00 3.678000000000000114e+01
-7.884400000000000546e+02 5.209999999999999964e+00 4.765999999999999659e+01
-7.883099999999999454e+02 6.120000000000000107e+00 4.321000000000000085e+01
-7.879299999999999500e+02 3.618999999999999773e+01 0.000000000000000000e+00
-7.878300000000000409e+02 2.851999999999999957e+01 1.100000000000000089e+00
-7.883899999999999864e+02 2.228999999999999915e+01 3.454999999999999716e+01
-7.882799999999999727e+02 1.532000000000000028e+01 3.162999999999999901e+01
-7.878700000000000045e+02 1.582000000000000028e+01 3.014000000000000057e+01
-7.885199999999999818e+02 4.263000000000000256e+01 4.213000000000000256e+01
-7.884299999999999500e+02 3.066000000000000014e+01 3.784000000000000341e+01
-7.880099999999999909e+02 2.417999999999999972e+01 6.690000000000000391e+00
-7.883999999999999773e+02 2.337999999999999901e+01 3.879999999999999716e+01
-7.878500000000000227e+02 1.358999999999999986e+01 3.157000000000000028e+01
-7.884199999999999591e+02 3.709999999999999964e+00 4.722999999999999687e+01
-7.881499999999999773e+02 4.114000000000000057e+01 3.060000000000000053e+00
-7.878200000000000500e+02 2.751999999999999957e+01 1.530000000000000027e+00
-7.880900000000000318e+02 2.660000000000000142e+01 9.250000000000000000e+00
-7.883200000000000500e+02 2.326000000000000156e+01 2.557000000000000028e+01
-7.879600000000000364e+02 2.707999999999999829e+01 3.910000000000000142e+00
-7.880599999999999454e+02 2.155000000000000071e+01 1.369999999999999929e+01
-7.885000000000000000e+02 3.450000000000000000e+01 4.117000000000000171e+01
-7.883600000000000136e+02 2.530999999999999872e+01 2.951000000000000156e+01
-7.885000000000000000e+02 4.207999999999999829e+01 4.085999999999999943e+01
-7.880199999999999818e+02 4.118999999999999773e+01 0.000000000000000000e+00
-7.884600000000000364e+02 4.800000000000000000e+01 3.846000000000000085e+01
-7.885000000000000000e+02 2.503000000000000114e+01 4.210999999999999943e+01
-7.883400000000000318e+02 1.182000000000000028e+01 3.707000000000000028e+01
-7.877899999999999636e+02 3.026000000000000156e+01 6.099999999999999867e-01
-7.885399999999999636e+02 2.642000000000000171e+01 4.535000000000000142e+01
-7.880099999999999909e+02 2.517999999999999972e+01 6.169999999999999929e+00
-7.878600000000000136e+02 1.413000000000000078e+01 2.887999999999999901e+01
-7.883600000000000136e+02 3.553999999999999915e+01 2.783999999999999986e+01
-7.883899999999999864e+02 3.169999999999999929e+00 4.650000000000000000e+01
-7.884800000000000182e+02 1.955000000000000071e+01 4.363000000000000256e+01
-7.883500000000000227e+02 1.814999999999999858e+01 3.133999999999999986e+01
-7.885399999999999636e+02 3.044999999999999929e+01 4.350999999999999801e+01
-7.881499999999999773e+02 3.064000000000000057e+01 1.364000000000000057e+01
-7.884299999999999500e+02 6.360000000000000320e+00 4.660000000000000142e+01
-7.881599999999999682e+02 3.900999999999999801e+01 7.309999999999999609e+00
-7.881299999999999955e+02 2.939999999999999858e+01 9.609999999999999432e+00
-7.884099999999999682e+02 9.789999999999999147e+00 4.368999999999999773e+01
-7.882899999999999636e+02 1.291000000000000014e+01 3.464999999999999858e+01
-7.882500000000000000e+02 2.625000000000000000e+01 2.062999999999999901e+01
-7.884299999999999500e+02 4.190000000000000391e+00 4.745000000000000284e+01
-7.881100000000000136e+02 3.732000000000000028e+01 5.849999999999999645e+00
-7.881499999999999773e+02 4.110999999999999943e+01 3.160000000000000142e+00
-7.883099999999999454e+02 1.191999999999999993e+01 3.478000000000000114e+01
-7.880199999999999818e+02 3.677000000000000313e+01 1.310000000000000053e+00
-7.884700000000000273e+02 1.584999999999999964e+01 4.517000000000000171e+01
-7.883600000000000136e+02 1.083000000000000007e+01 3.935000000000000142e+01
-7.885000000000000000e+02 4.590999999999999659e+01 4.063000000000000256e+01
-7.883099999999999454e+02 1.980999999999999872e+01 2.875000000000000000e+01
-7.881499999999999773e+02 3.984000000000000341e+01 7.230000000000000426e+00
-7.885399999999999636e+02 3.108999999999999986e+01 4.340999999999999659e+01
-7.880800000000000409e+02 3.313000000000000256e+01 3.939999999999999947e+00
-7.883400000000000318e+02 1.900000000000000000e+01 3.094999999999999929e+01
-7.877799999999999727e+02 3.051999999999999957e+01 5.100000000000000089e-01
-7.885199999999999818e+02 4.085999999999999943e+01 4.242000000000000171e+01
-7.884900000000000091e+02 4.075999999999999801e+01 4.110999999999999943e+01
-7.882899999999999636e+02 1.608999999999999986e+01 3.239999999999999858e+01
-7.880299999999999727e+02 3.023000000000000043e+01 4.150000000000000355e+00
-7.883500000000000227e+02 1.435999999999999943e+01 3.613000000000000256e+01
-7.880199999999999818e+02 3.953000000000000114e+01 3.900000000000000133e-01
-7.884299999999999500e+02 2.405000000000000071e+01 4.006000000000000227e+01
-7.882899999999999636e+02 1.023000000000000043e+01 3.646999999999999886e+01
-7.881299999999999955e+02 4.139000000000000057e+01 2.939999999999999947e+00
-7.884199999999999591e+02 1.860000000000000098e+00 4.778000000000000114e+01
-7.884500000000000455e+02 1.122000000000000064e+01 4.650000000000000000e+01
