-7.881699999999999591e+02 3.929999999999999716e+01 7.919999999999999929e+00
-7.882999999999999545e+02 1.540000000000000036e+01 3.392000000000000171e+01
-7.878600000000000136e+02 1.413000000000000078e+01 2.887999999999999901e+01
-7.880599999999999454e+02 2.462000000000000099e+01 1.015000000000000036e+01
-7.884600000000000364e+02 8.130000000000000782e+00 4.742000000000000171e+01
-7.877799999999999727e+02 3.051999999999999957e+01 5.100000000000000089e-01
-7.882799999999999727e+02 2.560999999999999943e+01 2.139000000000000057e+01
-7.882899999999999636e+02 2.101000000000000156e+01 2.823999999999999844e+01
-7.883099999999999454e+02 6.120000000000000107e+00 4.321000000000000085e+01
-7.885499999999999545e+02 4.264999999999999858e+01 4.361999999999999744e+01
-7.879900000000000091e+02 3.347999999999999687e+01 6.400000000000000133e-01
-7.881200000000000045e+02 2.685999999999999943e+01 1.109999999999999964e+01
-7.882899999999999636e+02 9.730000000000000426e+00 3.677000000000000313e+01
-7.883899999999999864e+02 1.472000000000000064e+01 4.104999999999999716e+01
-7.880000000000000000e+02 2.291000000000000014e+01 7.919999999999999929e+00
-7.883899999999999864e+02 2.819999999999999840e+00 4.678000000000000114e+01
-7.878799999999999955e+02 1.657999999999999829e+01 2.035000000000000142e+01
-7.883799999999999955e+02 3.073999999999999844e+01 3.023999999999999844e+01
-7.884099999999999682e+02 6.679999999999999716e+00 4.502000000000000313e+01
-7.880199999999999818e+02 3.953000000000000114e+01 3.900000000000000133e-01
-7.885000000000000000e+02 1.821999999999999886e+01 4.779999999999999716e+01
-7.880599999999999454e+02 2.053000000000000114e+01 1.250000000000000000e+01
-7.880700000000000500e+02 3.274000000000000199e+01 4.299999999999999822e+00
-7.877799999999999727e+02 2.521999999999999886e+01 3.600000000000000089e+00
-7.882300000000000182e+02 3.424000000000000199e+01 1.309999999999999964e+01
-7.884600000000000364e+02 3.402000000000000313e+01 3.949000000000000199e+01
-7.885700000000000500e+02 2.385999999999999943e+01 4.667000000000000171e+01
-7.883600000000000136e+02 3.627000000000000313e+01 2.635999999999999943e+01
-7.879299999999999500e+02 1.785999999999999943e+01 2.755000000000000071e+01
-7.882000000000000455e+02 2.203000000000000114e+01 2.651999999999999957e+01
-7.881900000000000546e+02 2.717000000000000171e+01 1.919000000000000128e+01
-7.886100000000000136e+02 3.403000000000000114e+01 4.704999999999999716e+01
-7.881399999999999864e+02 3.089999999999999858e+01 8.320000000000000284e+00
-7.881200000000000045e+02 4.174000000000000199e+01 1.489999999999999991e+00
-7.879500000000000455e+02 2.687999999999999901e+01 4.089999999999999858e+00
-7.885000000000000000e+02 2.503000000000000114e+01 4.210999999999999943e+01
-7.884600000000000364e+02 4.800000000000000000e+01 3.846000000000000085e+01
-7.883799999999999955e+02 2.369999999999999929e+01 3.146999999999999886e+01
-7.881499999999999773e+02 4.092000000000000171e+01 3.839999999999999858e+00
-7.881499999999999773e+02 3.185999999999999943e+01 1.239000000000000057e+01
-7.883400000000000318e+02 6.559999999999999609e+00 4.371000000000000085e+01
-7.883300000000000409e+02 3.628000000000000114e+01 2.612000000000000099e+01
-7.882400000000000091e+02 2.262000000000000099e+01 2.598999999999999844e+01
-7.883700000000000045e+02 2.900000000000000000e+01 2.850000000000000000e+01
-7.885199999999999818e+02 4.278999999999999915e+01 4.199000000000000199e+01
-7.881499999999999773e+02 3.950999999999999801e+01 7.620000000000000107e+00
-7.881299999999999955e+02 4.135999999999999943e+01 2.020000000000000018e+00
-7.880000000000000000e+02 2.339000000000000057e+01 7.259999999999999787e+00
-7.880800000000000409e+02 2.296000000000000085e+01 1.035999999999999943e+01
-7.878600000000000136e+02 1.480000000000000071e+01 2.662000000000000099e+01
-7.880399999999999636e+02 4.232999999999999829e+01 0.000000000000000000e+00
-7.882899999999999636e+02 1.484999999999999964e+01 3.137000000000000099e+01
-7.881900000000000546e+02 2.707000000000000028e+01 1.928000000000000114e+01
-7.881499999999999773e+02 3.064000000000000057e+01 1.364000000000000057e+01
-7.884600000000000364e+02 2.344000000000000128e+01 4.077000000000000313e+01
-7.885399999999999636e+02 3.108999999999999986e+01 4.340999999999999659e+01
-7.883600000000000136e+02 1.558999999999999986e+01 3.593999999999999773e+01
-7.883099999999999454e+02 2.069999999999999929e+01 2.967999999999999972e+01
-7.884900000000000091e+02 4.238000000000000256e+01 4.071000000000000085e+01
-7.885599999999999454e+02 2.591000000000000014e+01 4.560000000000000142e+01
-7.884199999999999591e+02 3.709999999999999964e+00 4.722999999999999687e+01
-7.878200000000000500e+02 1.564000000000000057e+01 2.417000000000000171e+01
-7.883600000000000136e+02 2.137000000000000099e+01 2.994000000000000128e+01
-7.882799999999999727e+02 2.580999999999999872e+01 2.105999999999999872e+01
-7.878200000000000500e+02 2.751999999999999957e+01 1.530000000000000027e+00
-7.884500000000000455e+02 1.083000000000000007e+01 4.636999999999999744e+01
-7.881499999999999773e+02 3.984000000000000341e+01 7.230000000000000426e+00
-7.879900000000000091e+02 1.855000000000000071e+01 1.249000000000000021e+01
-7.880000000000000000e+02 2.362000000000000099e+01 6.919999999999999929e+00
-7.880900000000000318e+02 3.367000000000000171e+01 3.370000000000000107e+00
-7.883099999999999454e+02 1.159999999999999964e+01 3.484000000000000341e+01
-7.885000000000000000e+02 4.207999999999999829e+01 4.085999999999999943e+01
-7.881200000000000045e+02 2.980999999999999872e+01 9.509999999999999787e+00
-7.884600000000000364e+02 1.268999999999999950e+01 4.488000000000000256e+01
-7.879900000000000091e+02 2.971000000000000085e+01 2.919999999999999929e+00
-7.879800000000000182e+02 3.725999999999999801e+01 2.899999999999999800e-01
-7.883799999999999955e+02 2.900000000000000000e+01 3.053000000000000114e+01
-7.881799999999999500e+02 3.650999999999999801e+01 1.306000000000000050e+01
-7.879800000000000182e+02 2.669999999999999929e+01 4.219999999999999751e+00
-7.885900000000000318e+02 3.318999999999999773e+01 4.589000000000000057e+01
-7.882999999999999545e+02 2.367000000000000171e+01 2.526999999999999957e+01
-7.883400000000000318e+02 3.514999999999999858e+01 2.628999999999999915e+01
-7.881599999999999682e+02 3.797999999999999687e+01 9.349999999999999645e+00
-7.878500000000000227e+02 1.358999999999999986e+01 3.157000000000000028e+01
-7.882899999999999636e+02 1.151999999999999957e+01 3.600000000000000000e+01
-7.880499999999999545e+02 2.026000000000000156e+01 1.177999999999999936e+01
-7.883500000000000227e+02 1.360999999999999943e+01 3.732000000000000028e+01
-7.881699999999999591e+02 3.996999999999999886e+01 6.620000000000000107e+00
-7.885199999999999818e+02 4.267999999999999972e+01 4.206000000000000227e+01
-7.882799999999999727e+02 2.576000000000000156e+01 2.108999999999999986e+01
-7.884199999999999591e+02 3.379999999999999893e+00 4.778999999999999915e+01
-7.881100000000000136e+02 2.917000000000000171e+01 7.360000000000000320e+00
-7.882200000000000273e+02 2.171000000000000085e+01 2.685999999999999943e+01
-7.877899999999999636e+02 3.026000000000000156e+01 6.099999999999999867e-01
-7.883600000000000136e+02 1.994000000000000128e+01 3.064999999999999858e+01
-7.880099999999999909e+02 2.294999999999999929e+01 7.849999999999999645e+00
-7.883500000000000227e+02 9.669999999999999929e+00 4.343999999999999773e+01
-7.880900000000000318e+02 2.323000000000000043e+01 1.068999999999999950e+01
-7.885099999999999909e+02 2.253000000000000114e+01 4.589000000000000057e+01
-7.880099999999999909e+02 2.910999999999999943e+01 3.660000000000000142e+00
-7.884500000000000455e+02 1.236999999999999922e+01 4.228999999999999915e+01
-7.884400000000000546e+02 2.908999999999999986e+01 3.871999999999999886e+01
-7.884500000000000455e+02 4.625000000000000000e+01 3.813000000000000256e+01
-7.882200000000000273e+02 3.010999999999999943e+01 1.680000000000000071e+01
-7.883500000000000227e+02 1.803000000000000114e+01 3.066000000000000014e+01
-7.884400000000000546e+02 7.599999999999999645e+00 4.689000000000000057e+01
-7.884700000000000273e+02 1.591000000000000014e+01 4.504999999999999716e+01
-7.883200000000000500e+02 1.565000000000000036e+01 3.155999999999999872e+01
-7.883899999999999864e+02 2.939999999999999947e+00 4.675999999999999801e+01
-7.883700000000000045e+02 3.332000000000000028e+01 2.776999999999999957e+01
-7.878600000000000136e+02 1.391000000000000014e+01 3.173000000000000043e+01
-7.885700000000000500e+02 3.167000000000000171e+01 4.460000000000000142e+01
-7.880299999999999727e+02 1.907000000000000028e+01 1.633999999999999986e+01
-7.883700000000000045e+02 1.964999999999999858e+01 3.094999999999999929e+01
-7.883899999999999864e+02 1.366000000000000014e+01 4.142000000000000171e+01
-7.877599999999999909e+02 2.671000000000000085e+01 1.699999999999999956e+00
-7.881000000000000227e+02 3.259000000000000341e+01 5.330000000000000071e+00
-7.882500000000000000e+02 3.080000000000000071e+01 1.694999999999999929e+01
-7.885199999999999818e+02 3.089000000000000057e+01 4.264999999999999858e+01
-7.885499999999999545e+02 2.639000000000000057e+01 4.517000000000000171e+01
-7.883200000000000500e+02 1.164000000000000057e+01 3.482000000000000028e+01
-7.884800000000000182e+02 4.704999999999999716e+01 3.924000000000000199e+01
-7.881100000000000136e+02 3.485000000000000142e+01 4.110000000000000320e+00
-7.880199999999999818e+02 3.677000000000000313e+01 1.310000000000000053e+00
-7.885199999999999818e+02 4.263000000000000256e+01 4.213000000000000256e+01
-7.882400000000000091e+02 3.289000000000000057e+01 1.660000000000000142e+01
-7.879800000000000182e+02 2.553000000000000114e+01 5.559999999999999609e+00
-7.881200000000000045e+02 3.235000000000000142e+01 7.500000000000000000e+00
