-7.883600000000000136e+02 3.627000000000000313e+01 2.635999999999999943e+01
-7.879500000000000455e+02 2.660999999999999943e+01 4.259999999999999787e+00
-7.883099999999999454e+02 8.589999999999999858e+00 3.750999999999999801e+01
-7.883799999999999955e+02 3.073999999999999844e+01 3.023999999999999844e+01
-7.885000000000000000e+02 2.503000000000000114e+01 4.210999999999999943e+01
-7.879900000000000091e+02 3.347999999999999687e+01 6.400000000000000133e-01
-7.881299999999999955e+02 3.963000000000000256e+01 4.379999999999999893e+00
-7.881900000000000546e+02 2.717000000000000171e+01 1.919000000000000128e+01
-7.884600000000000364e+02 8.130000000000000782e+00 4.742000000000000171e+01
-7.885700000000000500e+02 2.385999999999999943e+01 4.667000000000000171e+01
-7.881900000000000546e+02 3.810000000000000142e+01 9.480000000000000426e+00
-7.880199999999999818e+02 3.953000000000000114e+01 3.900000000000000133e-01
-7.881799999999999500e+02 2.044999999999999929e+01 2.835000000000000142e+01
-7.881200000000000045e+02 2.685999999999999943e+01 1.109999999999999964e+01
-7.883899999999999864e+02 2.267999999999999972e+01 3.414999999999999858e+01
-7.879299999999999500e+02 1.735999999999999943e+01 2.923000000000000043e+01
-7.877699999999999818e+02 2.967000000000000171e+01 9.000000000000000222e-01
-7.883300000000000409e+02 2.612000000000000099e+01 2.373000000000000043e+01
-7.881399999999999864e+02 3.200999999999999801e+01 8.140000000000000568e+00
-7.880700000000000500e+02 3.023999999999999844e+01 4.320000000000000284e+00
-7.881200000000000045e+02 4.174000000000000199e+01 1.489999999999999991e+00
-7.878799999999999955e+02 1.657999999999999829e+01 2.035000000000000142e+01
-7.878099999999999454e+02 1.401999999999999957e+01 3.037999999999999901e+01
-7.880499999999999545e+02 2.023000000000000043e+01 1.789000000000000057e+01
-7.883899999999999864e+02 2.819999999999999840e+00 4.678000000000000114e+01
-7.883999999999999773e+02 8.529999999999999361e+00 4.403999999999999915e+01
-7.882000000000000455e+02 2.203000000000000114e+01 2.651999999999999957e+01
-7.886100000000000136e+02 3.599000000000000199e+01 4.692000000000000171e+01
-7.877999999999999545e+02 2.466000000000000014e+01 4.379999999999999893e+00
-7.880000000000000000e+02 2.291000000000000014e+01 7.919999999999999929e+00
-7.884800000000000182e+02 1.635000000000000142e+01 4.593999999999999773e+01
-7.880299999999999727e+02 2.021000000000000085e+01 1.308999999999999986e+01
-7.884600000000000364e+02 4.500000000000000000e+01 3.817999999999999972e+01
-7.883999999999999773e+02 1.742999999999999972e+01 4.132000000000000028e+01
-7.882300000000000182e+02 3.424000000000000199e+01 1.309999999999999964e+01
-7.880299999999999727e+02 2.682000000000000028e+01 7.919999999999999929e+00
-7.884700000000000273e+02 3.406000000000000227e+01 3.952000000000000313e+01
-7.883400000000000318e+02 1.710000000000000142e+01 3.146999999999999886e+01
-7.883200000000000500e+02 2.064999999999999858e+01 2.776999999999999957e+01
-7.885599999999999454e+02 4.259000000000000341e+01 4.389999999999999858e+01
-7.883099999999999454e+02 5.809999999999999609e+00 4.350000000000000000e+01
-7.880099999999999909e+02 2.228000000000000114e+01 1.098000000000000043e+01
-7.881000000000000227e+02 2.478000000000000114e+01 9.810000000000000497e+00
-7.881299999999999955e+02 4.135999999999999943e+01 2.020000000000000018e+00
-7.883799999999999955e+02 2.426999999999999957e+01 3.264999999999999858e+01
-7.880700000000000500e+02 2.271000000000000085e+01 1.580000000000000071e+01
-7.884500000000000455e+02 1.851999999999999957e+01 4.228000000000000114e+01
-7.884600000000000364e+02 7.980000000000000426e+00 4.746000000000000085e+01
-7.885199999999999818e+02 4.278999999999999915e+01 4.199000000000000199e+01
-7.878300000000000409e+02 1.343999999999999950e+01 3.221999999999999886e+01
-7.883899999999999864e+02 3.490000000000000213e+00 4.528000000000000114e+01
-7.881900000000000546e+02 3.739999999999999858e+01 1.023000000000000043e+01
-7.885000000000000000e+02 4.982000000000000028e+01 4.084000000000000341e+01
-7.881200000000000045e+02 3.016000000000000014e+01 6.379999999999999893e+00
-7.884199999999999591e+02 3.632000000000000028e+01 3.607000000000000028e+01
-7.882400000000000091e+02 2.262000000000000099e+01 2.598999999999999844e+01
-7.881699999999999591e+02 3.996999999999999886e+01 6.620000000000000107e+00
-7.880000000000000000e+02 2.339000000000000057e+01 7.259999999999999787e+00
-7.886100000000000136e+02 3.403000000000000114e+01 4.704999999999999716e+01
-7.885099999999999909e+02 3.232999999999999829e+01 4.225000000000000000e+01
-7.881200000000000045e+02 2.739999999999999858e+01 1.092999999999999972e+01
-7.879700000000000273e+02 2.562000000000000099e+01 5.139999999999999680e+00
-7.880499999999999545e+02 2.787999999999999901e+01 4.730000000000000426e+00
-7.883600000000000136e+02 1.523000000000000043e+01 3.367999999999999972e+01
-7.881599999999999682e+02 3.304999999999999716e+01 1.225000000000000000e+01
-7.884400000000000546e+02 2.455000000000000071e+01 3.979999999999999716e+01
-7.880000000000000000e+02 3.303999999999999915e+01 1.870000000000000107e+00
-7.883600000000000136e+02 1.323000000000000043e+01 3.682000000000000028e+01
-7.879299999999999500e+02 1.787000000000000099e+01 2.653000000000000114e+01
-7.882799999999999727e+02 2.580999999999999872e+01 2.123999999999999844e+01
-7.882899999999999636e+02 7.410000000000000142e+00 4.064999999999999858e+01
-7.877200000000000273e+02 2.628999999999999915e+01 3.029999999999999805e+00
-7.882200000000000273e+02 3.010999999999999943e+01 1.680000000000000071e+01
-7.883300000000000409e+02 2.262000000000000099e+01 2.930000000000000071e+01
-7.877799999999999727e+02 2.653999999999999915e+01 1.899999999999999911e+00
-7.883600000000000136e+02 3.518999999999999773e+01 2.678999999999999915e+01
-7.883999999999999773e+02 9.919999999999999929e+00 4.259000000000000341e+01
-7.878799999999999955e+02 1.567999999999999972e+01 2.487000000000000099e+01
-7.885599999999999454e+02 2.591000000000000014e+01 4.560000000000000142e+01
-7.879800000000000182e+02 3.725999999999999801e+01 2.899999999999999800e-01
-7.881799999999999500e+02 3.703000000000000114e+01 1.222000000000000064e+01
-7.879199999999999591e+02 1.664999999999999858e+01 2.648999999999999844e+01
-7.883400000000000318e+02 1.183999999999999986e+01 3.421999999999999886e+01
-7.881299999999999955e+02 2.896000000000000085e+01 1.173000000000000043e+01
-7.879600000000000364e+02 1.826000000000000156e+01 2.264000000000000057e+01
-7.879900000000000091e+02 3.007999999999999829e+01 1.929999999999999938e+00
-7.879700000000000273e+02 2.946000000000000085e+01 3.089999999999999858e+00
-7.884199999999999591e+02 3.870000000000000107e+00 4.718999999999999773e+01
-7.883899999999999864e+02 1.366000000000000014e+01 4.142000000000000171e+01
-7.878200000000000500e+02 2.751999999999999957e+01 1.530000000000000027e+00
-7.885299999999999727e+02 3.265999999999999659e+01 4.290999999999999659e+01
-7.884700000000000273e+02 1.183999999999999986e+01 4.695000000000000284e+01
-7.884700000000000273e+02 1.490000000000000036e+01 4.610999999999999943e+01
-7.885199999999999818e+02 4.267999999999999972e+01 4.206000000000000227e+01
-7.882000000000000455e+02 3.727000000000000313e+01 1.071000000000000085e+01
-7.883400000000000318e+02 3.772999999999999687e+01 2.617000000000000171e+01
-7.885800000000000409e+02 2.860000000000000142e+01 4.675999999999999801e+01
-7.880199999999999818e+02 1.919000000000000128e+01 1.392999999999999972e+01
-7.879500000000000455e+02 4.285000000000000142e+01 0.000000000000000000e+00
-7.885900000000000318e+02 3.318999999999999773e+01 4.589000000000000057e+01
-7.882799999999999727e+02 2.001999999999999957e+01 2.900000000000000000e+01
-7.880800000000000409e+02 2.755000000000000071e+01 9.390000000000000568e+00
-7.883600000000000136e+02 3.119000000000000128e+01 2.753000000000000114e+01
-7.880199999999999818e+02 3.225999999999999801e+01 2.950000000000000178e+00
-7.882200000000000273e+02 2.171000000000000085e+01 2.685999999999999943e+01
-7.885099999999999909e+02 2.935999999999999943e+01 4.232999999999999829e+01
-7.882799999999999727e+02 2.541000000000000014e+01 2.173999999999999844e+01
-7.883500000000000227e+02 6.030000000000000249e+00 4.220000000000000284e+01
-7.881599999999999682e+02 3.359000000000000341e+01 1.044999999999999929e+01
-7.880000000000000000e+02 2.339000000000000057e+01 7.259999999999999787e+00
-7.877799999999999727e+02 2.521999999999999886e+01 3.600000000000000089e+00
-7.883700000000000045e+02 1.935000000000000142e+01 3.218999999999999773e+01
-7.881699999999999591e+02 2.855000000000000071e+01 1.807999999999999829e+01
-7.882400000000000091e+02 1.558999999999999986e+01 3.167000000000000171e+01
-7.881299999999999955e+02 3.474000000000000199e+01 4.940000000000000391e+00
-7.885099999999999909e+02 4.913000000000000256e+01 4.156000000000000227e+01
-7.878600000000000136e+02 1.391000000000000014e+01 3.173000000000000043e+01
-7.879900000000000091e+02 2.971000000000000085e+01 2.919999999999999929e+00
-7.884500000000000455e+02 1.083000000000000007e+01 4.636999999999999744e+01
-7.880800000000000409e+02 3.459000000000000341e+01 4.299999999999999822e+00
-7.880399999999999636e+02 3.539000000000000057e+01 9.000000000000000222e-01
-7.880599999999999454e+02 2.041000000000000014e+01 1.223000000000000043e+01
-7.883899999999999864e+02 1.216000000000000014e+01 4.175000000000000000e+01
-7.884299999999999500e+02 4.099999999999999645e+00 4.764000000000000057e+01
-7.879700000000000273e+02 2.439999999999999858e+01 5.629999999999999893e+00
-7.884600000000000364e+02 3.402000000000000313e+01 3.949000000000000199e+01
-7.885499999999999545e+02 2.708999999999999986e+01 4.554999999999999716e+01
-7.882799999999999727e+02 2.560999999999999943e+01 2.139000000000000057e+01
