-7.880000000000000000e+02 2.291000000000000014e+01 7.919999999999999929e+00
-7.886100000000000136e+02 3.599000000000000199e+01 4.692000000000000171e+01
-7.883999999999999773e+02 8.529999999999999361e+00 4.403999999999999915e+01
-7.883300000000000409e+02 2.739000000000000057e+01 2.369000000000000128e+01
-7.880700000000000500e+02 2.271000000000000085e+01 1.580000000000000071e+01
-7.883200000000000500e+02 2.167000000000000171e+01 2.669000000000000128e+01
-7.878099999999999454e+02 1.366999999999999993e+01 3.091000000000000014e+01
-7.880599999999999454e+02 2.021000000000000085e+01 1.273000000000000043e+01
-7.883600000000000136e+02 3.627000000000000313e+01 2.635999999999999943e+01
-7.884900000000000091e+02 2.453000000000000114e+01 4.293999999999999773e+01
-7.881200000000000045e+02 4.174000000000000199e+01 1.489999999999999991e+00
-7.877999999999999545e+02 2.466000000000000014e+01 4.379999999999999893e+00
-7.881900000000000546e+02 2.717000000000000171e+01 1.919000000000000128e+01
-7.880599999999999454e+02 2.530000000000000071e+01 8.099999999999999645e+00
-7.883899999999999864e+02 2.267999999999999972e+01 3.414999999999999858e+01
-7.884700000000000273e+02 3.403999999999999915e+01 3.946999999999999886e+01
-7.881399999999999864e+02 3.082999999999999829e+01 7.059999999999999609e+00
-7.878799999999999955e+02 1.657999999999999829e+01 2.035000000000000142e+01
-7.881900000000000546e+02 3.810000000000000142e+01 9.480000000000000426e+00
-7.880700000000000500e+02 3.023999999999999844e+01 4.320000000000000284e+00
-7.882300000000000182e+02 3.424000000000000199e+01 1.309999999999999964e+01
-7.883999999999999773e+02 3.264000000000000057e+01 3.162999999999999901e+01
-7.884600000000000364e+02 8.130000000000000782e+00 4.742000000000000171e+01
-7.885599999999999454e+02 4.259000000000000341e+01 4.389999999999999858e+01
-7.882000000000000455e+02 2.203000000000000114e+01 2.651999999999999957e+01
-7.884800000000000182e+02 1.635000000000000142e+01 4.593999999999999773e+01
-7.885700000000000500e+02 2.371999999999999886e+01 4.667000000000000171e+01
-7.883899999999999864e+02 2.819999999999999840e+00 4.678000000000000114e+01
-7.883099999999999454e+02 8.589999999999999858e+00 3.750999999999999801e+01
-7.881399999999999864e+02 2.926999999999999957e+01 1.319999999999999929e+01
-7.883799999999999955e+02 1.553999999999999915e+01 4.042000000000000171e+01
-7.884900000000000091e+02 4.853000000000000114e+01 4.006000000000000227e+01
-7.881299999999999955e+02 3.963000000000000256e+01 4.379999999999999893e+00
-7.882999999999999545e+02 1.392999999999999972e+01 3.264999999999999858e+01
-7.879500000000000455e+02 3.094000000000000128e+01 1.129999999999999893e+00
-7.879500000000000455e+02 2.660999999999999943e+01 4.259999999999999787e+00
-7.882100000000000364e+02 1.860999999999999943e+01 3.046000000000000085e+01
-7.883099999999999454e+02 5.809999999999999609e+00 4.350000000000000000e+01
-7.877699999999999818e+02 2.967000000000000171e+01 9.000000000000000222e-01
-7.879299999999999500e+02 1.735999999999999943e+01 2.923000000000000043e+01
-7.879900000000000091e+02 4.282000000000000028e+01 0.000000000000000000e+00
-7.880499999999999545e+02 3.514000000000000057e+01 3.120000000000000107e+00
-7.882300000000000182e+02 2.107999999999999829e+01 2.764000000000000057e+01
-7.880599999999999454e+02 2.041000000000000014e+01 1.223000000000000043e+01
-7.883400000000000318e+02 3.772999999999999687e+01 2.617000000000000171e+01
-7.884199999999999591e+02 3.870000000000000107e+00 4.718999999999999773e+01
-7.882000000000000455e+02 1.973999999999999844e+01 2.898000000000000043e+01
-7.883400000000000318e+02 1.183999999999999986e+01 3.421999999999999886e+01
-7.879800000000000182e+02 3.775000000000000000e+01 5.999999999999999778e-02
-7.883200000000000500e+02 1.582000000000000028e+01 3.310000000000000142e+01
-7.880000000000000000e+02 2.339000000000000057e+01 7.259999999999999787e+00
-7.884700000000000273e+02 3.389999999999999858e+01 4.050000000000000000e+01
-7.882000000000000455e+02 3.650999999999999801e+01 1.069999999999999929e+01
-7.879199999999999591e+02 1.664999999999999858e+01 2.648999999999999844e+01
-7.884099999999999682e+02 2.867000000000000171e+01 3.488000000000000256e+01
-7.884700000000000273e+02 1.183999999999999986e+01 4.695000000000000284e+01
-7.881399999999999864e+02 3.554999999999999716e+01 5.190000000000000391e+00
-7.877200000000000273e+02 2.628999999999999915e+01 3.029999999999999805e+00
-7.881900000000000546e+02 2.710000000000000142e+01 1.930999999999999872e+01
-7.885399999999999636e+02 2.271000000000000085e+01 4.663000000000000256e+01
-7.885000000000000000e+02 2.583999999999999986e+01 4.377000000000000313e+01
-7.884299999999999500e+02 1.011999999999999922e+01 4.507999999999999829e+01
-7.877799999999999727e+02 2.671000000000000085e+01 1.860000000000000098e+00
-7.882000000000000455e+02 3.581000000000000227e+01 1.213000000000000078e+01
-7.881100000000000136e+02 2.916000000000000014e+01 9.720000000000000639e+00
-7.878799999999999955e+02 1.567999999999999972e+01 2.487000000000000099e+01
-7.881299999999999955e+02 4.135999999999999943e+01 2.020000000000000018e+00
-7.885800000000000409e+02 3.386999999999999744e+01 4.593999999999999773e+01
-7.879800000000000182e+02 2.912999999999999901e+01 3.240000000000000213e+00
-7.879900000000000091e+02 2.971000000000000085e+01 2.919999999999999929e+00
-7.885199999999999818e+02 4.267999999999999972e+01 4.206000000000000227e+01
-7.884900000000000091e+02 4.379999999999999716e+01 4.132999999999999829e+01
-7.883600000000000136e+02 1.248000000000000043e+01 3.696000000000000085e+01
-7.881000000000000227e+02 2.683999999999999986e+01 8.580000000000000071e+00
-7.881200000000000045e+02 2.685999999999999943e+01 1.109999999999999964e+01
-7.883600000000000136e+02 2.728999999999999915e+01 3.121999999999999886e+01
-7.878400000000000318e+02 1.444999999999999929e+01 2.996999999999999886e+01
-7.883099999999999454e+02 2.321000000000000085e+01 2.157000000000000028e+01
-7.884600000000000364e+02 1.830999999999999872e+01 4.307999999999999829e+01
-7.882400000000000091e+02 2.262000000000000099e+01 2.598999999999999844e+01
-7.879600000000000364e+02 1.826000000000000156e+01 2.264000000000000057e+01
-7.882400000000000091e+02 2.021000000000000085e+01 2.980999999999999872e+01
-7.883600000000000136e+02 1.322000000000000064e+01 3.689999999999999858e+01
-7.879299999999999500e+02 1.787000000000000099e+01 2.653000000000000114e+01
-7.881200000000000045e+02 3.182000000000000028e+01 6.919999999999999929e+00
-7.882799999999999727e+02 2.580999999999999872e+01 2.123999999999999844e+01
-7.882599999999999909e+02 2.903000000000000114e+01 1.983999999999999986e+01
-7.885000000000000000e+02 4.982000000000000028e+01 4.084000000000000341e+01
-7.885700000000000500e+02 2.946000000000000085e+01 4.557999999999999829e+01
-7.881799999999999500e+02 2.044999999999999929e+01 2.835000000000000142e+01
-7.880000000000000000e+02 2.339000000000000057e+01 7.259999999999999787e+00
-7.883600000000000136e+02 3.518999999999999773e+01 2.678999999999999915e+01
-7.882899999999999636e+02 7.410000000000000142e+00 4.064999999999999858e+01
-7.883500000000000227e+02 6.030000000000000249e+00 4.220000000000000284e+01
-7.879900000000000091e+02 3.347999999999999687e+01 6.400000000000000133e-01
-7.880800000000000409e+02 3.257999999999999829e+01 6.730000000000000426e+00
-7.880399999999999636e+02 3.539000000000000057e+01 9.000000000000000222e-01
-7.884400000000000546e+02 3.589999999999999858e+00 4.839000000000000057e+01
-7.883700000000000045e+02 1.910999999999999943e+01 3.142000000000000171e+01
-7.881200000000000045e+02 2.780999999999999872e+01 1.008000000000000007e+01
-7.885199999999999818e+02 3.735000000000000142e+01 4.213000000000000256e+01
-7.878300000000000409e+02 1.343999999999999950e+01 3.221999999999999886e+01
-7.883099999999999454e+02 1.308000000000000007e+01 3.378000000000000114e+01
-7.885199999999999818e+02 4.277000000000000313e+01 4.196000000000000085e+01
-7.885700000000000500e+02 2.807000000000000028e+01 4.610000000000000142e+01
-7.882100000000000364e+02 3.652000000000000313e+01 1.103999999999999915e+01
-7.881200000000000045e+02 3.361999999999999744e+01 5.209999999999999964e+00
-7.878200000000000500e+02 2.751999999999999957e+01 1.530000000000000027e+00
-7.877799999999999727e+02 2.521999999999999886e+01 3.600000000000000089e+00
-7.881000000000000227e+02 2.478000000000000114e+01 9.810000000000000497e+00
-7.884600000000000364e+02 7.980000000000000426e+00 4.746000000000000085e+01
-7.885199999999999818e+02 2.610000000000000142e+01 4.325999999999999801e+01
-7.885000000000000000e+02 1.451999999999999957e+01 4.667000000000000171e+01
-7.883899999999999864e+02 2.930999999999999872e+01 3.253000000000000114e+01
-7.881799999999999500e+02 2.164000000000000057e+01 2.728999999999999915e+01
-7.880599999999999454e+02 2.039000000000000057e+01 1.224000000000000021e+01
-7.880099999999999909e+02 2.848000000000000043e+01 4.200000000000000178e+00
-7.880199999999999818e+02 3.225999999999999801e+01 2.950000000000000178e+00
-7.882599999999999909e+02 1.669000000000000128e+01 3.227000000000000313e+01
-7.881100000000000136e+02 2.828000000000000114e+01 9.789999999999999147e+00
-7.881900000000000546e+02 3.739999999999999858e+01 1.023000000000000043e+01
-7.883899999999999864e+02 2.028999999999999915e+01 3.417999999999999972e+01
-7.884299999999999500e+02 4.099999999999999645e+00 4.764000000000000057e+01
-7.884700000000000273e+02 1.490000000000000036e+01 4.610999999999999943e+01
-7.877799999999999727e+02 2.653999999999999915e+01 1.899999999999999911e+00
-7.884700000000000273e+02 3.060999999999999943e+01 4.067999999999999972e+01
-7.884600000000000364e+02 4.500000000000000000e+01 3.817999999999999972e+01
-7.885399999999999636e+02 2.612000000000000099e+01 4.478000000000000114e+01
