-7.881900000000000546e+02 2.717000000000000171e+01 1.919000000000000128e+01
-7.884900000000000091e+02 4.853000000000000114e+01 4.006000000000000227e+01
-7.882000000000000455e+02 1.973000000000000043e+01 2.898999999999999844e+01
-7.883300000000000409e+02 2.739000000000000057e+01 2.369000000000000128e+01
-7.883899999999999864e+02 2.267999999999999972e+01 3.414999999999999858e+01
-7.883899999999999864e+02 2.819999999999999840e+00 4.678000000000000114e+01
-7.881200000000000045e+02 4.174000000000000199e+01 1.489999999999999991e+00
-7.881499999999999773e+02 3.336999999999999744e+01 8.300000000000000711e+00
-7.879500000000000455e+02 2.660999999999999943e+01 4.259999999999999787e+00
-7.880099999999999909e+02 2.135999999999999943e+01 9.119999999999999218e+00
-7.883600000000000136e+02 3.627000000000000313e+01 2.635999999999999943e+01
-7.881299999999999955e+02 3.963000000000000256e+01 4.379999999999999893e+00
-7.885599999999999454e+02 4.259000000000000341e+01 4.389999999999999858e+01
-7.883999999999999773e+02 7.940000000000000391e+00 4.309000000000000341e+01
-7.883200000000000500e+02 2.167000000000000171e+01 2.669000000000000128e+01
-7.879299999999999500e+02 1.735999999999999943e+01 2.923000000000000043e+01
-7.879900000000000091e+02 4.282000000000000028e+01 0.000000000000000000e+00
-7.886100000000000136e+02 3.528000000000000114e+01 4.692000000000000171e+01
-7.882000000000000455e+02 2.203000000000000114e+01 2.651999999999999957e+01
-7.880700000000000500e+02 3.023999999999999844e+01 4.320000000000000284e+00
-7.882999999999999545e+02 1.392999999999999972e+01 3.264999999999999858e+01
-7.883099999999999454e+02 8.589999999999999858e+00 3.750999999999999801e+01
-7.885700000000000500e+02 2.371999999999999886e+01 4.667000000000000171e+01
-7.881200000000000045e+02 2.646999999999999886e+01 1.458999999999999986e+01
-7.883799999999999955e+02 1.553999999999999915e+01 4.042000000000000171e+01
-7.878999999999999773e+02 1.642000000000000171e+01 2.294999999999999929e+01
-7.884700000000000273e+02 3.403999999999999915e+01 3.946999999999999886e+01
-7.884900000000000091e+02 2.453000000000000114e+01 4.293999999999999773e+01
-7.877699999999999818e+02 2.828999999999999915e+01 3.099999999999999978e-01
-7.885099999999999909e+02 1.664999999999999858e+01 4.638000000000000256e+01
-7.882300000000000182e+02 3.424000000000000199e+01 1.309999999999999964e+01
-7.881900000000000546e+02 3.810000000000000142e+01 9.480000000000000426e+00
-7.884099999999999682e+02 3.164000000000000057e+01 3.153000000000000114e+01
-7.877999999999999545e+02 2.466000000000000014e+01 4.379999999999999893e+00
-7.883099999999999454e+02 5.809999999999999609e+00 4.350000000000000000e+01
-7.878099999999999454e+02 1.366999999999999993e+01 3.091000000000000014e+01
-7.884600000000000364e+02 8.060000000000000497e+00 4.739999999999999858e+01
-7.879500000000000455e+02 3.096000000000000085e+01 1.120000000000000107e+00
-7.880599999999999454e+02 2.530000000000000071e+01 8.099999999999999645e+00
-7.880599999999999454e+02 2.021000000000000085e+01 1.273000000000000043e+01
-7.885700000000000500e+02 2.807000000000000028e+01 4.610000000000000142e+01
-7.877999999999999545e+02 3.418999999999999773e+01 0.000000000000000000e+00
-7.880800000000000409e+02 3.030999999999999872e+01 6.519999999999999574e+00
-7.878799999999999955e+02 1.657999999999999829e+01 2.035000000000000142e+01
-7.884800000000000182e+02 3.194000000000000128e+01 4.121999999999999886e+01
-7.879800000000000182e+02 2.912999999999999901e+01 3.240000000000000213e+00
-7.878600000000000136e+02 1.426999999999999957e+01 2.801999999999999957e+01
-7.882799999999999727e+02 1.172000000000000064e+01 3.502000000000000313e+01
-7.882300000000000182e+02 2.107999999999999829e+01 2.764000000000000057e+01
-7.883500000000000227e+02 2.091000000000000014e+01 3.117999999999999972e+01
-7.881599999999999682e+02 3.303000000000000114e+01 1.441000000000000014e+01
-7.882400000000000091e+02 2.262000000000000099e+01 2.598999999999999844e+01
-7.883400000000000318e+02 1.183999999999999986e+01 3.421999999999999886e+01
-7.884400000000000546e+02 5.599999999999999645e+00 4.740999999999999659e+01
-7.884900000000000091e+02 1.276999999999999957e+01 4.709000000000000341e+01
-7.881900000000000546e+02 2.039999999999999858e+01 2.841000000000000014e+01
-7.881900000000000546e+02 2.710000000000000142e+01 1.930999999999999872e+01
-7.877799999999999727e+02 2.671000000000000085e+01 1.860000000000000098e+00
-7.881699999999999591e+02 3.939000000000000057e+01 7.150000000000000355e+00
-7.880199999999999818e+02 2.330999999999999872e+01 7.580000000000000071e+00
-7.883500000000000227e+02 3.572999999999999687e+01 2.648000000000000043e+01
-7.884700000000000273e+02 1.165000000000000036e+01 4.717000000000000171e+01
-7.880399999999999636e+02 2.153000000000000114e+01 1.180000000000000071e+01
-7.884900000000000091e+02 4.379999999999999716e+01 4.132999999999999829e+01
-7.884500000000000455e+02 1.066000000000000014e+01 4.543999999999999773e+01
-7.881299999999999955e+02 2.914000000000000057e+01 1.050999999999999979e+01
-7.883999999999999773e+02 1.792000000000000171e+01 4.007000000000000028e+01
-7.883899999999999864e+02 3.329999999999999716e+01 2.898000000000000043e+01
-7.879299999999999500e+02 1.787000000000000099e+01 2.653000000000000114e+01
-7.885700000000000500e+02 3.882999999999999829e+01 4.439000000000000057e+01
-7.880000000000000000e+02 2.339000000000000057e+01 7.259999999999999787e+00
-7.884800000000000182e+02 2.114000000000000057e+01 4.492999999999999972e+01
-7.883099999999999454e+02 2.321000000000000085e+01 2.157000000000000028e+01
-7.877200000000000273e+02 2.628999999999999915e+01 3.029999999999999805e+00
-7.881200000000000045e+02 4.034000000000000341e+01 2.950000000000000178e+00
-7.881299999999999955e+02 4.135999999999999943e+01 2.020000000000000018e+00
-7.881399999999999864e+02 2.926999999999999957e+01 1.319999999999999929e+01
-7.879800000000000182e+02 3.775000000000000000e+01 5.999999999999999778e-02
-7.883200000000000500e+02 2.680999999999999872e+01 2.646000000000000085e+01
-7.879500000000000455e+02 3.094000000000000128e+01 1.129999999999999893e+00
-7.883400000000000318e+02 3.772999999999999687e+01 2.617000000000000171e+01
-7.883600000000000136e+02 1.201999999999999957e+01 4.060000000000000142e+01
-7.884900000000000091e+02 2.360999999999999943e+01 4.603999999999999915e+01
-7.884500000000000455e+02 9.740000000000000213e+00 4.603999999999999915e+01
-7.879600000000000364e+02 2.960999999999999943e+01 3.009999999999999787e+00
-7.883600000000000136e+02 1.782000000000000028e+01 3.221999999999999886e+01
-7.883600000000000136e+02 2.641000000000000014e+01 2.903999999999999915e+01
-7.882599999999999909e+02 2.780000000000000071e+01 1.848999999999999844e+01
-7.882599999999999909e+02 2.166000000000000014e+01 2.687000000000000099e+01
-7.880399999999999636e+02 3.539000000000000057e+01 9.000000000000000222e-01
-7.880700000000000500e+02 2.562000000000000099e+01 7.730000000000000426e+00
-7.881599999999999682e+02 3.585999999999999943e+01 1.150999999999999979e+01
-7.885199999999999818e+02 1.830999999999999872e+01 4.624000000000000199e+01
-7.882000000000000455e+02 1.973999999999999844e+01 2.898000000000000043e+01
-7.879800000000000182e+02 2.017999999999999972e+01 2.773000000000000043e+01
-7.877799999999999727e+02 2.653999999999999915e+01 1.899999999999999911e+00
-7.884500000000000455e+02 4.434000000000000341e+01 3.782000000000000028e+01
-7.885700000000000500e+02 3.965999999999999659e+01 4.432000000000000028e+01
-7.883300000000000409e+02 9.869999999999999218e+00 3.678999999999999915e+01
-7.881499999999999773e+02 3.821999999999999886e+01 6.900000000000000355e+00
-7.881799999999999500e+02 2.164000000000000057e+01 2.728999999999999915e+01
-7.884400000000000546e+02 3.185000000000000142e+01 4.000000000000000000e+01
-7.882000000000000455e+02 3.650999999999999801e+01 1.069999999999999929e+01
-7.880700000000000500e+02 2.291000000000000014e+01 1.118999999999999950e+01
-7.884299999999999500e+02 7.089999999999999858e+00 4.681000000000000227e+01
-7.877799999999999727e+02 2.521999999999999886e+01 3.600000000000000089e+00
-7.884400000000000546e+02 3.589999999999999858e+00 4.839000000000000057e+01
-7.881399999999999864e+02 3.005000000000000071e+01 7.780000000000000249e+00
-7.883799999999999955e+02 2.348999999999999844e+01 3.123999999999999844e+01
-7.881000000000000227e+02 2.473999999999999844e+01 1.350000000000000000e+01
-7.880000000000000000e+02 2.291000000000000014e+01 7.919999999999999929e+00
-7.885399999999999636e+02 2.271000000000000085e+01 4.663000000000000256e+01
-7.878300000000000409e+02 1.342999999999999972e+01 3.153000000000000114e+01
-7.879600000000000364e+02 1.826000000000000156e+01 2.264000000000000057e+01
-7.883400000000000318e+02 2.383999999999999986e+01 2.957000000000000028e+01
-7.885299999999999727e+02 3.370000000000000284e+01 4.322999999999999687e+01
-7.885299999999999727e+02 3.167000000000000171e+01 4.450000000000000000e+01
-7.884099999999999682e+02 1.692999999999999972e+01 4.196999999999999886e+01
-7.883600000000000136e+02 3.518999999999999773e+01 2.678999999999999915e+01
-7.883700000000000045e+02 1.910999999999999943e+01 3.142000000000000171e+01
-7.883899999999999864e+02 2.930999999999999872e+01 3.253000000000000114e+01
-7.882100000000000364e+02 3.169000000000000128e+01 1.844999999999999929e+01
-7.885800000000000409e+02 2.896999999999999886e+01 4.653000000000000114e+01
-7.880000000000000000e+02 2.844999999999999929e+01 4.910000000000000142e+00
-7.884600000000000364e+02 2.176999999999999957e+01 4.295000000000000284e+01
-7.884299999999999500e+02 3.640000000000000124e+00 4.767000000000000171e+01
-7.884700000000000273e+02 1.183999999999999986e+01 4.695000000000000284e+01
-7.881100000000000136e+02 3.660999999999999943e+01 3.799999999999999822e+00
