-7.882000000000000455e+02 1.973000000000000043e+01 2.898999999999999844e+01
-7.881499999999999773e+02 3.336999999999999744e+01 8.300000000000000711e+00
-7.883899999999999864e+02 3.058999999999999986e+01 2.975000000000000000e+01
-7.879900000000000091e+02 4.282000000000000028e+01 0.000000000000000000e+00
-7.880099999999999909e+02 2.135999999999999943e+01 9.119999999999999218e+00
-7.885700000000000500e+02 2.371999999999999886e+01 4.667000000000000171e+01
-7.883899999999999864e+02 2.267999999999999972e+01 3.414999999999999858e+01
-7.883099999999999454e+02 5.809999999999999609e+00 4.350000000000000000e+01
-7.879299999999999500e+02 1.735999999999999943e+01 2.923000000000000043e+01
-7.877699999999999818e+02 2.828999999999999915e+01 3.099999999999999978e-01
-7.884700000000000273e+02 3.403999999999999915e+01 3.946999999999999886e+01
-7.885099999999999909e+02 1.664999999999999858e+01 4.638000000000000256e+01
-7.878300000000000409e+02 1.342999999999999972e+01 3.153000000000000114e+01
-7.883200000000000500e+02 2.155999999999999872e+01 2.682000000000000028e+01
-7.883099999999999454e+02 8.589999999999999858e+00 3.750999999999999801e+01
-7.881900000000000546e+02 2.717000000000000171e+01 1.919000000000000128e+01
-7.884900000000000091e+02 4.853000000000000114e+01 4.006000000000000227e+01
-7.883999999999999773e+02 7.940000000000000391e+00 4.309000000000000341e+01
-7.881299999999999955e+02 3.963000000000000256e+01 4.379999999999999893e+00
-7.884600000000000364e+02 8.060000000000000497e+00 4.739999999999999858e+01
-7.881200000000000045e+02 4.174000000000000199e+01 1.489999999999999991e+00
-7.883300000000000409e+02 2.739000000000000057e+01 2.369000000000000128e+01
-7.880599999999999454e+02 2.021000000000000085e+01 1.273000000000000043e+01
-7.883600000000000136e+02 3.627000000000000313e+01 2.635999999999999943e+01
-7.880700000000000500e+02 3.023999999999999844e+01 4.320000000000000284e+00
-7.884900000000000091e+02 2.453000000000000114e+01 4.293999999999999773e+01
-7.886100000000000136e+02 3.528000000000000114e+01 4.692000000000000171e+01
-7.878999999999999773e+02 1.642000000000000171e+01 2.294999999999999929e+01
-7.880599999999999454e+02 2.530000000000000071e+01 8.099999999999999645e+00
-7.882300000000000182e+02 1.233000000000000007e+01 3.345000000000000284e+01
-7.877999999999999545e+02 2.466000000000000014e+01 4.379999999999999893e+00
-7.881200000000000045e+02 2.785999999999999943e+01 1.339000000000000057e+01
-7.882999999999999545e+02 1.392999999999999972e+01 3.264999999999999858e+01
-7.885599999999999454e+02 4.259000000000000341e+01 4.389999999999999858e+01
-7.882200000000000273e+02 3.750000000000000000e+01 9.630000000000000782e+00
-7.883799999999999955e+02 1.553999999999999915e+01 4.042000000000000171e+01
-7.879500000000000455e+02 2.660999999999999943e+01 4.259999999999999787e+00
-7.883899999999999864e+02 2.819999999999999840e+00 4.678000000000000114e+01
-7.882300000000000182e+02 3.424000000000000199e+01 1.309999999999999964e+01
-7.882400000000000091e+02 2.262000000000000099e+01 2.598999999999999844e+01
-7.879400000000000546e+02 3.182999999999999829e+01 6.500000000000000222e-01
-7.881299999999999955e+02 4.135999999999999943e+01 2.020000000000000018e+00
-7.879800000000000182e+02 2.912999999999999901e+01 3.240000000000000213e+00
-7.879299999999999500e+02 1.787000000000000099e+01 2.653000000000000114e+01
-7.880000000000000000e+02 2.339000000000000057e+01 7.259999999999999787e+00
-7.878600000000000136e+02 1.426999999999999957e+01 2.801999999999999957e+01
-7.879700000000000273e+02 3.142999999999999972e+01 2.540000000000000036e+00
-7.884500000000000455e+02 3.427000000000000313e+01 3.914999999999999858e+01
-7.881200000000000045e+02 4.034000000000000341e+01 2.950000000000000178e+00
-7.884400000000000546e+02 4.592999999999999972e+01 3.681000000000000227e+01
-7.877799999999999727e+02 2.653999999999999915e+01 1.899999999999999911e+00
-7.882599999999999909e+02 2.780000000000000071e+01 1.848999999999999844e+01
-7.882799999999999727e+02 1.876000000000000156e+01 3.003000000000000114e+01
-7.880800000000000409e+02 2.662000000000000099e+01 8.919999999999999929e+00
-7.881200000000000045e+02 2.646999999999999886e+01 1.458999999999999986e+01
-7.877200000000000273e+02 2.628999999999999915e+01 3.029999999999999805e+00
-7.880399999999999636e+02 3.422999999999999687e+01 1.879999999999999893e+00
-7.882699999999999818e+02 2.773999999999999844e+01 2.105999999999999872e+01
-7.885199999999999818e+02 2.766000000000000014e+01 4.371000000000000085e+01
-7.883600000000000136e+02 1.630999999999999872e+01 3.520000000000000284e+01
-7.884500000000000455e+02 7.360000000000000320e+00 4.834000000000000341e+01
-7.883600000000000136e+02 3.518999999999999773e+01 2.678999999999999915e+01
-7.879800000000000182e+02 3.775000000000000000e+01 5.999999999999999778e-02
-7.885199999999999818e+02 1.830999999999999872e+01 4.624000000000000199e+01
-7.881200000000000045e+02 2.889000000000000057e+01 6.849999999999999645e+00
-7.882200000000000273e+02 3.410999999999999943e+01 1.682999999999999829e+01
-7.878799999999999955e+02 1.657999999999999829e+01 2.035000000000000142e+01
-7.885700000000000500e+02 3.350999999999999801e+01 4.495000000000000284e+01
-7.880700000000000500e+02 2.291000000000000014e+01 1.118999999999999950e+01
-7.881900000000000546e+02 2.039999999999999858e+01 2.841000000000000014e+01
-7.882899999999999636e+02 1.366000000000000014e+01 3.386999999999999744e+01
-7.881799999999999500e+02 3.653999999999999915e+01 1.052999999999999936e+01
-7.883300000000000409e+02 9.869999999999999218e+00 3.678999999999999915e+01
-7.885700000000000500e+02 2.807000000000000028e+01 4.610000000000000142e+01
-7.884400000000000546e+02 3.589999999999999858e+00 4.839000000000000057e+01
-7.884400000000000546e+02 1.002999999999999936e+01 4.589999999999999858e+01
-7.883500000000000227e+02 2.932000000000000028e+01 2.617000000000000171e+01
-7.883700000000000045e+02 2.387999999999999901e+01 3.096999999999999886e+01
-7.882000000000000455e+02 1.973999999999999844e+01 2.898000000000000043e+01
-7.883799999999999955e+02 2.221999999999999886e+01 3.653000000000000114e+01
-7.884500000000000455e+02 9.740000000000000213e+00 4.603999999999999915e+01
-7.885199999999999818e+02 1.805000000000000071e+01 4.628999999999999915e+01
-7.880299999999999727e+02 3.361999999999999744e+01 1.820000000000000062e+00
-7.881100000000000136e+02 3.660999999999999943e+01 3.799999999999999822e+00
-7.877799999999999727e+02 2.521999999999999886e+01 3.600000000000000089e+00
-7.879700000000000273e+02 1.955000000000000071e+01 2.542000000000000171e+01
-7.883899999999999864e+02 1.841000000000000014e+01 3.927000000000000313e+01
-7.883700000000000045e+02 3.360999999999999943e+01 2.691000000000000014e+01
-7.885399999999999636e+02 2.925000000000000000e+01 4.461999999999999744e+01
-7.881900000000000546e+02 2.710000000000000142e+01 1.930999999999999872e+01
-7.879600000000000364e+02 3.092000000000000171e+01 1.209999999999999964e+00
-7.878600000000000136e+02 1.419999999999999929e+01 2.821999999999999886e+01
-7.882699999999999818e+02 7.940000000000000391e+00 4.182999999999999829e+01
-7.881299999999999955e+02 2.896000000000000085e+01 7.980000000000000426e+00
-7.884199999999999591e+02 1.265000000000000036e+01 4.445000000000000284e+01
-7.883500000000000227e+02 1.866000000000000014e+01 3.192000000000000171e+01
-7.880700000000000500e+02 2.562000000000000099e+01 7.730000000000000426e+00
-7.880700000000000500e+02 3.634000000000000341e+01 2.569999999999999840e+00
-7.881000000000000227e+02 2.478000000000000114e+01 1.260999999999999943e+01
-7.885399999999999636e+02 2.208999999999999986e+01 4.739000000000000057e+01
-7.881000000000000227e+02 4.189999999999999858e+01 1.149999999999999911e+00
-7.883300000000000409e+02 2.112000000000000099e+01 2.917999999999999972e+01
-7.878600000000000136e+02 2.776999999999999957e+01 1.679999999999999938e+00
-7.884900000000000091e+02 4.379999999999999716e+01 4.132999999999999829e+01
-7.884800000000000182e+02 3.194000000000000128e+01 4.121999999999999886e+01
-7.879600000000000364e+02 1.826000000000000156e+01 2.264000000000000057e+01
-7.883600000000000136e+02 2.641000000000000014e+01 2.903999999999999915e+01
-7.881499999999999773e+02 3.259000000000000341e+01 1.403999999999999915e+01
-7.880499999999999545e+02 2.076999999999999957e+01 1.125000000000000000e+01
-7.885299999999999727e+02 3.167000000000000171e+01 4.450000000000000000e+01
-7.882000000000000455e+02 3.650999999999999801e+01 1.069999999999999929e+01
-7.883700000000000045e+02 3.689999999999999947e+00 4.524000000000000199e+01
-7.883200000000000500e+02 2.680999999999999872e+01 2.646000000000000085e+01
-7.879900000000000091e+02 2.925000000000000000e+01 3.250000000000000000e+00
-7.880299999999999727e+02 2.135999999999999943e+01 9.619999999999999218e+00
-7.880199999999999818e+02 3.112000000000000099e+01 2.910000000000000142e+00
-7.881399999999999864e+02 3.725999999999999801e+01 6.049999999999999822e+00
-7.878899999999999864e+02 1.575999999999999979e+01 2.410999999999999943e+01
-7.885700000000000500e+02 3.882999999999999829e+01 4.439000000000000057e+01
-7.884800000000000182e+02 1.166000000000000014e+01 4.721000000000000085e+01
-7.883700000000000045e+02 3.339999999999999858e+01 2.882000000000000028e+01
-7.880900000000000318e+02 2.462000000000000099e+01 1.061999999999999922e+01
-7.885000000000000000e+02 1.782000000000000028e+01 4.610000000000000142e+01
-7.882799999999999727e+02 1.714999999999999858e+01 3.128999999999999915e+01
-7.883099999999999454e+02 2.321000000000000085e+01 2.157000000000000028e+01
-7.882100000000000364e+02 3.747999999999999687e+01 9.539999999999999147e+00
-7.884299999999999500e+02 5.209999999999999964e+00 4.753999999999999915e+01
-7.883400000000000318e+02 1.183999999999999986e+01 3.421999999999999886e+01
