-7.879400000000000546e+02 2.635999999999999943e+01 4.320000000000000284e+00
-7.883099999999999454e+02 1.560999999999999943e+01 3.220000000000000284e+01
-7.878300000000000409e+02 1.342999999999999972e+01 3.153000000000000114e+01
-7.879700000000000273e+02 3.180999999999999872e+01 6.500000000000000222e-01
-7.885099999999999909e+02 1.664999999999999858e+01 4.638000000000000256e+01
-7.880700000000000500e+02 3.023999999999999844e+01 4.320000000000000284e+00
-7.883200000000000500e+02 2.155999999999999872e+01 2.682000000000000028e+01
-7.883799999999999955e+02 1.553999999999999915e+01 4.042000000000000171e+01
-7.880700000000000500e+02 2.562000000000000099e+01 7.730000000000000426e+00
-7.884700000000000273e+02 3.403999999999999915e+01 3.946999999999999886e+01
-7.883400000000000318e+02 3.906000000000000227e+01 2.623999999999999844e+01
-7.885599999999999454e+02 4.259000000000000341e+01 4.389999999999999858e+01
-7.880599999999999454e+02 2.021000000000000085e+01 1.273000000000000043e+01
-7.882999999999999545e+02 2.326000000000000156e+01 1.737000000000000099e+01
-7.884600000000000364e+02 8.060000000000000497e+00 4.739999999999999858e+01
-7.882300000000000182e+02 3.352000000000000313e+01 1.377999999999999936e+01
-7.881200000000000045e+02 4.174000000000000199e+01 1.489999999999999991e+00
-7.881299999999999955e+02 3.963000000000000256e+01 4.379999999999999893e+00
-7.884900000000000091e+02 2.453000000000000114e+01 4.293999999999999773e+01
-7.883300000000000409e+02 5.639999999999999680e+00 4.339000000000000057e+01
-7.885700000000000500e+02 2.371999999999999886e+01 4.667000000000000171e+01
-7.883899999999999864e+02 2.819999999999999840e+00 4.678000000000000114e+01
-7.881100000000000136e+02 2.782999999999999829e+01 1.361999999999999922e+01
-7.883899999999999864e+02 2.985000000000000142e+01 2.907999999999999829e+01
-7.883200000000000500e+02 2.746999999999999886e+01 2.357999999999999829e+01
-7.879400000000000546e+02 1.689000000000000057e+01 2.875000000000000000e+01
-7.877699999999999818e+02 2.828999999999999915e+01 3.099999999999999978e-01
-7.883899999999999864e+02 2.267999999999999972e+01 3.414999999999999858e+01
-7.877999999999999545e+02 2.362000000000000099e+01 5.309999999999999609e+00
-7.881499999999999773e+02 3.292999999999999972e+01 7.870000000000000107e+00
-7.884900000000000091e+02 4.809000000000000341e+01 4.000999999999999801e+01
-7.878899999999999864e+02 1.750000000000000000e+01 2.219000000000000128e+01
-7.883099999999999454e+02 8.589999999999999858e+00 3.750999999999999801e+01
-7.883999999999999773e+02 8.539999999999999147e+00 4.307999999999999829e+01
-7.886100000000000136e+02 3.528000000000000114e+01 4.692000000000000171e+01
-7.882200000000000273e+02 3.750000000000000000e+01 9.630000000000000782e+00
-7.882000000000000455e+02 1.946000000000000085e+01 2.923000000000000043e+01
-7.879900000000000091e+02 2.107999999999999829e+01 9.179999999999999716e+00
-7.880800000000000409e+02 2.105000000000000071e+01 1.637999999999999901e+01
-7.880499999999999545e+02 3.554999999999999716e+01 7.500000000000000000e-01
-7.882300000000000182e+02 1.233000000000000007e+01 3.345000000000000284e+01
-7.882200000000000273e+02 2.228999999999999915e+01 2.660000000000000142e+01
-7.882300000000000182e+02 3.424000000000000199e+01 1.309999999999999964e+01
-7.885099999999999909e+02 1.948999999999999844e+01 4.565999999999999659e+01
-7.878500000000000227e+02 1.553999999999999915e+01 2.569000000000000128e+01
-7.883500000000000227e+02 1.401999999999999957e+01 3.870000000000000284e+01
-7.879700000000000273e+02 3.596000000000000085e+01 0.000000000000000000e+00
-7.880800000000000409e+02 2.446000000000000085e+01 1.107000000000000028e+01
-7.882699999999999818e+02 7.940000000000000391e+00 4.182999999999999829e+01
-7.885700000000000500e+02 3.350999999999999801e+01 4.495000000000000284e+01
-7.885399999999999636e+02 2.194999999999999929e+01 4.609000000000000341e+01
-7.882500000000000000e+02 3.008999999999999986e+01 1.630000000000000071e+01
-7.882000000000000455e+02 1.971000000000000085e+01 2.901999999999999957e+01
-7.880399999999999636e+02 2.178000000000000114e+01 1.011999999999999922e+01
-7.882400000000000091e+02 2.055999999999999872e+01 2.794000000000000128e+01
-7.883500000000000227e+02 1.708999999999999986e+01 3.121000000000000085e+01
-7.879900000000000091e+02 2.925000000000000000e+01 3.250000000000000000e+00
-7.884600000000000364e+02 1.210999999999999943e+01 4.657999999999999829e+01
-7.882200000000000273e+02 3.702000000000000313e+01 1.058000000000000007e+01
-7.879099999999999682e+02 1.712999999999999901e+01 2.860999999999999943e+01
-7.885499999999999545e+02 4.342999999999999972e+01 4.371999999999999886e+01
-7.877999999999999545e+02 2.466000000000000014e+01 4.379999999999999893e+00
-7.883799999999999955e+02 3.292999999999999972e+01 2.857000000000000028e+01
-7.883400000000000318e+02 5.530000000000000249e+00 4.350000000000000000e+01
-7.883500000000000227e+02 5.650000000000000355e+00 4.336999999999999744e+01
-7.884500000000000455e+02 3.303000000000000114e+01 3.917999999999999972e+01
-7.878099999999999454e+02 2.730000000000000071e+01 1.979999999999999982e+00
-7.884199999999999591e+02 2.578999999999999915e+01 3.415999999999999659e+01
-7.884400000000000546e+02 4.592999999999999972e+01 3.681000000000000227e+01
-7.881299999999999955e+02 4.125999999999999801e+01 1.790000000000000036e+00
-7.884800000000000182e+02 2.496999999999999886e+01 4.114000000000000057e+01
-7.880299999999999727e+02 3.532000000000000028e+01 5.500000000000000444e-01
-7.882400000000000091e+02 2.262000000000000099e+01 2.598999999999999844e+01
-7.884199999999999591e+02 3.200000000000000178e+00 4.846999999999999886e+01
-7.881100000000000136e+02 2.571000000000000085e+01 1.730999999999999872e+01
-7.881200000000000045e+02 2.785999999999999943e+01 1.339000000000000057e+01
-7.880700000000000500e+02 3.389999999999999858e+01 3.069999999999999840e+00
-7.883400000000000318e+02 3.083999999999999986e+01 2.664999999999999858e+01
-7.878899999999999864e+02 1.540000000000000036e+01 2.819999999999999929e+01
-7.881299999999999955e+02 3.871999999999999886e+01 4.809999999999999609e+00
-7.881200000000000045e+02 2.889000000000000057e+01 6.849999999999999645e+00
-7.883700000000000045e+02 3.360999999999999943e+01 2.691000000000000014e+01
-7.882400000000000091e+02 9.939999999999999503e+00 3.578999999999999915e+01
-7.880299999999999727e+02 2.135999999999999943e+01 9.619999999999999218e+00
-7.880800000000000409e+02 2.662000000000000099e+01 8.919999999999999929e+00
-7.881599999999999682e+02 3.279999999999999716e+01 1.485999999999999943e+01
-7.880800000000000409e+02 2.353000000000000114e+01 1.231000000000000050e+01
-7.884500000000000455e+02 9.740000000000000213e+00 4.603999999999999915e+01
-7.884199999999999591e+02 1.083000000000000007e+01 4.536999999999999744e+01
-7.883600000000000136e+02 3.518999999999999773e+01 2.678999999999999915e+01
-7.882200000000000273e+02 3.001999999999999957e+01 1.599000000000000021e+01
-7.883099999999999454e+02 2.321000000000000085e+01 2.157000000000000028e+01
-7.882699999999999818e+02 2.046000000000000085e+01 2.826000000000000156e+01
-7.879199999999999591e+02 2.546000000000000085e+01 4.769999999999999574e+00
-7.878600000000000136e+02 1.419999999999999929e+01 2.821999999999999886e+01
-7.882100000000000364e+02 3.747999999999999687e+01 9.539999999999999147e+00
-7.880199999999999818e+02 3.660000000000000142e+01 0.000000000000000000e+00
-7.879700000000000273e+02 1.955000000000000071e+01 2.542000000000000171e+01
-7.881399999999999864e+02 3.631000000000000227e+01 7.580000000000000071e+00
-7.880900000000000318e+02 2.705999999999999872e+01 1.584999999999999964e+01
-7.877799999999999727e+02 2.521999999999999886e+01 3.600000000000000089e+00
-7.885099999999999909e+02 3.014999999999999858e+01 4.204999999999999716e+01
-7.885000000000000000e+02 2.201999999999999957e+01 4.470000000000000284e+01
-7.879700000000000273e+02 2.019999999999999929e+01 2.360999999999999943e+01
-7.877899999999999636e+02 2.723000000000000043e+01 2.899999999999999911e+00
-7.880900000000000318e+02 4.086999999999999744e+01 2.700000000000000178e+00
-7.878999999999999773e+02 1.642000000000000171e+01 2.294999999999999929e+01
-7.883099999999999454e+02 1.477999999999999936e+01 3.429999999999999716e+01
-7.884400000000000546e+02 3.589999999999999858e+00 4.839000000000000057e+01
-7.885900000000000318e+02 4.117999999999999972e+01 4.517000000000000171e+01
-7.885800000000000409e+02 3.078999999999999915e+01 4.578000000000000114e+01
-7.880199999999999818e+02 2.971999999999999886e+01 2.500000000000000000e+00
-7.883700000000000045e+02 1.941000000000000014e+01 3.903000000000000114e+01
-7.882000000000000455e+02 1.973999999999999844e+01 2.898000000000000043e+01
-7.883300000000000409e+02 9.080000000000000071e+00 4.065999999999999659e+01
-7.883600000000000136e+02 2.885999999999999943e+01 2.808999999999999986e+01
-7.885000000000000000e+02 1.830999999999999872e+01 4.593999999999999773e+01
-7.884099999999999682e+02 2.612000000000000099e+01 3.379999999999999716e+01
-7.879700000000000273e+02 2.339000000000000057e+01 7.209999999999999964e+00
-7.885599999999999454e+02 2.319000000000000128e+01 4.692000000000000171e+01
-7.881000000000000227e+02 3.325000000000000000e+01 4.419999999999999929e+00
-7.877200000000000273e+02 2.628999999999999915e+01 3.029999999999999805e+00
-7.879600000000000364e+02 3.092000000000000171e+01 1.209999999999999964e+00
-7.880700000000000500e+02 2.814000000000000057e+01 5.620000000000000107e+00
-7.880800000000000409e+02 2.457000000000000028e+01 1.100000000000000000e+01
-7.884299999999999500e+02 2.403999999999999915e+01 4.193999999999999773e+01
-7.883600000000000136e+02 1.637999999999999901e+01 3.865999999999999659e+01
-7.878600000000000136e+02 2.776999999999999957e+01 1.679999999999999938e+00
