-7.880700000000000500e+02 2.562000000000000099e+01 7.730000000000000426e+00
-7.878300000000000409e+02 1.342999999999999972e+01 3.153000000000000114e+01
-7.882300000000000182e+02 1.219999999999999929e+01 3.352000000000000313e+01
-7.882300000000000182e+02 3.424000000000000199e+01 1.309999999999999964e+01
-7.877699999999999818e+02 2.828999999999999915e+01 3.099999999999999978e-01
-7.883999999999999773e+02 1.648999999999999844e+01 4.056000000000000227e+01
-7.881299999999999955e+02 3.963000000000000256e+01 4.379999999999999893e+00
-7.880499999999999545e+02 3.554999999999999716e+01 7.500000000000000000e-01
-7.882000000000000455e+02 1.942000000000000171e+01 2.926000000000000156e+01
-7.878899999999999864e+02 1.750000000000000000e+01 2.219000000000000128e+01
-7.883099999999999454e+02 8.589999999999999858e+00 3.750999999999999801e+01
-7.880700000000000500e+02 3.023999999999999844e+01 4.320000000000000284e+00
-7.883099999999999454e+02 1.560999999999999943e+01 3.220000000000000284e+01
-7.881200000000000045e+02 4.174000000000000199e+01 1.489999999999999991e+00
-7.884700000000000273e+02 3.403999999999999915e+01 3.946999999999999886e+01
-7.881399999999999864e+02 3.246999999999999886e+01 7.690000000000000391e+00
-7.879900000000000091e+02 2.107999999999999829e+01 9.179999999999999716e+00
-7.884600000000000364e+02 8.060000000000000497e+00 4.739999999999999858e+01
-7.879400000000000546e+02 2.635999999999999943e+01 4.320000000000000284e+00
-7.885099999999999909e+02 1.664999999999999858e+01 4.638000000000000256e+01
-7.885599999999999454e+02 4.259000000000000341e+01 4.389999999999999858e+01
-7.885700000000000500e+02 2.400000000000000000e+01 4.660999999999999943e+01
-7.883400000000000318e+02 3.906000000000000227e+01 2.623999999999999844e+01
-7.883899999999999864e+02 2.267999999999999972e+01 3.414999999999999858e+01
-7.883300000000000409e+02 2.651000000000000156e+01 2.360000000000000142e+01
-7.882999999999999545e+02 2.326000000000000156e+01 1.737000000000000099e+01
-7.883999999999999773e+02 8.539999999999999147e+00 4.307999999999999829e+01
-7.883899999999999864e+02 2.985000000000000142e+01 2.907999999999999829e+01
-7.880599999999999454e+02 2.021000000000000085e+01 1.273000000000000043e+01
-7.879700000000000273e+02 3.180999999999999872e+01 6.500000000000000222e-01
-7.883200000000000500e+02 2.155999999999999872e+01 2.682000000000000028e+01
-7.881200000000000045e+02 2.785999999999999943e+01 1.339000000000000057e+01
-7.879400000000000546e+02 1.689000000000000057e+01 2.875000000000000000e+01
-7.882200000000000273e+02 2.260999999999999943e+01 2.616000000000000014e+01
-7.884700000000000273e+02 4.671000000000000085e+01 3.907999999999999829e+01
-7.877999999999999545e+02 2.362000000000000099e+01 5.309999999999999609e+00
-7.880800000000000409e+02 2.105000000000000071e+01 1.637999999999999901e+01
-7.882200000000000273e+02 3.750000000000000000e+01 9.630000000000000782e+00
-7.883899999999999864e+02 2.819999999999999840e+00 4.678000000000000114e+01
-7.884900000000000091e+02 2.453000000000000114e+01 4.293999999999999773e+01
-7.886100000000000136e+02 3.528000000000000114e+01 4.692000000000000171e+01
-7.883300000000000409e+02 5.639999999999999680e+00 4.339000000000000057e+01
-7.883400000000000318e+02 5.530000000000000249e+00 4.350000000000000000e+01
-7.879199999999999591e+02 2.546000000000000085e+01 4.769999999999999574e+00
-7.878899999999999864e+02 1.540000000000000036e+01 2.819999999999999929e+01
-7.881000000000000227e+02 2.291000000000000014e+01 1.612000000000000099e+01
-7.885800000000000409e+02 3.614000000000000057e+01 4.528999999999999915e+01
-7.877200000000000273e+02 2.628999999999999915e+01 3.029999999999999805e+00
-7.883500000000000227e+02 1.508999999999999986e+01 3.256000000000000227e+01
-7.879199999999999591e+02 1.664999999999999858e+01 2.812999999999999901e+01
-7.881100000000000136e+02 2.508999999999999986e+01 1.091999999999999993e+01
-7.880900000000000318e+02 2.498999999999999844e+01 8.720000000000000639e+00
-7.885900000000000318e+02 4.117999999999999972e+01 4.517000000000000171e+01
-7.880199999999999818e+02 3.660000000000000142e+01 0.000000000000000000e+00
-7.884299999999999500e+02 3.040000000000000036e+00 4.850000000000000000e+01
-7.885299999999999727e+02 2.580000000000000071e+01 4.585000000000000142e+01
-7.885099999999999909e+02 3.246999999999999886e+01 4.196999999999999886e+01
-7.877899999999999636e+02 2.723000000000000043e+01 2.899999999999999911e+00
-7.883300000000000409e+02 2.323999999999999844e+01 2.967999999999999972e+01
-7.884099999999999682e+02 1.828000000000000114e+01 4.057999999999999829e+01
-7.883400000000000318e+02 2.760999999999999943e+01 2.808999999999999986e+01
-7.884199999999999591e+02 2.578999999999999915e+01 3.415999999999999659e+01
-7.880800000000000409e+02 2.353000000000000114e+01 1.231000000000000050e+01
-7.882200000000000273e+02 3.617999999999999972e+01 1.148000000000000043e+01
-7.880299999999999727e+02 2.135999999999999943e+01 9.619999999999999218e+00
-7.882300000000000182e+02 2.232000000000000028e+01 2.648000000000000043e+01
-7.885700000000000500e+02 2.371999999999999886e+01 4.667000000000000171e+01
-7.883300000000000409e+02 9.080000000000000071e+00 4.065999999999999659e+01
-7.881299999999999955e+02 3.871999999999999886e+01 4.809999999999999609e+00
-7.884900000000000091e+02 4.809000000000000341e+01 4.000999999999999801e+01
-7.885199999999999818e+02 1.967000000000000171e+01 4.589000000000000057e+01
-7.883099999999999454e+02 2.321000000000000085e+01 2.157000000000000028e+01
-7.882000000000000455e+02 1.973999999999999844e+01 2.898000000000000043e+01
-7.882400000000000091e+02 1.118999999999999950e+01 3.557000000000000028e+01
-7.883899999999999864e+02 3.475999999999999801e+01 2.730000000000000071e+01
-7.883899999999999864e+02 7.759999999999999787e+00 4.439000000000000057e+01
-7.882100000000000364e+02 3.642999999999999972e+01 1.075999999999999979e+01
-7.880199999999999818e+02 3.224000000000000199e+01 3.189999999999999947e+00
-7.884500000000000455e+02 7.139999999999999680e+00 4.768999999999999773e+01
-7.880000000000000000e+02 3.429999999999999716e+01 6.099999999999999867e-01
-7.881299999999999955e+02 4.125999999999999801e+01 1.790000000000000036e+00
-7.881200000000000045e+02 2.889000000000000057e+01 6.849999999999999645e+00
-7.882400000000000091e+02 2.992999999999999972e+01 1.651000000000000156e+01
-7.879099999999999682e+02 1.785999999999999943e+01 2.353999999999999915e+01
-7.883700000000000045e+02 3.103999999999999915e+01 2.664999999999999858e+01
-7.881900000000000546e+02 3.434000000000000341e+01 1.305000000000000071e+01
-7.881200000000000045e+02 2.742000000000000171e+01 1.388000000000000078e+01
-7.882899999999999636e+02 8.050000000000000711e+00 4.152000000000000313e+01
-7.885499999999999545e+02 4.043999999999999773e+01 4.375000000000000000e+01
-7.881200000000000045e+02 3.331000000000000227e+01 5.769999999999999574e+00
-7.882400000000000091e+02 2.987000000000000099e+01 1.658999999999999986e+01
-7.885700000000000500e+02 4.057999999999999829e+01 4.407999999999999829e+01
-7.883700000000000045e+02 4.049999999999999822e+00 4.500999999999999801e+01
-7.885800000000000409e+02 2.887999999999999901e+01 4.771999999999999886e+01
-7.878099999999999454e+02 2.730000000000000071e+01 1.979999999999999982e+00
-7.881499999999999773e+02 4.129999999999999716e+01 5.860000000000000320e+00
-7.884600000000000364e+02 1.835999999999999943e+01 4.346000000000000085e+01
-7.879600000000000364e+02 3.092000000000000171e+01 1.209999999999999964e+00
-7.883700000000000045e+02 1.425999999999999979e+01 3.454999999999999716e+01
-7.884700000000000273e+02 4.865999999999999659e+01 3.771999999999999886e+01
-7.881200000000000045e+02 2.598000000000000043e+01 1.728999999999999915e+01
-7.885399999999999636e+02 2.832999999999999829e+01 4.492999999999999972e+01
-7.881000000000000227e+02 4.189000000000000057e+01 1.439999999999999947e+00
-7.879900000000000091e+02 2.925000000000000000e+01 3.250000000000000000e+00
-7.880700000000000500e+02 2.092999999999999972e+01 1.186999999999999922e+01
-7.877300000000000182e+02 2.594000000000000128e+01 3.169999999999999929e+00
-7.881799999999999500e+02 3.922999999999999687e+01 7.889999999999999680e+00
-7.883500000000000227e+02 5.320000000000000284e+00 4.353000000000000114e+01
-7.882400000000000091e+02 2.258999999999999986e+01 2.630000000000000071e+01
-7.882300000000000182e+02 1.233000000000000007e+01 3.345000000000000284e+01
-7.884500000000000455e+02 9.740000000000000213e+00 4.603999999999999915e+01
-7.882599999999999909e+02 1.719999999999999929e+01 3.044999999999999929e+01
-7.878600000000000136e+02 1.419999999999999929e+01 2.821999999999999886e+01
-7.883400000000000318e+02 3.083999999999999986e+01 2.664999999999999858e+01
-7.882000000000000455e+02 1.971000000000000085e+01 2.901999999999999957e+01
-7.880800000000000409e+02 2.460999999999999943e+01 9.699999999999999289e+00
-7.880499999999999545e+02 3.495000000000000284e+01 1.510000000000000009e+00
-7.883799999999999955e+02 2.148999999999999844e+01 3.435999999999999943e+01
-7.879700000000000273e+02 1.885000000000000142e+01 2.380000000000000071e+01
-7.880499999999999545e+02 3.293999999999999773e+01 2.740000000000000213e+00
-7.880099999999999909e+02 2.128999999999999915e+01 9.099999999999999645e+00
-7.882799999999999727e+02 1.862999999999999901e+01 3.042999999999999972e+01
-7.885700000000000500e+02 3.350999999999999801e+01 4.495000000000000284e+01
-7.883899999999999864e+02 7.860000000000000320e+00 4.432999999999999829e+01
-7.878999999999999773e+02 1.642000000000000171e+01 2.294999999999999929e+01
-7.880700000000000500e+02 2.814000000000000057e+01 5.620000000000000107e+00
-7.885800000000000409e+02 2.941000000000000014e+01 4.678999999999999915e+01
-7.884600000000000364e+02 1.889000000000000057e+01 4.320000000000000284e+01
