-7.880499999999999545e+02 3.554999999999999716e+01 7.500000000000000000e-01
-7.881299999999999955e+02 3.963000000000000256e+01 4.379999999999999893e+00
-7.885700000000000500e+02 2.400000000000000000e+01 4.660999999999999943e+01
-7.885499999999999545e+02 4.364000000000000057e+01 4.325999999999999801e+01
-7.881399999999999864e+02 3.246999999999999886e+01 7.690000000000000391e+00
-7.880700000000000500e+02 3.023999999999999844e+01 4.320000000000000284e+00
-7.883999999999999773e+02 8.509999999999999787e+00 4.304999999999999716e+01
-7.883400000000000318e+02 3.906000000000000227e+01 2.623999999999999844e+01
-7.881200000000000045e+02 2.785999999999999943e+01 1.339000000000000057e+01
-7.882200000000000273e+02 2.260999999999999943e+01 2.616000000000000014e+01
-7.883099999999999454e+02 8.589999999999999858e+00 3.750999999999999801e+01
-7.882200000000000273e+02 3.750000000000000000e+01 9.630000000000000782e+00
-7.886100000000000136e+02 3.510000000000000142e+01 4.689000000000000057e+01
-7.882300000000000182e+02 1.219999999999999929e+01 3.352000000000000313e+01
-7.883300000000000409e+02 5.639999999999999680e+00 4.339000000000000057e+01
-7.884700000000000273e+02 3.403999999999999915e+01 3.946999999999999886e+01
-7.877999999999999545e+02 2.362000000000000099e+01 5.309999999999999609e+00
-7.884099999999999682e+02 2.709999999999999964e+00 4.686999999999999744e+01
-7.880900000000000318e+02 2.212000000000000099e+01 1.664999999999999858e+01
-7.883200000000000500e+02 2.155999999999999872e+01 2.682000000000000028e+01
-7.884900000000000091e+02 2.453000000000000114e+01 4.293999999999999773e+01
-7.881200000000000045e+02 4.206000000000000227e+01 1.270000000000000018e+00
-7.880700000000000500e+02 2.562000000000000099e+01 7.730000000000000426e+00
-7.878300000000000409e+02 1.342999999999999972e+01 3.153000000000000114e+01
-7.879400000000000546e+02 2.635999999999999943e+01 4.320000000000000284e+00
-7.878899999999999864e+02 1.750000000000000000e+01 2.219000000000000128e+01
-7.883999999999999773e+02 1.648999999999999844e+01 4.056000000000000227e+01
-7.881799999999999500e+02 1.794000000000000128e+01 3.153000000000000114e+01
-7.883099999999999454e+02 1.560999999999999943e+01 3.220000000000000284e+01
-7.883899999999999864e+02 2.985000000000000142e+01 2.907999999999999829e+01
-7.879400000000000546e+02 1.689000000000000057e+01 2.875000000000000000e+01
-7.877699999999999818e+02 2.828999999999999915e+01 3.099999999999999978e-01
-7.882999999999999545e+02 2.326000000000000156e+01 1.737000000000000099e+01
-7.885099999999999909e+02 1.664999999999999858e+01 4.638000000000000256e+01
-7.883300000000000409e+02 2.651000000000000156e+01 2.360000000000000142e+01
-7.879700000000000273e+02 3.182000000000000028e+01 6.400000000000000133e-01
-7.882300000000000182e+02 3.424000000000000199e+01 1.309999999999999964e+01
-7.883899999999999864e+02 2.267999999999999972e+01 3.414999999999999858e+01
-7.880599999999999454e+02 2.021000000000000085e+01 1.273000000000000043e+01
-7.884700000000000273e+02 4.671000000000000085e+01 3.907999999999999829e+01
-7.879800000000000182e+02 2.037000000000000099e+01 9.679999999999999716e+00
-7.884600000000000364e+02 8.060000000000000497e+00 4.739999999999999858e+01
-7.885499999999999545e+02 3.967999999999999972e+01 4.389000000000000057e+01
-7.881200000000000045e+02 2.742000000000000171e+01 1.388000000000000078e+01
-7.884900000000000091e+02 2.053999999999999915e+01 4.478000000000000114e+01
-7.882200000000000273e+02 3.745000000000000284e+01 1.010999999999999943e+01
-7.880800000000000409e+02 2.105000000000000071e+01 1.637999999999999901e+01
-7.878099999999999454e+02 2.730000000000000071e+01 1.979999999999999982e+00
-7.880599999999999454e+02 2.078000000000000114e+01 1.215000000000000036e+01
-7.883899999999999864e+02 1.297000000000000064e+01 4.202000000000000313e+01
-7.882100000000000364e+02 2.092999999999999972e+01 2.805999999999999872e+01
-7.880000000000000000e+02 2.891000000000000014e+01 3.580000000000000071e+00
-7.880299999999999727e+02 2.517000000000000171e+01 6.500000000000000000e+00
-7.885900000000000318e+02 4.117999999999999972e+01 4.517000000000000171e+01
-7.883799999999999955e+02 1.992000000000000171e+01 3.478999999999999915e+01
-7.880099999999999909e+02 2.128999999999999915e+01 9.099999999999999645e+00
-7.885599999999999454e+02 2.055000000000000071e+01 4.764000000000000057e+01
-7.882400000000000091e+02 1.118999999999999950e+01 3.557000000000000028e+01
-7.879099999999999682e+02 1.785999999999999943e+01 2.353999999999999915e+01
-7.880199999999999818e+02 3.572999999999999687e+01 2.000000000000000042e-02
-7.878600000000000136e+02 1.419999999999999929e+01 2.821999999999999886e+01
-7.884299999999999500e+02 6.730000000000000426e+00 4.689999999999999858e+01
-7.881200000000000045e+02 4.174000000000000199e+01 1.489999999999999991e+00
-7.884900000000000091e+02 4.827000000000000313e+01 4.075999999999999801e+01
-7.880499999999999545e+02 3.293999999999999773e+01 2.740000000000000213e+00
-7.882100000000000364e+02 3.610999999999999943e+01 1.115000000000000036e+01
-7.882799999999999727e+02 1.705000000000000071e+01 3.203000000000000114e+01
-7.885900000000000318e+02 3.659000000000000341e+01 4.520000000000000284e+01
-7.881599999999999682e+02 3.595000000000000284e+01 8.109999999999999432e+00
-7.882300000000000182e+02 2.153000000000000114e+01 2.780999999999999872e+01
-7.879299999999999500e+02 1.698000000000000043e+01 2.869000000000000128e+01
-7.883799999999999955e+02 3.234000000000000341e+01 2.828000000000000114e+01
-7.882400000000000091e+02 2.992999999999999972e+01 1.651000000000000156e+01
-7.883899999999999864e+02 3.475999999999999801e+01 2.730000000000000071e+01
-7.883099999999999454e+02 2.321000000000000085e+01 2.157000000000000028e+01
-7.877300000000000182e+02 2.594000000000000128e+01 3.169999999999999929e+00
-7.885399999999999636e+02 2.660000000000000142e+01 4.452000000000000313e+01
-7.884500000000000455e+02 9.740000000000000213e+00 4.603999999999999915e+01
-7.880000000000000000e+02 3.033999999999999986e+01 2.290000000000000036e+00
-7.883400000000000318e+02 5.530000000000000249e+00 4.350000000000000000e+01
-7.882200000000000273e+02 1.621000000000000085e+01 3.176999999999999957e+01
-7.881399999999999864e+02 3.650999999999999801e+01 6.320000000000000284e+00
-7.883400000000000318e+02 1.211999999999999922e+01 4.081000000000000227e+01
-7.883600000000000136e+02 4.660000000000000142e+00 4.528000000000000114e+01
-7.884800000000000182e+02 2.207000000000000028e+01 4.300999999999999801e+01
-7.880000000000000000e+02 3.429999999999999716e+01 6.099999999999999867e-01
-7.882300000000000182e+02 1.233000000000000007e+01 3.345000000000000284e+01
-7.881799999999999500e+02 3.759000000000000341e+01 8.230000000000000426e+00
-7.885599999999999454e+02 3.585999999999999943e+01 4.460000000000000142e+01
-7.882400000000000091e+02 2.987000000000000099e+01 1.658999999999999986e+01
-7.877899999999999636e+02 2.723000000000000043e+01 2.899999999999999911e+00
-7.885499999999999545e+02 4.043999999999999773e+01 4.375000000000000000e+01
-7.884500000000000455e+02 4.679999999999999716e+01 3.803000000000000114e+01
-7.878899999999999864e+02 1.600000000000000000e+01 2.519999999999999929e+01
-7.883200000000000500e+02 2.596000000000000085e+01 2.521000000000000085e+01
-7.881000000000000227e+02 2.291000000000000014e+01 1.612000000000000099e+01
-7.884299999999999500e+02 3.040000000000000036e+00 4.850000000000000000e+01
-7.880299999999999727e+02 2.135999999999999943e+01 9.619999999999999218e+00
-7.882000000000000455e+02 1.942000000000000171e+01 2.926000000000000156e+01
-7.878899999999999864e+02 1.540000000000000036e+01 2.819999999999999929e+01
-7.883300000000000409e+02 6.309999999999999609e+00 4.234000000000000341e+01
-7.883400000000000318e+02 1.472000000000000064e+01 3.489999999999999858e+01
-7.884099999999999682e+02 3.121000000000000085e+01 3.325999999999999801e+01
-7.883799999999999955e+02 2.178999999999999915e+01 3.151999999999999957e+01
-7.883099999999999454e+02 2.123999999999999844e+01 2.967000000000000171e+01
-7.883799999999999955e+02 1.158999999999999986e+01 4.138000000000000256e+01
-7.883099999999999454e+02 1.159999999999999964e+01 3.432999999999999829e+01
-7.880099999999999909e+02 2.751000000000000156e+01 4.280000000000000249e+00
-7.882300000000000182e+02 2.232000000000000028e+01 2.648000000000000043e+01
-7.881599999999999682e+02 3.189000000000000057e+01 1.553999999999999915e+01
-7.880299999999999727e+02 3.414999999999999858e+01 1.290000000000000036e+00
-7.880800000000000409e+02 2.485000000000000142e+01 9.160000000000000142e+00
-7.885599999999999454e+02 2.576999999999999957e+01 4.602000000000000313e+01
-7.880099999999999909e+02 3.041000000000000014e+01 3.450000000000000178e+00
-7.885599999999999454e+02 4.259000000000000341e+01 4.389999999999999858e+01
-7.884099999999999682e+02 1.828000000000000114e+01 4.057999999999999829e+01
-7.881100000000000136e+02 2.616000000000000014e+01 1.411999999999999922e+01
-7.877200000000000273e+02 2.628999999999999915e+01 3.029999999999999805e+00
-7.884500000000000455e+02 7.139999999999999680e+00 4.768999999999999773e+01
-7.881399999999999864e+02 3.270000000000000284e+01 7.129999999999999893e+00
-7.881299999999999955e+02 4.125999999999999801e+01 1.790000000000000036e+00
-7.881299999999999955e+02 3.335000000000000142e+01 5.549999999999999822e+00
-7.879299999999999500e+02 1.701000000000000156e+01 2.846000000000000085e+01
-7.880499999999999545e+02 1.962000000000000099e+01 1.517999999999999972e+01
-7.885199999999999818e+02 1.967000000000000171e+01 4.589000000000000057e+01
-7.885499999999999545e+02 3.265999999999999659e+01 4.406000000000000227e+01
-7.880900000000000318e+02 2.496000000000000085e+01 9.080000000000000071e+00
-7.883999999999999773e+02 1.564000000000000057e+01 4.060999999999999943e+01
