-7.883899999999999864e+02 3.475999999999999801e+01 2.730000000000000071e+01
-7.884700000000000273e+02 3.403999999999999915e+01 3.946999999999999886e+01
-7.883999999999999773e+02 1.648999999999999844e+01 4.056000000000000227e+01
-7.879400000000000546e+02 1.687999999999999901e+01 2.869999999999999929e+01
-7.879700000000000273e+02 3.182000000000000028e+01 6.400000000000000133e-01
-7.883099999999999454e+02 8.589999999999999858e+00 3.750999999999999801e+01
-7.883999999999999773e+02 8.509999999999999787e+00 4.304999999999999716e+01
-7.882999999999999545e+02 2.326000000000000156e+01 1.737000000000000099e+01
-7.884600000000000364e+02 8.060000000000000497e+00 4.739999999999999858e+01
-7.882200000000000273e+02 3.750000000000000000e+01 9.630000000000000782e+00
-7.884700000000000273e+02 4.671000000000000085e+01 3.907999999999999829e+01
-7.882999999999999545e+02 1.522000000000000064e+01 3.253999999999999915e+01
-7.878300000000000409e+02 1.342999999999999972e+01 3.153000000000000114e+01
-7.879800000000000182e+02 2.037000000000000099e+01 9.679999999999999716e+00
-7.886100000000000136e+02 3.510000000000000142e+01 4.689000000000000057e+01
-7.880599999999999454e+02 2.021000000000000085e+01 1.273000000000000043e+01
-7.882100000000000364e+02 1.213000000000000078e+01 3.418999999999999773e+01
-7.883200000000000500e+02 2.155999999999999872e+01 2.682000000000000028e+01
-7.884900000000000091e+02 2.453000000000000114e+01 4.293999999999999773e+01
-7.882300000000000182e+02 3.424000000000000199e+01 1.309999999999999964e+01
-7.878899999999999864e+02 1.750000000000000000e+01 2.219000000000000128e+01
-7.883899999999999864e+02 2.985000000000000142e+01 2.907999999999999829e+01
-7.879400000000000546e+02 2.635999999999999943e+01 4.320000000000000284e+00
-7.881200000000000045e+02 2.785999999999999943e+01 1.339000000000000057e+01
-7.877999999999999545e+02 2.362000000000000099e+01 5.309999999999999609e+00
-7.880700000000000500e+02 3.023999999999999844e+01 4.320000000000000284e+00
-7.881299999999999955e+02 3.963000000000000256e+01 4.379999999999999893e+00
-7.885499999999999545e+02 4.364000000000000057e+01 4.325999999999999801e+01
-7.884099999999999682e+02 2.709999999999999964e+00 4.686999999999999744e+01
-7.885700000000000500e+02 2.400000000000000000e+01 4.660999999999999943e+01
-7.880900000000000318e+02 2.212000000000000099e+01 1.664999999999999858e+01
-7.881399999999999864e+02 3.121999999999999886e+01 8.140000000000000568e+00
-7.883300000000000409e+02 5.639999999999999680e+00 4.339000000000000057e+01
-7.883899999999999864e+02 2.267999999999999972e+01 3.414999999999999858e+01
-7.881699999999999591e+02 2.228000000000000114e+01 2.664999999999999858e+01
-7.883200000000000500e+02 2.407000000000000028e+01 2.062999999999999901e+01
-7.880499999999999545e+02 3.550000000000000000e+01 5.799999999999999600e-01
-7.881299999999999955e+02 4.140999999999999659e+01 1.149999999999999911e+00
-7.881799999999999500e+02 1.626999999999999957e+01 3.164000000000000057e+01
-7.877699999999999818e+02 2.828999999999999915e+01 3.099999999999999978e-01
-7.880700000000000500e+02 2.558999999999999986e+01 7.790000000000000036e+00
-7.885099999999999909e+02 1.664999999999999858e+01 4.638000000000000256e+01
-7.880599999999999454e+02 3.378000000000000114e+01 1.270000000000000018e+00
-7.883400000000000318e+02 1.082000000000000028e+01 3.725999999999999801e+01
-7.881100000000000136e+02 3.051000000000000156e+01 8.490000000000000213e+00
-7.881399999999999864e+02 2.807999999999999829e+01 1.716000000000000014e+01
-7.878600000000000136e+02 1.451999999999999957e+01 2.814999999999999858e+01
-7.885499999999999545e+02 2.425000000000000000e+01 4.603999999999999915e+01
-7.884099999999999682e+02 2.253000000000000114e+01 3.572999999999999687e+01
-7.881000000000000227e+02 2.655999999999999872e+01 1.228999999999999915e+01
-7.883899999999999864e+02 2.567999999999999972e+01 3.075000000000000000e+01
-7.878899999999999864e+02 1.542999999999999972e+01 2.592000000000000171e+01
-7.883799999999999955e+02 1.058999999999999986e+01 4.209000000000000341e+01
-7.880299999999999727e+02 2.135999999999999943e+01 9.619999999999999218e+00
-7.881799999999999500e+02 1.794000000000000128e+01 3.153000000000000114e+01
-7.883799999999999955e+02 1.846999999999999886e+01 3.903000000000000114e+01
-7.882999999999999545e+02 1.976999999999999957e+01 2.894000000000000128e+01
-7.885299999999999727e+02 2.203999999999999915e+01 4.710999999999999943e+01
-7.883600000000000136e+02 4.660000000000000142e+00 4.528000000000000114e+01
-7.879400000000000546e+02 1.816000000000000014e+01 2.601000000000000156e+01
-7.881299999999999955e+02 4.125999999999999801e+01 1.790000000000000036e+00
-7.879700000000000273e+02 2.875000000000000000e+01 2.040000000000000036e+00
-7.885499999999999545e+02 4.034000000000000341e+01 4.335999999999999943e+01
-7.884500000000000455e+02 6.700000000000000178e+00 4.803999999999999915e+01
-7.884900000000000091e+02 1.741000000000000014e+01 4.628000000000000114e+01
-7.882599999999999909e+02 3.132999999999999829e+01 1.450000000000000000e+01
-7.881000000000000227e+02 2.807999999999999829e+01 9.669999999999999929e+00
-7.877200000000000273e+02 2.628999999999999915e+01 3.029999999999999805e+00
-7.882300000000000182e+02 1.219999999999999929e+01 3.352000000000000313e+01
-7.882000000000000455e+02 3.746000000000000085e+01 1.006000000000000050e+01
-7.877899999999999636e+02 2.723000000000000043e+01 2.899999999999999911e+00
-7.881499999999999773e+02 4.017999999999999972e+01 5.099999999999999645e+00
-7.880499999999999545e+02 2.123000000000000043e+01 1.093999999999999950e+01
-7.884500000000000455e+02 4.679999999999999716e+01 3.803000000000000114e+01
-7.880499999999999545e+02 3.210999999999999943e+01 2.209999999999999964e+00
-7.880800000000000409e+02 2.105000000000000071e+01 1.637999999999999901e+01
-7.883099999999999454e+02 1.460999999999999943e+01 3.336999999999999744e+01
-7.882300000000000182e+02 2.232000000000000028e+01 2.648000000000000043e+01
-7.879500000000000455e+02 2.603000000000000114e+01 5.169999999999999929e+00
-7.885599999999999454e+02 3.210999999999999943e+01 4.432000000000000028e+01
-7.885900000000000318e+02 4.117999999999999972e+01 4.517000000000000171e+01
-7.882999999999999545e+02 2.321999999999999886e+01 2.151999999999999957e+01
-7.883400000000000318e+02 5.530000000000000249e+00 4.350000000000000000e+01
-7.880900000000000318e+02 3.567999999999999972e+01 2.069999999999999840e+00
-7.878600000000000136e+02 1.388000000000000078e+01 2.917999999999999972e+01
-7.880499999999999545e+02 2.021000000000000085e+01 1.227999999999999936e+01
-7.879299999999999500e+02 1.680000000000000071e+01 2.864000000000000057e+01
-7.884500000000000455e+02 1.760000000000000142e+01 4.317999999999999972e+01
-7.883700000000000045e+02 3.133999999999999986e+01 2.771000000000000085e+01
-7.885599999999999454e+02 2.055000000000000071e+01 4.761999999999999744e+01
-7.883200000000000500e+02 1.842000000000000171e+01 3.039999999999999858e+01
-7.882200000000000273e+02 1.621000000000000085e+01 3.176999999999999957e+01
-7.885399999999999636e+02 2.660000000000000142e+01 4.452000000000000313e+01
-7.880099999999999909e+02 2.128999999999999915e+01 9.099999999999999645e+00
-7.880800000000000409e+02 2.639000000000000057e+01 7.879999999999999893e+00
-7.883300000000000409e+02 6.309999999999999609e+00 4.234000000000000341e+01
-7.883700000000000045e+02 1.566000000000000014e+01 3.992000000000000171e+01
-7.881000000000000227e+02 2.291000000000000014e+01 1.612000000000000099e+01
-7.881100000000000136e+02 3.560999999999999943e+01 3.439999999999999947e+00
-7.881000000000000227e+02 4.184000000000000341e+01 1.110000000000000098e+00
-7.884900000000000091e+02 4.827000000000000313e+01 4.075999999999999801e+01
-7.880499999999999545e+02 3.150000000000000000e+01 2.810000000000000053e+00
-7.882300000000000182e+02 9.320000000000000284e+00 3.732999999999999829e+01
-7.882400000000000091e+02 2.987000000000000099e+01 1.658999999999999986e+01
-7.884500000000000455e+02 9.740000000000000213e+00 4.603999999999999915e+01
-7.877300000000000182e+02 2.594000000000000128e+01 3.169999999999999929e+00
-7.878899999999999864e+02 1.590000000000000036e+01 2.403999999999999915e+01
-7.885499999999999545e+02 3.967999999999999972e+01 4.389000000000000057e+01
-7.883099999999999454e+02 2.321000000000000085e+01 2.157000000000000028e+01
-7.883500000000000227e+02 9.419999999999999929e+00 4.184000000000000341e+01
-7.881399999999999864e+02 3.303999999999999915e+01 7.519999999999999574e+00
-7.881100000000000136e+02 2.523000000000000043e+01 1.253999999999999915e+01
-7.880199999999999818e+02 2.733999999999999986e+01 3.970000000000000195e+00
-7.882100000000000364e+02 2.092999999999999972e+01 2.805999999999999872e+01
-7.882200000000000273e+02 3.622999999999999687e+01 1.052999999999999936e+01
-7.883300000000000409e+02 2.375000000000000000e+01 2.767999999999999972e+01
-7.882100000000000364e+02 3.610999999999999943e+01 1.115000000000000036e+01
-7.883300000000000409e+02 2.205999999999999872e+01 3.425999999999999801e+01
-7.885599999999999454e+02 4.259000000000000341e+01 4.389999999999999858e+01
-7.885599999999999454e+02 3.187000000000000099e+01 4.453000000000000114e+01
-7.884400000000000546e+02 2.629999999999999893e+00 4.846999999999999886e+01
-7.878099999999999454e+02 2.730000000000000071e+01 1.979999999999999982e+00
-7.879900000000000091e+02 3.257000000000000028e+01 3.099999999999999978e-01
-7.882300000000000182e+02 1.233000000000000007e+01 3.345000000000000284e+01
-7.884900000000000091e+02 2.053999999999999915e+01 4.478000000000000114e+01
-7.883999999999999773e+02 4.919999999999999929e+00 4.525000000000000000e+01
-7.885700000000000500e+02 3.247999999999999687e+01 4.454999999999999716e+01
-7.880000000000000000e+02 3.033999999999999986e+01 2.290000000000000036e+00
