-7.881699999999999591e+02 2.228000000000000114e+01 2.664999999999999858e+01
-7.880599999999999454e+02 2.021000000000000085e+01 1.273000000000000043e+01
-7.884700000000000273e+02 4.671000000000000085e+01 3.907999999999999829e+01
-7.883899999999999864e+02 3.475999999999999801e+01 2.730000000000000071e+01
-7.881299999999999955e+02 4.140999999999999659e+01 1.149999999999999911e+00
-7.885000000000000000e+02 1.660999999999999943e+01 4.692999999999999972e+01
-7.880800000000000409e+02 2.105000000000000071e+01 1.637999999999999901e+01
-7.882400000000000091e+02 2.948000000000000043e+01 1.642999999999999972e+01
-7.883300000000000409e+02 5.639999999999999680e+00 4.339000000000000057e+01
-7.882100000000000364e+02 1.213000000000000078e+01 3.418999999999999773e+01
-7.877999999999999545e+02 2.362000000000000099e+01 5.309999999999999609e+00
-7.880599999999999454e+02 3.119000000000000128e+01 4.070000000000000284e+00
-7.879900000000000091e+02 4.228999999999999915e+01 0.000000000000000000e+00
-7.879400000000000546e+02 2.635999999999999943e+01 4.320000000000000284e+00
-7.881200000000000045e+02 2.785999999999999943e+01 1.339000000000000057e+01
-7.884900000000000091e+02 2.453000000000000114e+01 4.293999999999999773e+01
-7.882300000000000182e+02 3.424000000000000199e+01 1.309999999999999964e+01
-7.878300000000000409e+02 1.342999999999999972e+01 3.153000000000000114e+01
-7.885700000000000500e+02 2.400000000000000000e+01 4.660999999999999943e+01
-7.884900000000000091e+02 3.557999999999999829e+01 4.089000000000000057e+01
-7.883200000000000500e+02 2.155999999999999872e+01 2.682000000000000028e+01
-7.883300000000000409e+02 2.703999999999999915e+01 2.235000000000000142e+01
-7.882999999999999545e+02 1.522000000000000064e+01 3.253999999999999915e+01
-7.885599999999999454e+02 4.242000000000000171e+01 4.388000000000000256e+01
-7.884099999999999682e+02 2.709999999999999964e+00 4.686999999999999744e+01
-7.877699999999999818e+02 2.828999999999999915e+01 3.099999999999999978e-01
-7.879600000000000364e+02 3.242999999999999972e+01 3.900000000000000133e-01
-7.883999999999999773e+02 8.769999999999999574e+00 4.296999999999999886e+01
-7.883899999999999864e+02 2.985000000000000142e+01 2.907999999999999829e+01
-7.883099999999999454e+02 8.589999999999999858e+00 3.750999999999999801e+01
-7.883899999999999864e+02 2.267999999999999972e+01 3.414999999999999858e+01
-7.884900000000000091e+02 1.149000000000000021e+01 4.765999999999999659e+01
-7.879400000000000546e+02 1.675000000000000000e+01 2.841000000000000014e+01
-7.881299999999999955e+02 3.963000000000000256e+01 4.379999999999999893e+00
-7.881399999999999864e+02 3.121999999999999886e+01 8.140000000000000568e+00
-7.883799999999999955e+02 1.637000000000000099e+01 4.178000000000000114e+01
-7.886100000000000136e+02 3.510000000000000142e+01 4.689000000000000057e+01
-7.880700000000000500e+02 2.558999999999999986e+01 7.790000000000000036e+00
-7.878899999999999864e+02 1.750000000000000000e+01 2.219000000000000128e+01
-7.879800000000000182e+02 2.037000000000000099e+01 9.679999999999999716e+00
-7.882200000000000273e+02 3.750000000000000000e+01 9.630000000000000782e+00
-7.881799999999999500e+02 1.626999999999999957e+01 3.164000000000000057e+01
-7.878899999999999864e+02 1.567999999999999972e+01 2.464000000000000057e+01
-7.881299999999999955e+02 4.125999999999999801e+01 1.790000000000000036e+00
-7.884400000000000546e+02 4.445000000000000284e+01 3.353999999999999915e+01
-7.882000000000000455e+02 3.634000000000000341e+01 8.710000000000000853e+00
-7.880900000000000318e+02 2.185000000000000142e+01 1.597000000000000064e+01
-7.885499999999999545e+02 2.398000000000000043e+01 4.595000000000000284e+01
-7.881000000000000227e+02 2.580999999999999872e+01 1.208999999999999986e+01
-7.880000000000000000e+02 2.271000000000000085e+01 8.859999999999999432e+00
-7.879299999999999500e+02 1.755000000000000071e+01 2.662000000000000099e+01
-7.884400000000000546e+02 2.629999999999999893e+00 4.846999999999999886e+01
-7.877200000000000273e+02 2.628999999999999915e+01 3.029999999999999805e+00
-7.885399999999999636e+02 4.139999999999999858e+01 4.313000000000000256e+01
-7.883400000000000318e+02 5.530000000000000249e+00 4.350000000000000000e+01
-7.882599999999999909e+02 3.132999999999999829e+01 1.450000000000000000e+01
-7.881599999999999682e+02 3.645000000000000284e+01 8.320000000000000284e+00
-7.880299999999999727e+02 4.318999999999999773e+01 0.000000000000000000e+00
-7.885000000000000000e+02 3.567999999999999972e+01 4.292000000000000171e+01
-7.883999999999999773e+02 3.407999999999999829e+01 3.246000000000000085e+01
-7.883099999999999454e+02 2.312999999999999901e+01 1.737999999999999901e+01
-7.880299999999999727e+02 2.294000000000000128e+01 9.339999999999999858e+00
-7.883200000000000500e+02 1.205000000000000071e+01 3.570000000000000284e+01
-7.881799999999999500e+02 1.923000000000000043e+01 3.019999999999999929e+01
-7.878099999999999454e+02 2.730000000000000071e+01 1.979999999999999982e+00
-7.880700000000000500e+02 3.342999999999999972e+01 3.339999999999999858e+00
-7.879500000000000455e+02 2.710000000000000142e+01 4.280000000000000249e+00
-7.882500000000000000e+02 1.944999999999999929e+01 2.962999999999999901e+01
-7.882300000000000182e+02 1.233000000000000007e+01 3.345000000000000284e+01
-7.881200000000000045e+02 3.767999999999999972e+01 3.939999999999999947e+00
-7.885199999999999818e+02 1.357000000000000028e+01 4.850999999999999801e+01
-7.883700000000000045e+02 3.357999999999999829e+01 2.637000000000000099e+01
-7.882300000000000182e+02 2.251000000000000156e+01 2.642000000000000171e+01
-7.879700000000000273e+02 3.182000000000000028e+01 6.400000000000000133e-01
-7.885499999999999545e+02 2.969000000000000128e+01 4.443999999999999773e+01
-7.878600000000000136e+02 1.451999999999999957e+01 2.814999999999999858e+01
-7.884099999999999682e+02 1.739000000000000057e+01 4.100000000000000000e+01
-7.883200000000000500e+02 1.473000000000000043e+01 3.338000000000000256e+01
-7.883400000000000318e+02 8.580000000000000071e+00 4.153999999999999915e+01
-7.884500000000000455e+02 7.299999999999999822e+00 4.782000000000000028e+01
-7.883200000000000500e+02 2.407000000000000028e+01 2.062999999999999901e+01
-7.880599999999999454e+02 2.016000000000000014e+01 1.489000000000000057e+01
-7.884199999999999591e+02 2.310999999999999943e+01 3.882999999999999829e+01
-7.884299999999999500e+02 2.357999999999999829e+01 4.334000000000000341e+01
-7.880499999999999545e+02 3.550000000000000000e+01 5.799999999999999600e-01
-7.882200000000000273e+02 3.622999999999999687e+01 1.052999999999999936e+01
-7.880000000000000000e+02 3.033999999999999986e+01 2.290000000000000036e+00
-7.882200000000000273e+02 1.449000000000000021e+01 3.214000000000000057e+01
-7.881000000000000227e+02 2.339000000000000057e+01 1.581000000000000050e+01
-7.877799999999999727e+02 2.685999999999999943e+01 2.410000000000000142e+00
-7.884500000000000455e+02 4.679999999999999716e+01 3.803000000000000114e+01
-7.884500000000000455e+02 9.740000000000000213e+00 4.603999999999999915e+01
-7.881399999999999864e+02 2.978999999999999915e+01 9.000000000000000000e+00
-7.878899999999999864e+02 1.590000000000000036e+01 2.403999999999999915e+01
-7.885700000000000500e+02 3.243999999999999773e+01 4.464999999999999858e+01
-7.882999999999999545e+02 2.326000000000000156e+01 1.737000000000000099e+01
-7.885499999999999545e+02 4.115999999999999659e+01 4.315999999999999659e+01
-7.883500000000000227e+02 2.851999999999999957e+01 2.032000000000000028e+01
-7.882400000000000091e+02 1.156000000000000050e+01 3.485999999999999943e+01
-7.879400000000000546e+02 1.816000000000000014e+01 2.601000000000000156e+01
-7.883400000000000318e+02 1.393999999999999950e+01 3.563000000000000256e+01
-7.880499999999999545e+02 2.491000000000000014e+01 8.330000000000000071e+00
-7.883899999999999864e+02 3.450000000000000000e+01 2.751000000000000156e+01
-7.881399999999999864e+02 3.613000000000000256e+01 5.269999999999999574e+00
-7.883400000000000318e+02 1.268999999999999950e+01 3.692999999999999972e+01
-7.885000000000000000e+02 2.439000000000000057e+01 4.385000000000000142e+01
-7.879900000000000091e+02 1.980999999999999872e+01 1.028999999999999915e+01
-7.880700000000000500e+02 2.094999999999999929e+01 1.483999999999999986e+01
-7.884099999999999682e+02 8.910000000000000142e+00 4.407000000000000028e+01
-7.877300000000000182e+02 2.594000000000000128e+01 3.169999999999999929e+00
-7.885000000000000000e+02 1.819000000000000128e+01 4.650999999999999801e+01
-7.879800000000000182e+02 2.596000000000000085e+01 5.099999999999999645e+00
-7.881000000000000227e+02 4.189000000000000057e+01 1.040000000000000036e+00
-7.883899999999999864e+02 2.894999999999999929e+01 2.933999999999999986e+01
-7.883500000000000227e+02 2.103000000000000114e+01 3.221999999999999886e+01
-7.883300000000000409e+02 6.309999999999999609e+00 4.234000000000000341e+01
-7.881299999999999955e+02 2.857999999999999829e+01 1.160999999999999943e+01
-7.882000000000000455e+02 3.596999999999999886e+01 1.158000000000000007e+01
-7.878700000000000045e+02 1.488000000000000078e+01 2.735999999999999943e+01
-7.884500000000000455e+02 3.910000000000000142e+00 4.847999999999999687e+01
-7.880499999999999545e+02 3.032000000000000028e+01 7.009999999999999787e+00
-7.885499999999999545e+02 2.442999999999999972e+01 4.578000000000000114e+01
-7.883300000000000409e+02 2.050000000000000000e+01 2.789999999999999858e+01
-7.884700000000000273e+02 3.385999999999999943e+01 4.186999999999999744e+01
-7.883999999999999773e+02 1.648999999999999844e+01 4.056000000000000227e+01
-7.880900000000000318e+02 3.567999999999999972e+01 2.069999999999999840e+00
-7.885700000000000500e+02 4.154999999999999716e+01 4.415999999999999659e+01
-7.883700000000000045e+02 1.197000000000000064e+01 4.053999999999999915e+01
