-7.878300000000000409e+02 2.921000000000000085e+01 2.350000000000000089e+00
-7.884700000000000273e+02 4.732999999999999829e+01 3.877000000000000313e+01
-7.880599999999999454e+02 2.021000000000000085e+01 1.273000000000000043e+01
-7.883500000000000227e+02 4.919999999999999929e+00 4.413000000000000256e+01
-7.883400000000000318e+02 2.703000000000000114e+01 2.039999999999999858e+01
-7.882899999999999636e+02 2.185999999999999943e+01 1.923000000000000043e+01
-7.883500000000000227e+02 1.639999999999999858e+01 3.175000000000000000e+01
-7.883200000000000500e+02 8.560000000000000497e+00 3.721000000000000085e+01
-7.881599999999999682e+02 3.429999999999999716e+01 9.859999999999999432e+00
-7.879800000000000182e+02 3.677000000000000313e+01 0.000000000000000000e+00
-7.883099999999999454e+02 2.471000000000000085e+01 1.591000000000000014e+01
-7.881200000000000045e+02 2.762999999999999901e+01 1.350999999999999979e+01
-7.879400000000000546e+02 1.675000000000000000e+01 2.841000000000000014e+01
-7.880099999999999909e+02 2.880999999999999872e+01 4.040000000000000036e+00
-7.877999999999999545e+02 2.362000000000000099e+01 5.309999999999999609e+00
-7.883400000000000318e+02 2.230000000000000071e+01 2.889000000000000057e+01
-7.882699999999999818e+02 2.985999999999999943e+01 1.182000000000000028e+01
-7.882000000000000455e+02 1.705999999999999872e+01 3.173000000000000043e+01
-7.883999999999999773e+02 1.648999999999999844e+01 4.056000000000000227e+01
-7.884900000000000091e+02 2.453000000000000114e+01 4.293999999999999773e+01
-7.880299999999999727e+02 1.796999999999999886e+01 1.297000000000000064e+01
-7.883899999999999864e+02 2.985000000000000142e+01 2.907999999999999829e+01
-7.882000000000000455e+02 3.764999999999999858e+01 5.139999999999999680e+00
-7.885700000000000500e+02 2.400000000000000000e+01 4.660999999999999943e+01
-7.878300000000000409e+02 1.342999999999999972e+01 3.153000000000000114e+01
-7.884199999999999591e+02 4.071999999999999886e+01 2.844999999999999929e+01
-7.883899999999999864e+02 2.253000000000000114e+01 3.439000000000000057e+01
-7.884900000000000091e+02 3.557999999999999829e+01 4.089000000000000057e+01
-7.885000000000000000e+02 1.653000000000000114e+01 4.682000000000000028e+01
-7.884099999999999682e+02 2.709999999999999964e+00 4.686999999999999744e+01
-7.886100000000000136e+02 3.510000000000000142e+01 4.689000000000000057e+01
-7.885599999999999454e+02 4.242000000000000171e+01 4.388000000000000256e+01
-7.880299999999999727e+02 4.275000000000000000e+01 0.000000000000000000e+00
-7.884900000000000091e+02 1.124000000000000021e+01 4.814000000000000057e+01
-7.878799999999999955e+02 1.660000000000000142e+01 2.387999999999999901e+01
-7.882300000000000182e+02 1.158000000000000007e+01 3.484000000000000341e+01
-7.881200000000000045e+02 3.220000000000000284e+01 5.339999999999999858e+00
-7.880900000000000318e+02 2.730999999999999872e+01 1.003999999999999915e+01
-7.884099999999999682e+02 7.549999999999999822e+00 4.628000000000000114e+01
-7.879800000000000182e+02 2.037000000000000099e+01 9.679999999999999716e+00
-7.881399999999999864e+02 3.026999999999999957e+01 1.091999999999999993e+01
-7.878600000000000136e+02 1.451999999999999957e+01 2.814999999999999858e+01
-7.883500000000000227e+02 2.846000000000000085e+01 2.032000000000000028e+01
-7.877799999999999727e+02 2.685999999999999943e+01 2.410000000000000142e+00
-7.885700000000000500e+02 3.785000000000000142e+01 4.503000000000000114e+01
-7.883600000000000136e+02 5.889999999999999680e+00 4.232999999999999829e+01
-7.883099999999999454e+02 2.103999999999999915e+01 2.746000000000000085e+01
-7.882599999999999909e+02 2.860999999999999943e+01 1.205000000000000071e+01
-7.883999999999999773e+02 8.730000000000000426e+00 4.306000000000000227e+01
-7.882899999999999636e+02 1.421000000000000085e+01 3.360000000000000142e+01
-7.883200000000000500e+02 7.790000000000000036e+00 4.182000000000000028e+01
-7.885399999999999636e+02 4.139000000000000057e+01 4.307000000000000028e+01
-7.885900000000000318e+02 4.197999999999999687e+01 4.639999999999999858e+01
-7.885599999999999454e+02 2.526999999999999957e+01 4.599000000000000199e+01
-7.881299999999999955e+02 3.550999999999999801e+01 4.809999999999999609e+00
-7.878600000000000136e+02 1.525000000000000000e+01 2.471000000000000085e+01
-7.882300000000000182e+02 1.482000000000000028e+01 3.198000000000000043e+01
-7.883200000000000500e+02 2.228000000000000114e+01 1.885000000000000142e+01
-7.884099999999999682e+02 4.017000000000000171e+01 2.946999999999999886e+01
-7.880199999999999818e+02 2.098999999999999844e+01 9.630000000000000782e+00
-7.884500000000000455e+02 4.392000000000000171e+01 3.425999999999999801e+01
-7.880800000000000409e+02 2.105000000000000071e+01 1.637999999999999901e+01
-7.884199999999999591e+02 3.738000000000000256e+01 3.532000000000000028e+01
-7.884900000000000091e+02 2.153000000000000114e+01 4.340999999999999659e+01
-7.884199999999999591e+02 2.733999999999999986e+01 3.736999999999999744e+01
-7.883799999999999955e+02 4.139999999999999680e+00 4.496000000000000085e+01
-7.882300000000000182e+02 1.233000000000000007e+01 3.345000000000000284e+01
-7.880299999999999727e+02 1.842999999999999972e+01 1.283000000000000007e+01
-7.879600000000000364e+02 2.969999999999999929e+01 2.029999999999999805e+00
-7.877699999999999818e+02 2.828999999999999915e+01 3.099999999999999978e-01
-7.881699999999999591e+02 3.453999999999999915e+01 1.015000000000000036e+01
-7.884600000000000364e+02 1.648999999999999844e+01 4.492999999999999972e+01
-7.881399999999999864e+02 4.092999999999999972e+01 1.080000000000000071e+00
-7.880700000000000500e+02 2.558999999999999986e+01 7.790000000000000036e+00
-7.880099999999999909e+02 3.417999999999999972e+01 1.409999999999999920e+00
-7.884500000000000455e+02 1.564000000000000057e+01 4.409000000000000341e+01
-7.881200000000000045e+02 3.782000000000000028e+01 3.839999999999999858e+00
-7.884800000000000182e+02 1.153999999999999915e+01 4.756000000000000227e+01
-7.883200000000000500e+02 2.469000000000000128e+01 1.794999999999999929e+01
-7.881000000000000227e+02 4.182000000000000028e+01 6.899999999999999467e-01
-7.882400000000000091e+02 1.450999999999999979e+01 3.288000000000000256e+01
-7.882699999999999818e+02 2.932000000000000028e+01 1.244999999999999929e+01
-7.885800000000000409e+02 3.517000000000000171e+01 4.532000000000000028e+01
-7.883500000000000227e+02 2.253000000000000114e+01 2.975000000000000000e+01
-7.879900000000000091e+02 3.203000000000000114e+01 2.569999999999999840e+00
-7.881499999999999773e+02 4.065999999999999659e+01 1.840000000000000080e+00
-7.885399999999999636e+02 4.200999999999999801e+01 4.304999999999999716e+01
-7.879400000000000546e+02 1.669000000000000128e+01 2.842000000000000171e+01
-7.877300000000000182e+02 2.594000000000000128e+01 3.169999999999999929e+00
-7.878600000000000136e+02 1.478999999999999915e+01 2.592000000000000171e+01
-7.884800000000000182e+02 1.091999999999999993e+01 4.817999999999999972e+01
-7.881299999999999955e+02 2.944999999999999929e+01 1.091999999999999993e+01
-7.882999999999999545e+02 2.326000000000000156e+01 1.737000000000000099e+01
-7.883799999999999955e+02 3.279999999999999805e+00 4.636999999999999744e+01
-7.883300000000000409e+02 5.639999999999999680e+00 4.339000000000000057e+01
-7.883300000000000409e+02 1.389000000000000057e+01 3.803000000000000114e+01
-7.880299999999999727e+02 2.403999999999999915e+01 7.570000000000000284e+00
-7.884099999999999682e+02 3.753999999999999915e+01 3.167999999999999972e+01
-7.884199999999999591e+02 3.886999999999999744e+01 3.116000000000000014e+01
-7.884400000000000546e+02 4.385000000000000142e+01 3.271999999999999886e+01
-7.885099999999999909e+02 4.092999999999999972e+01 4.313000000000000256e+01
-7.883799999999999955e+02 1.930000000000000071e+01 3.903000000000000114e+01
-7.884900000000000091e+02 1.644999999999999929e+01 4.617000000000000171e+01
-7.881599999999999682e+02 3.650000000000000000e+01 8.279999999999999361e+00
-7.879700000000000273e+02 2.614000000000000057e+01 4.309999999999999609e+00
-7.883899999999999864e+02 2.414000000000000057e+01 3.400999999999999801e+01
-7.883999999999999773e+02 8.769999999999999574e+00 4.296999999999999886e+01
-7.885599999999999454e+02 2.389999999999999858e+01 4.621999999999999886e+01
-7.882400000000000091e+02 2.107000000000000028e+01 2.737000000000000099e+01
-7.880399999999999636e+02 3.575000000000000000e+01 2.600000000000000089e+00
-7.880299999999999727e+02 1.844999999999999929e+01 1.282000000000000028e+01
-7.877699999999999818e+02 2.775000000000000000e+01 4.299999999999999933e-01
-7.880700000000000500e+02 2.380000000000000071e+01 1.098000000000000043e+01
-7.882999999999999545e+02 1.130000000000000071e+01 3.539999999999999858e+01
-7.884800000000000182e+02 2.473999999999999844e+01 4.175000000000000000e+01
-7.882400000000000091e+02 1.156000000000000050e+01 3.485999999999999943e+01
-7.883799999999999955e+02 3.098000000000000043e+01 2.823000000000000043e+01
-7.883899999999999864e+02 3.475999999999999801e+01 2.725000000000000000e+01
-7.881200000000000045e+02 3.767999999999999972e+01 3.939999999999999947e+00
-7.882100000000000364e+02 3.649000000000000199e+01 1.075000000000000000e+01
-7.880599999999999454e+02 2.803000000000000114e+01 7.549999999999999822e+00
-7.884700000000000273e+02 7.320000000000000284e+00 4.829999999999999716e+01
-7.882799999999999727e+02 2.769000000000000128e+01 1.347000000000000064e+01
-7.881699999999999591e+02 2.062000000000000099e+01 2.823999999999999844e+01
-7.878600000000000136e+02 1.415000000000000036e+01 2.817999999999999972e+01
-7.879900000000000091e+02 1.980999999999999872e+01 1.028999999999999915e+01
-7.882699999999999818e+02 2.767000000000000171e+01 1.417999999999999972e+01
-7.885199999999999818e+02 3.727000000000000313e+01 4.339000000000000057e+01
