-7.884199999999999591e+02 4.071999999999999886e+01 2.844999999999999929e+01
-7.883999999999999773e+02 1.648999999999999844e+01 4.056000000000000227e+01
-7.882699999999999818e+02 2.985999999999999943e+01 1.182000000000000028e+01
-7.883400000000000318e+02 1.637999999999999901e+01 3.221999999999999886e+01
-7.883999999999999773e+02 2.444000000000000128e+01 3.614999999999999858e+01
-7.881699999999999591e+02 3.943999999999999773e+01 4.469999999999999751e+00
-7.879500000000000455e+02 1.785999999999999943e+01 2.310000000000000142e+01
-7.882100000000000364e+02 3.182000000000000028e+01 9.720000000000000639e+00
-7.885000000000000000e+02 1.653000000000000114e+01 4.682000000000000028e+01
-7.879400000000000546e+02 1.675000000000000000e+01 2.841000000000000014e+01
-7.883400000000000318e+02 2.230000000000000071e+01 2.889000000000000057e+01
-7.882899999999999636e+02 2.185999999999999943e+01 1.923000000000000043e+01
-7.880299999999999727e+02 4.275000000000000000e+01 0.000000000000000000e+00
-7.884900000000000091e+02 2.453000000000000114e+01 4.293999999999999773e+01
-7.880700000000000500e+02 3.363000000000000256e+01 4.339999999999999858e+00
-7.882300000000000182e+02 1.158000000000000007e+01 3.484000000000000341e+01
-7.885000000000000000e+02 1.111999999999999922e+01 4.822999999999999687e+01
-7.877500000000000000e+02 2.782999999999999829e+01 1.739999999999999991e+00
-7.880299999999999727e+02 1.796999999999999886e+01 1.297000000000000064e+01
-7.885599999999999454e+02 4.242000000000000171e+01 4.388000000000000256e+01
-7.884099999999999682e+02 2.709999999999999964e+00 4.686999999999999744e+01
-7.879800000000000182e+02 2.037000000000000099e+01 9.679999999999999716e+00
-7.881200000000000045e+02 2.658999999999999986e+01 1.341999999999999993e+01
-7.884900000000000091e+02 4.829999999999999716e+01 4.003999999999999915e+01
-7.883500000000000227e+02 2.846000000000000085e+01 2.032000000000000028e+01
-7.880000000000000000e+02 2.642999999999999972e+01 5.250000000000000000e+00
-7.885700000000000500e+02 2.400000000000000000e+01 4.660999999999999943e+01
-7.886100000000000136e+02 3.510000000000000142e+01 4.689000000000000057e+01
-7.883200000000000500e+02 8.560000000000000497e+00 3.721000000000000085e+01
-7.880599999999999454e+02 2.021000000000000085e+01 1.273000000000000043e+01
-7.878300000000000409e+02 1.288000000000000078e+01 3.310999999999999943e+01
-7.882300000000000182e+02 1.482000000000000028e+01 3.198000000000000043e+01
-7.883899999999999864e+02 2.985000000000000142e+01 2.907999999999999829e+01
-7.877999999999999545e+02 2.362000000000000099e+01 5.309999999999999609e+00
-7.883099999999999454e+02 2.471000000000000085e+01 1.591000000000000014e+01
-7.877899999999999636e+02 3.114999999999999858e+01 3.499999999999999778e-01
-7.880900000000000318e+02 2.730999999999999872e+01 1.003999999999999915e+01
-7.883500000000000227e+02 4.919999999999999929e+00 4.413000000000000256e+01
-7.879800000000000182e+02 3.677000000000000313e+01 0.000000000000000000e+00
-7.884099999999999682e+02 8.890000000000000568e+00 4.517999999999999972e+01
-7.884900000000000091e+02 3.557999999999999829e+01 4.089000000000000057e+01
-7.883300000000000409e+02 2.428999999999999915e+01 1.885000000000000142e+01
-7.881399999999999864e+02 3.552000000000000313e+01 7.400000000000000355e+00
-7.880700000000000500e+02 2.221999999999999886e+01 1.123000000000000043e+01
-7.885700000000000500e+02 3.785000000000000142e+01 4.503000000000000114e+01
-7.881799999999999500e+02 2.025000000000000000e+01 2.914999999999999858e+01
-7.881299999999999955e+02 2.978999999999999915e+01 8.150000000000000355e+00
-7.879900000000000091e+02 4.224000000000000199e+01 0.000000000000000000e+00
-7.881399999999999864e+02 3.635000000000000142e+01 5.519999999999999574e+00
-7.884900000000000091e+02 1.557000000000000028e+01 4.584000000000000341e+01
-7.879900000000000091e+02 3.203000000000000114e+01 2.569999999999999840e+00
-7.885599999999999454e+02 2.389999999999999858e+01 4.621999999999999886e+01
-7.884199999999999591e+02 4.031000000000000227e+01 2.955000000000000071e+01
-7.883899999999999864e+02 2.744999999999999929e+01 2.992999999999999972e+01
-7.884700000000000273e+02 7.320000000000000284e+00 4.829999999999999716e+01
-7.884900000000000091e+02 2.153000000000000114e+01 4.340999999999999659e+01
-7.878400000000000318e+02 2.973999999999999844e+01 1.800000000000000044e+00
-7.883799999999999955e+02 4.139999999999999680e+00 4.496000000000000085e+01
-7.882599999999999909e+02 2.860999999999999943e+01 1.205000000000000071e+01
-7.880299999999999727e+02 2.178000000000000114e+01 9.849999999999999645e+00
-7.883200000000000500e+02 9.580000000000000071e+00 3.634000000000000341e+01
-7.883600000000000136e+02 5.889999999999999680e+00 4.232999999999999829e+01
-7.885599999999999454e+02 4.122999999999999687e+01 4.461999999999999744e+01
-7.884400000000000546e+02 6.030000000000000249e+00 4.720000000000000284e+01
-7.879700000000000273e+02 2.614000000000000057e+01 4.309999999999999609e+00
-7.883200000000000500e+02 2.228000000000000114e+01 1.885000000000000142e+01
-7.883700000000000045e+02 1.528999999999999915e+01 3.736999999999999744e+01
-7.878600000000000136e+02 1.478999999999999915e+01 2.592000000000000171e+01
-7.882500000000000000e+02 2.780000000000000071e+01 1.149000000000000021e+01
-7.877300000000000182e+02 2.594000000000000128e+01 3.169999999999999929e+00
-7.884500000000000455e+02 4.392000000000000171e+01 3.425999999999999801e+01
-7.882500000000000000e+02 1.192999999999999972e+01 3.478999999999999915e+01
-7.880299999999999727e+02 1.842999999999999972e+01 1.283000000000000007e+01
-7.878600000000000136e+02 1.451999999999999957e+01 2.814999999999999858e+01
-7.882999999999999545e+02 2.371999999999999886e+01 1.673000000000000043e+01
-7.883999999999999773e+02 2.501000000000000156e+01 3.346999999999999886e+01
-7.882799999999999727e+02 1.374000000000000021e+01 3.496000000000000085e+01
-7.883200000000000500e+02 2.137999999999999901e+01 2.714999999999999858e+01
-7.881100000000000136e+02 3.055000000000000071e+01 6.959999999999999964e+00
-7.885399999999999636e+02 4.139000000000000057e+01 4.307000000000000028e+01
-7.880099999999999909e+02 2.880999999999999872e+01 4.040000000000000036e+00
-7.884700000000000273e+02 4.878000000000000114e+01 3.495000000000000284e+01
-7.885800000000000409e+02 2.757000000000000028e+01 4.735999999999999943e+01
-7.884099999999999682e+02 3.682999999999999829e+01 3.332999999999999829e+01
-7.884099999999999682e+02 7.549999999999999822e+00 4.628000000000000114e+01
-7.885399999999999636e+02 4.200999999999999801e+01 4.304999999999999716e+01
-7.879900000000000091e+02 2.212000000000000099e+01 8.230000000000000426e+00
-7.883300000000000409e+02 2.055999999999999872e+01 2.819999999999999929e+01
-7.882300000000000182e+02 1.233000000000000007e+01 3.345000000000000284e+01
-7.882500000000000000e+02 3.062999999999999901e+01 1.138000000000000078e+01
-7.883400000000000318e+02 2.678000000000000114e+01 1.903000000000000114e+01
-7.884800000000000182e+02 9.380000000000000782e+00 4.809000000000000341e+01
-7.883700000000000045e+02 1.234999999999999964e+01 4.079999999999999716e+01
-7.880599999999999454e+02 2.100000000000000000e+01 1.106000000000000050e+01
-7.884600000000000364e+02 2.657000000000000028e+01 4.093999999999999773e+01
-7.883099999999999454e+02 2.425000000000000000e+01 1.694999999999999929e+01
-7.881900000000000546e+02 2.064000000000000057e+01 2.810999999999999943e+01
-7.884099999999999682e+02 4.007999999999999829e+01 2.944999999999999929e+01
-7.880299999999999727e+02 1.844999999999999929e+01 1.282000000000000028e+01
-7.884900000000000091e+02 1.367999999999999972e+01 4.650000000000000000e+01
-7.882999999999999545e+02 1.563000000000000078e+01 3.296999999999999886e+01
-7.881299999999999955e+02 2.714000000000000057e+01 1.041000000000000014e+01
-7.885199999999999818e+02 4.054999999999999716e+01 4.239999999999999858e+01
-7.878600000000000136e+02 1.580000000000000071e+01 2.407000000000000028e+01
-7.877799999999999727e+02 2.685000000000000142e+01 2.250000000000000000e+00
-7.885399999999999636e+02 3.180000000000000071e+01 4.425999999999999801e+01
-7.877699999999999818e+02 2.828000000000000114e+01 3.099999999999999978e-01
-7.880199999999999818e+02 3.453000000000000114e+01 2.089999999999999858e+00
-7.883899999999999864e+02 4.330000000000000071e+00 4.489000000000000057e+01
-7.882000000000000455e+02 3.764999999999999858e+01 5.139999999999999680e+00
-7.880399999999999636e+02 3.575000000000000000e+01 2.600000000000000089e+00
-7.879900000000000091e+02 4.082000000000000028e+01 1.270000000000000018e+00
-7.878300000000000409e+02 1.342999999999999972e+01 3.153000000000000114e+01
-7.883099999999999454e+02 8.689999999999999503e+00 3.717000000000000171e+01
-7.883300000000000409e+02 5.639999999999999680e+00 4.339000000000000057e+01
-7.883799999999999955e+02 2.266000000000000014e+01 3.107999999999999829e+01
-7.881100000000000136e+02 2.671000000000000085e+01 1.292999999999999972e+01
-7.881200000000000045e+02 3.782000000000000028e+01 3.839999999999999858e+00
-7.880900000000000318e+02 2.307000000000000028e+01 1.519999999999999929e+01
-7.883799999999999955e+02 3.279999999999999805e+00 4.636999999999999744e+01
-7.883500000000000227e+02 2.010000000000000142e+01 3.110999999999999943e+01
-7.880499999999999545e+02 3.407000000000000028e+01 3.189999999999999947e+00
-7.885800000000000409e+02 3.517000000000000171e+01 4.532000000000000028e+01
-7.885800000000000409e+02 2.782000000000000028e+01 4.675000000000000000e+01
-7.883799999999999955e+02 2.091000000000000014e+01 3.447999999999999687e+01
-7.881000000000000227e+02 4.182000000000000028e+01 6.899999999999999467e-01
-7.883600000000000136e+02 1.191000000000000014e+01 3.732999999999999829e+01
-7.883999999999999773e+02 3.595000000000000284e+01 3.171000000000000085e+01
