-7.884199999999999591e+02 4.071999999999999886e+01 2.844999999999999929e+01
-7.879400000000000546e+02 1.675000000000000000e+01 2.841000000000000014e+01
-7.879800000000000182e+02 3.677000000000000313e+01 0.000000000000000000e+00
-7.880299999999999727e+02 1.796999999999999886e+01 1.297000000000000064e+01
-7.881000000000000227e+02 2.767000000000000171e+01 7.940000000000000391e+00
-7.879900000000000091e+02 2.048999999999999844e+01 9.599999999999999645e+00
-7.885000000000000000e+02 1.111999999999999922e+01 4.822999999999999687e+01
-7.884900000000000091e+02 4.829999999999999716e+01 4.003999999999999915e+01
-7.877899999999999636e+02 3.114999999999999858e+01 3.499999999999999778e-01
-7.886100000000000136e+02 3.510000000000000142e+01 4.689000000000000057e+01
-7.877999999999999545e+02 2.362000000000000099e+01 5.309999999999999609e+00
-7.880299999999999727e+02 4.275000000000000000e+01 0.000000000000000000e+00
-7.882899999999999636e+02 2.185999999999999943e+01 1.923000000000000043e+01
-7.881200000000000045e+02 2.658999999999999986e+01 1.341999999999999993e+01
-7.884099999999999682e+02 2.709999999999999964e+00 4.686999999999999744e+01
-7.883999999999999773e+02 2.444000000000000128e+01 3.614999999999999858e+01
-7.883200000000000500e+02 8.560000000000000497e+00 3.721000000000000085e+01
-7.882300000000000182e+02 1.482000000000000028e+01 3.198000000000000043e+01
-7.883999999999999773e+02 1.648999999999999844e+01 4.056000000000000227e+01
-7.885000000000000000e+02 1.653000000000000114e+01 4.682000000000000028e+01
-7.883099999999999454e+02 2.471000000000000085e+01 1.591000000000000014e+01
-7.883500000000000227e+02 4.919999999999999929e+00 4.413000000000000256e+01
-7.879900000000000091e+02 2.767000000000000171e+01 3.779999999999999805e+00
-7.883400000000000318e+02 2.230000000000000071e+01 2.889000000000000057e+01
-7.879500000000000455e+02 1.785999999999999943e+01 2.310000000000000142e+01
-7.885000000000000000e+02 2.589000000000000057e+01 4.407999999999999829e+01
-7.881699999999999591e+02 3.943999999999999773e+01 4.469999999999999751e+00
-7.885700000000000500e+02 2.400000000000000000e+01 4.660999999999999943e+01
-7.882300000000000182e+02 1.158000000000000007e+01 3.484000000000000341e+01
-7.885599999999999454e+02 4.247999999999999687e+01 4.377000000000000313e+01
-7.878300000000000409e+02 1.281000000000000050e+01 3.303999999999999915e+01
-7.881900000000000546e+02 3.928999999999999915e+01 8.320000000000000284e+00
-7.883400000000000318e+02 1.637999999999999901e+01 3.221999999999999886e+01
-7.883500000000000227e+02 2.846000000000000085e+01 2.032000000000000028e+01
-7.884900000000000091e+02 3.557999999999999829e+01 4.089000000000000057e+01
-7.884099999999999682e+02 3.465999999999999659e+01 3.410999999999999943e+01
-7.882100000000000364e+02 3.182000000000000028e+01 9.720000000000000639e+00
-7.877699999999999818e+02 2.719000000000000128e+01 7.600000000000000089e-01
-7.880599999999999454e+02 1.962999999999999901e+01 1.396000000000000085e+01
-7.884099999999999682e+02 8.890000000000000568e+00 4.517999999999999972e+01
-7.880700000000000500e+02 3.363000000000000256e+01 4.339999999999999858e+00
-7.882699999999999818e+02 2.985999999999999943e+01 1.182000000000000028e+01
-7.885399999999999636e+02 3.180000000000000071e+01 4.425999999999999801e+01
-7.884700000000000273e+02 4.878000000000000114e+01 3.495000000000000284e+01
-7.883099999999999454e+02 2.425000000000000000e+01 1.694999999999999929e+01
-7.885599999999999454e+02 2.389999999999999858e+01 4.621999999999999886e+01
-7.878400000000000318e+02 2.973999999999999844e+01 1.800000000000000044e+00
-7.880399999999999636e+02 3.575000000000000000e+01 2.600000000000000089e+00
-7.883200000000000500e+02 1.985999999999999943e+01 2.873999999999999844e+01
-7.879500000000000455e+02 1.748000000000000043e+01 2.357000000000000028e+01
-7.883799999999999955e+02 3.279999999999999805e+00 4.636999999999999744e+01
-7.880299999999999727e+02 1.833999999999999986e+01 1.265000000000000036e+01
-7.883899999999999864e+02 2.614000000000000057e+01 3.123000000000000043e+01
-7.879900000000000091e+02 3.203000000000000114e+01 2.569999999999999840e+00
-7.881100000000000136e+02 2.651000000000000156e+01 1.218999999999999950e+01
-7.880800000000000409e+02 3.907999999999999829e+01 2.390000000000000124e+00
-7.885199999999999818e+02 3.778999999999999915e+01 4.204999999999999716e+01
-7.877300000000000182e+02 2.594000000000000128e+01 3.169999999999999929e+00
-7.882799999999999727e+02 1.423000000000000043e+01 3.432000000000000028e+01
-7.880700000000000500e+02 2.566000000000000014e+01 8.750000000000000000e+00
-7.882599999999999909e+02 2.860999999999999943e+01 1.205000000000000071e+01
-7.884800000000000182e+02 2.298999999999999844e+01 4.209000000000000341e+01
-7.883600000000000136e+02 5.889999999999999680e+00 4.232999999999999829e+01
-7.884700000000000273e+02 8.820000000000000284e+00 4.810999999999999943e+01
-7.881499999999999773e+02 3.277000000000000313e+01 6.849999999999999645e+00
-7.882500000000000000e+02 1.194999999999999929e+01 3.471000000000000085e+01
-7.883899999999999864e+02 6.490000000000000213e+00 4.465999999999999659e+01
-7.883400000000000318e+02 1.134999999999999964e+01 3.578000000000000114e+01
-7.881000000000000227e+02 2.514999999999999858e+01 1.257000000000000028e+01
-7.883799999999999955e+02 2.132999999999999829e+01 3.285000000000000142e+01
-7.882500000000000000e+02 1.887999999999999901e+01 3.042999999999999972e+01
-7.878600000000000136e+02 1.451999999999999957e+01 2.814999999999999858e+01
-7.881900000000000546e+02 2.062999999999999901e+01 2.812000000000000099e+01
-7.885199999999999818e+02 1.905000000000000071e+01 4.570000000000000284e+01
-7.884199999999999591e+02 4.031000000000000227e+01 2.955000000000000071e+01
-7.883300000000000409e+02 2.428999999999999915e+01 1.885000000000000142e+01
-7.880299999999999727e+02 2.450000000000000000e+01 7.660000000000000142e+00
-7.883799999999999955e+02 1.506000000000000050e+01 3.628999999999999915e+01
-7.880099999999999909e+02 2.880999999999999872e+01 4.040000000000000036e+00
-7.885599999999999454e+02 4.122999999999999687e+01 4.461999999999999744e+01
-7.881399999999999864e+02 3.678000000000000114e+01 5.120000000000000107e+00
-7.881200000000000045e+02 3.782000000000000028e+01 3.839999999999999858e+00
-7.880000000000000000e+02 3.410000000000000142e+01 3.169999999999999929e+00
-7.883600000000000136e+02 1.630000000000000071e+01 3.596999999999999886e+01
-7.884600000000000364e+02 3.182999999999999829e+01 3.982999999999999829e+01
-7.884199999999999591e+02 2.951999999999999957e+01 3.478000000000000114e+01
-7.878300000000000409e+02 1.342999999999999972e+01 3.153000000000000114e+01
-7.882200000000000273e+02 1.930000000000000071e+01 2.933999999999999986e+01
-7.882500000000000000e+02 3.062999999999999901e+01 1.138000000000000078e+01
-7.883999999999999773e+02 8.220000000000000639e+00 4.392000000000000171e+01
-7.882500000000000000e+02 2.780000000000000071e+01 1.149000000000000021e+01
-7.882899999999999636e+02 2.628000000000000114e+01 1.376999999999999957e+01
-7.885700000000000500e+02 3.346999999999999886e+01 4.518999999999999773e+01
-7.877799999999999727e+02 2.685000000000000142e+01 2.250000000000000000e+00
-7.880599999999999454e+02 2.017999999999999972e+01 1.221000000000000085e+01
-7.877699999999999818e+02 2.828000000000000114e+01 3.099999999999999978e-01
-7.879400000000000546e+02 3.456000000000000227e+01 5.200000000000000178e-01
-7.881000000000000227e+02 4.182000000000000028e+01 6.899999999999999467e-01
-7.884400000000000546e+02 1.406000000000000050e+01 4.435999999999999943e+01
-7.883400000000000318e+02 6.000000000000000000e+00 4.229999999999999716e+01
-7.884900000000000091e+02 2.153000000000000114e+01 4.340999999999999659e+01
-7.884500000000000455e+02 4.371000000000000085e+01 3.502000000000000313e+01
-7.885000000000000000e+02 1.250000000000000000e+01 4.818999999999999773e+01
-7.883400000000000318e+02 2.678000000000000114e+01 1.903000000000000114e+01
-7.883799999999999955e+02 4.139999999999999680e+00 4.496000000000000085e+01
-7.885399999999999636e+02 4.200999999999999801e+01 4.304999999999999716e+01
-7.880299999999999727e+02 2.178000000000000114e+01 9.849999999999999645e+00
-7.881000000000000227e+02 2.641000000000000014e+01 1.153999999999999915e+01
-7.879700000000000273e+02 2.376000000000000156e+01 6.110000000000000320e+00
-7.883500000000000227e+02 1.068999999999999950e+01 3.918999999999999773e+01
-7.881900000000000546e+02 2.142000000000000171e+01 2.742000000000000171e+01
-7.883700000000000045e+02 1.948999999999999844e+01 3.182999999999999829e+01
-7.878700000000000045e+02 1.712000000000000099e+01 2.132000000000000028e+01
-7.883400000000000318e+02 2.578999999999999915e+01 2.814999999999999858e+01
-7.884500000000000455e+02 1.452999999999999936e+01 4.459000000000000341e+01
-7.883999999999999773e+02 3.517000000000000171e+01 2.832000000000000028e+01
-7.885800000000000409e+02 2.782000000000000028e+01 4.675000000000000000e+01
-7.882200000000000273e+02 1.207000000000000028e+01 3.414000000000000057e+01
-7.877799999999999727e+02 2.678000000000000114e+01 2.330000000000000071e+00
-7.884800000000000182e+02 3.985999999999999943e+01 3.992999999999999972e+01
-7.883700000000000045e+02 1.465000000000000036e+01 3.639000000000000057e+01
-7.885599999999999454e+02 4.242000000000000171e+01 4.382999999999999829e+01
-7.884099999999999682e+02 2.596000000000000085e+01 3.697999999999999687e+01
-7.883600000000000136e+02 1.191000000000000014e+01 3.732999999999999829e+01
-7.882999999999999545e+02 2.371999999999999886e+01 1.673000000000000043e+01
-7.883899999999999864e+02 2.985000000000000142e+01 2.907999999999999829e+01
-7.880399999999999636e+02 1.871999999999999886e+01 1.244999999999999929e+01
-7.884199999999999591e+02 8.539999999999999147e+00 4.585999999999999943e+01
