-7.885000000000000000e+02 1.111999999999999922e+01 4.822999999999999687e+01
-7.883500000000000227e+02 2.691000000000000014e+01 1.976999999999999957e+01
-7.880599999999999454e+02 1.962999999999999901e+01 1.396000000000000085e+01
-7.881499999999999773e+02 4.075999999999999801e+01 9.599999999999999645e-01
-7.881699999999999591e+02 3.943999999999999773e+01 4.469999999999999751e+00
-7.885000000000000000e+02 1.653000000000000114e+01 4.682000000000000028e+01
-7.880700000000000500e+02 3.363000000000000256e+01 4.339999999999999858e+00
-7.877899999999999636e+02 3.114999999999999858e+01 3.499999999999999778e-01
-7.884900000000000091e+02 3.557999999999999829e+01 4.089000000000000057e+01
-7.881000000000000227e+02 2.767000000000000171e+01 7.940000000000000391e+00
-7.879500000000000455e+02 1.748000000000000043e+01 2.357000000000000028e+01
-7.883400000000000318e+02 1.637999999999999901e+01 3.221999999999999886e+01
-7.884900000000000091e+02 4.829999999999999716e+01 4.003999999999999915e+01
-7.885700000000000500e+02 2.400000000000000000e+01 4.660999999999999943e+01
-7.879400000000000546e+02 1.675000000000000000e+01 2.841000000000000014e+01
-7.886100000000000136e+02 3.475999999999999801e+01 4.689000000000000057e+01
-7.881699999999999591e+02 3.484000000000000341e+01 8.560000000000000497e+00
-7.883999999999999773e+02 1.648999999999999844e+01 4.056000000000000227e+01
-7.880499999999999545e+02 3.925000000000000000e+01 6.099999999999999867e-01
-7.884099999999999682e+02 8.890000000000000568e+00 4.517999999999999972e+01
-7.879800000000000182e+02 2.114999999999999858e+01 9.050000000000000711e+00
-7.879900000000000091e+02 1.825000000000000000e+01 1.191000000000000014e+01
-7.885599999999999454e+02 4.247999999999999687e+01 4.377000000000000313e+01
-7.882699999999999818e+02 2.985999999999999943e+01 1.182000000000000028e+01
-7.883400000000000318e+02 5.230000000000000426e+00 4.392000000000000171e+01
-7.881900000000000546e+02 1.908999999999999986e+01 2.958999999999999986e+01
-7.884099999999999682e+02 3.739999999999999858e+01 2.673999999999999844e+01
-7.883999999999999773e+02 2.421000000000000085e+01 3.497999999999999687e+01
-7.883099999999999454e+02 2.119000000000000128e+01 2.871999999999999886e+01
-7.884099999999999682e+02 3.042999999999999972e+01 3.235000000000000142e+01
-7.884099999999999682e+02 2.709999999999999964e+00 4.686999999999999744e+01
-7.879900000000000091e+02 2.767000000000000171e+01 3.779999999999999805e+00
-7.879400000000000546e+02 3.456000000000000227e+01 5.200000000000000178e-01
-7.877999999999999545e+02 2.362000000000000099e+01 5.309999999999999609e+00
-7.881900000000000546e+02 2.173999999999999844e+01 2.719999999999999929e+01
-7.878300000000000409e+02 1.342999999999999972e+01 3.153000000000000114e+01
-7.883200000000000500e+02 8.560000000000000497e+00 3.721000000000000085e+01
-7.881299999999999955e+02 2.755000000000000071e+01 1.427999999999999936e+01
-7.885000000000000000e+02 2.589000000000000057e+01 4.407999999999999829e+01
-7.882400000000000091e+02 1.061999999999999922e+01 3.485000000000000142e+01
-7.882799999999999727e+02 2.360999999999999943e+01 1.658999999999999986e+01
-7.880399999999999636e+02 3.062000000000000099e+01 3.569999999999999840e+00
-7.883600000000000136e+02 2.830999999999999872e+01 2.960999999999999943e+01
-7.884500000000000455e+02 8.269999999999999574e+00 4.659000000000000341e+01
-7.882300000000000182e+02 1.158000000000000007e+01 3.484000000000000341e+01
-7.877599999999999909e+02 2.567000000000000171e+01 3.520000000000000018e+00
-7.883300000000000409e+02 2.428999999999999915e+01 1.885000000000000142e+01
-7.884500000000000455e+02 4.154999999999999716e+01 4.060000000000000142e+01
-7.878600000000000136e+02 1.451999999999999957e+01 2.814999999999999858e+01
-7.884299999999999500e+02 4.342999999999999972e+01 3.635999999999999943e+01
-7.882899999999999636e+02 1.667999999999999972e+01 3.144999999999999929e+01
-7.881900000000000546e+02 3.582999999999999829e+01 8.580000000000000071e+00
-7.880099999999999909e+02 2.839000000000000057e+01 3.810000000000000053e+00
-7.883400000000000318e+02 7.919999999999999929e+00 4.017000000000000171e+01
-7.885700000000000500e+02 4.067000000000000171e+01 4.470000000000000284e+01
-7.878700000000000045e+02 1.712000000000000099e+01 2.132000000000000028e+01
-7.882899999999999636e+02 2.185999999999999943e+01 1.923000000000000043e+01
-7.883500000000000227e+02 4.919999999999999929e+00 4.413000000000000256e+01
-7.882200000000000273e+02 1.930000000000000071e+01 2.933999999999999986e+01
-7.881399999999999864e+02 3.675999999999999801e+01 5.429999999999999716e+00
-7.885199999999999818e+02 1.905000000000000071e+01 4.570000000000000284e+01
-7.883899999999999864e+02 2.367000000000000171e+01 3.461999999999999744e+01
-7.884199999999999591e+02 4.071999999999999886e+01 2.844999999999999929e+01
-7.884700000000000273e+02 7.190000000000000391e+00 4.799000000000000199e+01
-7.879800000000000182e+02 2.123999999999999844e+01 8.929999999999999716e+00
-7.883799999999999955e+02 1.465000000000000036e+01 4.067000000000000171e+01
-7.885599999999999454e+02 2.616000000000000014e+01 4.571000000000000085e+01
-7.885399999999999636e+02 2.975000000000000000e+01 4.439000000000000057e+01
-7.883400000000000318e+02 2.230000000000000071e+01 2.889000000000000057e+01
-7.880599999999999454e+02 2.191000000000000014e+01 1.016999999999999993e+01
-7.881100000000000136e+02 2.651000000000000156e+01 1.218999999999999950e+01
-7.882999999999999545e+02 2.312000000000000099e+01 1.764000000000000057e+01
-7.880800000000000409e+02 3.907999999999999829e+01 2.390000000000000124e+00
-7.877999999999999545e+02 2.828000000000000114e+01 2.290000000000000036e+00
-7.880900000000000318e+02 2.419999999999999929e+01 1.007000000000000028e+01
-7.878099999999999454e+02 3.478000000000000114e+01 0.000000000000000000e+00
-7.884500000000000455e+02 6.030000000000000249e+00 4.721000000000000085e+01
-7.885800000000000409e+02 3.231000000000000227e+01 4.609000000000000341e+01
-7.882500000000000000e+02 2.780000000000000071e+01 1.149000000000000021e+01
-7.880800000000000409e+02 2.303000000000000114e+01 1.258000000000000007e+01
-7.885599999999999454e+02 4.214000000000000057e+01 4.379999999999999716e+01
-7.884700000000000273e+02 4.878000000000000114e+01 3.495000000000000284e+01
-7.879900000000000091e+02 3.203000000000000114e+01 2.569999999999999840e+00
-7.883500000000000227e+02 6.120000000000000107e+00 4.225999999999999801e+01
-7.882999999999999545e+02 2.371999999999999886e+01 1.673000000000000043e+01
-7.882400000000000091e+02 1.878999999999999915e+01 3.041000000000000014e+01
-7.880900000000000318e+02 4.234000000000000341e+01 5.100000000000000089e-01
-7.881399999999999864e+02 3.678000000000000114e+01 5.120000000000000107e+00
-7.884400000000000546e+02 1.283000000000000007e+01 4.596000000000000085e+01
-7.878099999999999454e+02 2.362000000000000099e+01 5.440000000000000391e+00
-7.879900000000000091e+02 2.994999999999999929e+01 3.479999999999999982e+00
-7.884199999999999591e+02 4.650000000000000355e+00 4.689000000000000057e+01
-7.881000000000000227e+02 2.433999999999999986e+01 1.134999999999999964e+01
-7.882599999999999909e+02 2.857000000000000028e+01 1.393999999999999950e+01
-7.880299999999999727e+02 2.178000000000000114e+01 9.849999999999999645e+00
-7.881200000000000045e+02 2.658999999999999986e+01 1.341999999999999993e+01
-7.885700000000000500e+02 3.051999999999999957e+01 4.536999999999999744e+01
-7.885199999999999818e+02 3.696999999999999886e+01 4.224000000000000199e+01
-7.885499999999999545e+02 2.717999999999999972e+01 4.535000000000000142e+01
-7.885700000000000500e+02 2.778000000000000114e+01 4.607000000000000028e+01
-7.883700000000000045e+02 1.465000000000000036e+01 3.639000000000000057e+01
-7.881699999999999591e+02 3.489000000000000057e+01 7.839999999999999858e+00
-7.878099999999999454e+02 2.812999999999999901e+01 2.580000000000000071e+00
-7.882999999999999545e+02 2.203000000000000114e+01 1.971999999999999886e+01
-7.883500000000000227e+02 1.214000000000000057e+01 3.985999999999999943e+01
-7.883899999999999864e+02 3.657000000000000028e+01 2.780000000000000071e+01
-7.883300000000000409e+02 2.457999999999999829e+01 1.850000000000000000e+01
-7.883500000000000227e+02 1.860999999999999943e+01 3.304999999999999716e+01
-7.880499999999999545e+02 3.000000000000000000e+01 6.160000000000000142e+00
-7.885000000000000000e+02 1.258000000000000007e+01 4.810000000000000142e+01
-7.883799999999999955e+02 2.671999999999999886e+01 3.119000000000000128e+01
-7.883899999999999864e+02 2.185000000000000142e+01 3.810000000000000142e+01
-7.885099999999999909e+02 2.042999999999999972e+01 4.542000000000000171e+01
-7.882799999999999727e+02 2.069000000000000128e+01 2.823999999999999844e+01
-7.882400000000000091e+02 1.061999999999999922e+01 3.485000000000000142e+01
-7.879900000000000091e+02 2.048999999999999844e+01 9.599999999999999645e+00
-7.883400000000000318e+02 8.740000000000000213e+00 3.813000000000000256e+01
-7.883700000000000045e+02 3.220000000000000284e+01 2.580999999999999872e+01
-7.880299999999999727e+02 2.498000000000000043e+01 6.650000000000000355e+00
-7.885800000000000409e+02 2.685000000000000142e+01 4.703000000000000114e+01
-7.885199999999999818e+02 3.778999999999999915e+01 4.204999999999999716e+01
-7.885399999999999636e+02 2.807000000000000028e+01 4.461999999999999744e+01
-7.881900000000000546e+02 1.912000000000000099e+01 2.955999999999999872e+01
-7.883799999999999955e+02 6.500000000000000000e+00 4.295000000000000284e+01
-7.884600000000000364e+02 4.764999999999999858e+01 3.465999999999999659e+01
-7.882599999999999909e+02 1.919000000000000128e+01 3.019999999999999929e+01
-7.883099999999999454e+02 2.380000000000000071e+01 1.592999999999999972e+01
-7.877300000000000182e+02 2.594000000000000128e+01 3.169999999999999929e+00
