-7.883999999999999773e+02 1.648999999999999844e+01 4.056000000000000227e+01
-7.881900000000000546e+02 2.173999999999999844e+01 2.719999999999999929e+01
-7.884099999999999682e+02 2.509999999999999787e+00 4.707000000000000028e+01
-7.884099999999999682e+02 8.890000000000000568e+00 4.517999999999999972e+01
-7.883200000000000500e+02 8.560000000000000497e+00 3.721000000000000085e+01
-7.883099999999999454e+02 2.119000000000000128e+01 2.871999999999999886e+01
-7.879400000000000546e+02 3.456000000000000227e+01 5.200000000000000178e-01
-7.879400000000000546e+02 1.675000000000000000e+01 2.841000000000000014e+01
-7.884099999999999682e+02 3.739999999999999858e+01 2.673999999999999844e+01
-7.877999999999999545e+02 2.362000000000000099e+01 5.309999999999999609e+00
-7.881699999999999591e+02 3.943999999999999773e+01 4.469999999999999751e+00
-7.881499999999999773e+02 4.075999999999999801e+01 9.599999999999999645e-01
-7.883400000000000318e+02 3.839999999999999858e+00 4.574000000000000199e+01
-7.880800000000000409e+02 2.473000000000000043e+01 9.269999999999999574e+00
-7.883099999999999454e+02 2.405999999999999872e+01 1.541000000000000014e+01
-7.884800000000000182e+02 4.850000000000000000e+01 3.897999999999999687e+01
-7.883999999999999773e+02 2.421000000000000085e+01 3.497999999999999687e+01
-7.882200000000000273e+02 3.447999999999999687e+01 9.609999999999999432e+00
-7.879500000000000455e+02 2.757999999999999829e+01 4.120000000000000107e+00
-7.882699999999999818e+02 2.985999999999999943e+01 1.182000000000000028e+01
-7.882400000000000091e+02 1.061999999999999922e+01 3.485000000000000142e+01
-7.879800000000000182e+02 2.114999999999999858e+01 9.050000000000000711e+00
-7.880700000000000500e+02 3.363000000000000256e+01 4.339999999999999858e+00
-7.880499999999999545e+02 3.925000000000000000e+01 6.099999999999999867e-01
-7.878099999999999454e+02 1.341000000000000014e+01 3.123999999999999844e+01
-7.885000000000000000e+02 1.653000000000000114e+01 4.682000000000000028e+01
-7.881200000000000045e+02 2.658999999999999986e+01 1.341999999999999993e+01
-7.881900000000000546e+02 1.908999999999999986e+01 2.958999999999999986e+01
-7.879900000000000091e+02 1.825000000000000000e+01 1.191000000000000014e+01
-7.884099999999999682e+02 3.042999999999999972e+01 3.235000000000000142e+01
-7.885700000000000500e+02 2.400000000000000000e+01 4.660999999999999943e+01
-7.880599999999999454e+02 1.962999999999999901e+01 1.396000000000000085e+01
-7.879500000000000455e+02 1.748000000000000043e+01 2.357000000000000028e+01
-7.884900000000000091e+02 3.557999999999999829e+01 4.089000000000000057e+01
-7.877899999999999636e+02 3.114999999999999858e+01 3.499999999999999778e-01
-7.885900000000000318e+02 4.432999999999999829e+01 4.581000000000000227e+01
-7.885000000000000000e+02 1.111999999999999922e+01 4.822999999999999687e+01
-7.883400000000000318e+02 2.669000000000000128e+01 1.975000000000000000e+01
-7.885000000000000000e+02 2.589000000000000057e+01 4.407999999999999829e+01
-7.883300000000000409e+02 1.567999999999999972e+01 3.311999999999999744e+01
-7.886100000000000136e+02 3.475999999999999801e+01 4.689000000000000057e+01
-7.881499999999999773e+02 3.066000000000000014e+01 8.630000000000000782e+00
-7.883799999999999955e+02 2.671999999999999886e+01 3.119000000000000128e+01
-7.880000000000000000e+02 1.835999999999999943e+01 1.174000000000000021e+01
-7.877999999999999545e+02 3.290999999999999659e+01 9.499999999999999556e-01
-7.883500000000000227e+02 2.691000000000000014e+01 1.976999999999999957e+01
-7.885800000000000409e+02 3.231000000000000227e+01 4.609000000000000341e+01
-7.884099999999999682e+02 3.589999999999999858e+00 4.671000000000000085e+01
-7.885000000000000000e+02 1.258000000000000007e+01 4.810000000000000142e+01
-7.885800000000000409e+02 2.685000000000000142e+01 4.703000000000000114e+01
-7.881399999999999864e+02 3.025000000000000000e+01 8.050000000000000711e+00
-7.881000000000000227e+02 2.433999999999999986e+01 1.134999999999999964e+01
-7.878500000000000227e+02 1.694999999999999929e+01 2.592000000000000171e+01
-7.880199999999999818e+02 3.447999999999999687e+01 1.020000000000000018e+00
-7.883600000000000136e+02 4.889999999999999680e+00 4.290999999999999659e+01
-7.883799999999999955e+02 3.414000000000000057e+01 2.757999999999999829e+01
-7.882300000000000182e+02 1.912000000000000099e+01 3.014000000000000057e+01
-7.883200000000000500e+02 2.298999999999999844e+01 1.764999999999999858e+01
-7.882999999999999545e+02 2.203000000000000114e+01 1.971999999999999886e+01
-7.883700000000000045e+02 1.885999999999999943e+01 3.236999999999999744e+01
-7.880900000000000318e+02 3.302000000000000313e+01 4.660000000000000142e+00
-7.882799999999999727e+02 2.069000000000000128e+01 2.823999999999999844e+01
-7.880399999999999636e+02 1.907000000000000028e+01 1.274000000000000021e+01
-7.885399999999999636e+02 3.885000000000000142e+01 4.272999999999999687e+01
-7.881900000000000546e+02 3.915999999999999659e+01 5.330000000000000071e+00
-7.884900000000000091e+02 4.829999999999999716e+01 4.003999999999999915e+01
-7.878099999999999454e+02 2.362000000000000099e+01 5.440000000000000391e+00
-7.882400000000000091e+02 1.061999999999999922e+01 3.485000000000000142e+01
-7.880299999999999727e+02 2.498000000000000043e+01 6.650000000000000355e+00
-7.884900000000000091e+02 1.426999999999999957e+01 4.560999999999999943e+01
-7.885700000000000500e+02 4.067000000000000171e+01 4.470000000000000284e+01
-7.884900000000000091e+02 2.805000000000000071e+01 4.171000000000000085e+01
-7.884500000000000455e+02 9.289999999999999147e+00 4.717999999999999972e+01
-7.882699999999999818e+02 2.732999999999999829e+01 1.316000000000000014e+01
-7.880199999999999818e+02 2.207999999999999829e+01 9.210000000000000853e+00
-7.882300000000000182e+02 2.719000000000000128e+01 1.308999999999999986e+01
-7.883400000000000318e+02 1.810000000000000142e+01 3.032999999999999829e+01
-7.878600000000000136e+02 1.451999999999999957e+01 2.814999999999999858e+01
-7.883799999999999955e+02 1.478999999999999915e+01 4.014000000000000057e+01
-7.879400000000000546e+02 1.676999999999999957e+01 2.837000000000000099e+01
-7.880800000000000409e+02 3.907999999999999829e+01 2.390000000000000124e+00
-7.883400000000000318e+02 1.183999999999999986e+01 3.699000000000000199e+01
-7.883700000000000045e+02 3.220000000000000284e+01 2.580999999999999872e+01
-7.878200000000000500e+02 2.787000000000000099e+01 2.799999999999999822e+00
-7.884700000000000273e+02 2.146000000000000085e+01 4.181000000000000227e+01
-7.883500000000000227e+02 1.315000000000000036e+01 3.792000000000000171e+01
-7.880499999999999545e+02 3.119000000000000128e+01 3.399999999999999911e+00
-7.880800000000000409e+02 2.291000000000000014e+01 1.199000000000000021e+01
-7.881900000000000546e+02 3.950000000000000000e+01 4.290000000000000036e+00
-7.879900000000000091e+02 3.203000000000000114e+01 2.569999999999999840e+00
-7.884199999999999591e+02 4.650000000000000355e+00 4.689000000000000057e+01
-7.883300000000000409e+02 2.457999999999999829e+01 1.850000000000000000e+01
-7.885399999999999636e+02 2.069999999999999929e+01 4.665999999999999659e+01
-7.882599999999999909e+02 1.919000000000000128e+01 3.019999999999999929e+01
-7.881000000000000227e+02 2.767000000000000171e+01 7.940000000000000391e+00
-7.883400000000000318e+02 7.919999999999999929e+00 4.017000000000000171e+01
-7.882100000000000364e+02 2.146000000000000085e+01 2.753999999999999915e+01
-7.885700000000000500e+02 2.892999999999999972e+01 4.563000000000000256e+01
-7.877899999999999636e+02 2.680000000000000071e+01 2.950000000000000178e+00
-7.883600000000000136e+02 2.621000000000000085e+01 3.116000000000000014e+01
-7.879500000000000455e+02 2.476999999999999957e+01 7.360000000000000320e+00
-7.878700000000000045e+02 1.712000000000000099e+01 2.132000000000000028e+01
-7.885700000000000500e+02 2.737999999999999901e+01 4.625000000000000000e+01
-7.880299999999999727e+02 3.703999999999999915e+01 1.919999999999999929e+00
-7.883099999999999454e+02 2.380000000000000071e+01 1.592999999999999972e+01
-7.884299999999999500e+02 4.342999999999999972e+01 3.635999999999999943e+01
-7.883500000000000227e+02 6.120000000000000107e+00 4.225999999999999801e+01
-7.882500000000000000e+02 2.780000000000000071e+01 1.149000000000000021e+01
-7.885599999999999454e+02 4.242000000000000171e+01 4.357000000000000028e+01
-7.881100000000000136e+02 2.651000000000000156e+01 1.218999999999999950e+01
-7.881299999999999955e+02 3.082999999999999829e+01 7.719999999999999751e+00
-7.883200000000000500e+02 1.671000000000000085e+01 3.166000000000000014e+01
-7.884700000000000273e+02 7.190000000000000391e+00 4.799000000000000199e+01
-7.878300000000000409e+02 1.342999999999999972e+01 3.153000000000000114e+01
-7.884600000000000364e+02 3.539999999999999858e+01 3.982999999999999829e+01
-7.879900000000000091e+02 2.637999999999999901e+01 4.679999999999999716e+00
-7.882400000000000091e+02 1.075999999999999979e+01 3.479999999999999716e+01
-7.883700000000000045e+02 1.091999999999999993e+01 4.100000000000000000e+01
-7.883999999999999773e+02 2.496999999999999886e+01 3.417999999999999972e+01
-7.885800000000000409e+02 4.120000000000000284e+01 4.496999999999999886e+01
-7.883400000000000318e+02 8.740000000000000213e+00 3.813000000000000256e+01
-7.881699999999999591e+02 3.484000000000000341e+01 8.560000000000000497e+00
-7.881399999999999864e+02 3.675999999999999801e+01 5.429999999999999716e+00
-7.878600000000000136e+02 1.416999999999999993e+01 2.869999999999999929e+01
-7.880900000000000318e+02 4.234000000000000341e+01 5.100000000000000089e-01
-7.883099999999999454e+02 2.301999999999999957e+01 1.687000000000000099e+01
-7.885499999999999545e+02 3.005000000000000071e+01 4.506000000000000227e+01
-7.880700000000000500e+02 2.416000000000000014e+01 8.869999999999999218e+00
