-7.883200000000000500e+02 8.560000000000000497e+00 3.721000000000000085e+01
-7.885000000000000000e+02 1.653000000000000114e+01 4.682000000000000028e+01
-7.879500000000000455e+02 2.757999999999999829e+01 4.120000000000000107e+00
-7.884099999999999682e+02 2.509999999999999787e+00 4.707000000000000028e+01
-7.878099999999999454e+02 1.341000000000000014e+01 3.123999999999999844e+01
-7.880499999999999545e+02 3.925000000000000000e+01 6.099999999999999867e-01
-7.877999999999999545e+02 2.362000000000000099e+01 5.309999999999999609e+00
-7.884099999999999682e+02 8.890000000000000568e+00 4.517999999999999972e+01
-7.886100000000000136e+02 3.475999999999999801e+01 4.689000000000000057e+01
-7.883899999999999864e+02 2.251999999999999957e+01 3.507000000000000028e+01
-7.883400000000000318e+02 3.839999999999999858e+00 4.574000000000000199e+01
-7.883400000000000318e+02 2.669000000000000128e+01 1.975000000000000000e+01
-7.885700000000000500e+02 2.400000000000000000e+01 4.660999999999999943e+01
-7.879500000000000455e+02 1.748000000000000043e+01 2.357000000000000028e+01
-7.883300000000000409e+02 1.567999999999999972e+01 3.311999999999999744e+01
-7.879800000000000182e+02 2.114999999999999858e+01 9.050000000000000711e+00
-7.879400000000000546e+02 3.456000000000000227e+01 5.200000000000000178e-01
-7.879500000000000455e+02 1.655999999999999872e+01 2.996000000000000085e+01
-7.881200000000000045e+02 2.658999999999999986e+01 1.341999999999999993e+01
-7.882200000000000273e+02 3.447999999999999687e+01 9.609999999999999432e+00
-7.881499999999999773e+02 3.066000000000000014e+01 8.630000000000000782e+00
-7.883099999999999454e+02 2.119000000000000128e+01 2.871999999999999886e+01
-7.882699999999999818e+02 2.939999999999999858e+01 1.148000000000000043e+01
-7.884800000000000182e+02 4.850000000000000000e+01 3.897999999999999687e+01
-7.883999999999999773e+02 1.648999999999999844e+01 4.050999999999999801e+01
-7.885000000000000000e+02 2.589000000000000057e+01 4.407999999999999829e+01
-7.879900000000000091e+02 1.825000000000000000e+01 1.191000000000000014e+01
-7.885000000000000000e+02 1.111999999999999922e+01 4.822999999999999687e+01
-7.881499999999999773e+02 4.075999999999999801e+01 9.599999999999999645e-01
-7.882500000000000000e+02 1.024000000000000021e+01 3.603999999999999915e+01
-7.881900000000000546e+02 1.908999999999999986e+01 2.958999999999999986e+01
-7.884900000000000091e+02 3.557999999999999829e+01 4.089000000000000057e+01
-7.885900000000000318e+02 4.432999999999999829e+01 4.581000000000000227e+01
-7.882999999999999545e+02 2.203000000000000114e+01 1.971999999999999886e+01
-7.884099999999999682e+02 3.267999999999999972e+01 3.153000000000000114e+01
-7.880599999999999454e+02 1.962999999999999901e+01 1.396000000000000085e+01
-7.877899999999999636e+02 3.114999999999999858e+01 3.499999999999999778e-01
-7.880700000000000500e+02 2.508999999999999986e+01 8.210000000000000853e+00
-7.880700000000000500e+02 3.363000000000000256e+01 4.339999999999999858e+00
-7.882799999999999727e+02 2.430999999999999872e+01 1.499000000000000021e+01
-7.883999999999999773e+02 3.685000000000000142e+01 2.619999999999999929e+01
-7.881699999999999591e+02 3.943999999999999773e+01 4.469999999999999751e+00
-7.884099999999999682e+02 3.739999999999999858e+01 2.673999999999999844e+01
-7.884500000000000455e+02 8.240000000000000213e+00 4.721999999999999886e+01
-7.882500000000000000e+02 2.780000000000000071e+01 1.149000000000000021e+01
-7.880199999999999818e+02 2.826999999999999957e+01 5.830000000000000071e+00
-7.883999999999999773e+02 1.748000000000000043e+01 4.032999999999999829e+01
-7.880099999999999909e+02 2.958999999999999986e+01 2.850000000000000089e+00
-7.882799999999999727e+02 2.148999999999999844e+01 1.741000000000000014e+01
-7.881900000000000546e+02 2.098999999999999844e+01 2.803999999999999915e+01
-7.878600000000000136e+02 1.451999999999999957e+01 2.814999999999999858e+01
-7.880800000000000409e+02 3.878000000000000114e+01 2.470000000000000195e+00
-7.877999999999999545e+02 2.394999999999999929e+01 5.129999999999999893e+00
-7.884199999999999591e+02 3.229999999999999982e+00 4.699000000000000199e+01
-7.885700000000000500e+02 4.067000000000000171e+01 4.470000000000000284e+01
-7.883600000000000136e+02 2.621000000000000085e+01 3.116000000000000014e+01
-7.885800000000000409e+02 2.685000000000000142e+01 4.703000000000000114e+01
-7.885499999999999545e+02 3.222999999999999687e+01 4.378000000000000114e+01
-7.880499999999999545e+02 3.119000000000000128e+01 3.399999999999999911e+00
-7.881100000000000136e+02 2.651000000000000156e+01 1.218999999999999950e+01
-7.881699999999999591e+02 3.484000000000000341e+01 8.560000000000000497e+00
-7.881000000000000227e+02 2.767000000000000171e+01 7.940000000000000391e+00
-7.877999999999999545e+02 2.817999999999999972e+01 2.020000000000000018e+00
-7.885000000000000000e+02 2.007000000000000028e+01 4.667999999999999972e+01
-7.883600000000000136e+02 1.810000000000000142e+01 3.296999999999999886e+01
-7.884800000000000182e+02 2.180999999999999872e+01 4.324000000000000199e+01
-7.880199999999999818e+02 2.207999999999999829e+01 9.210000000000000853e+00
-7.883600000000000136e+02 4.780000000000000249e+00 4.296999999999999886e+01
-7.878700000000000045e+02 1.712000000000000099e+01 2.132000000000000028e+01
-7.880700000000000500e+02 2.226000000000000156e+01 1.367999999999999972e+01
-7.882400000000000091e+02 1.969000000000000128e+01 2.958999999999999986e+01
-7.885000000000000000e+02 1.258000000000000007e+01 4.810000000000000142e+01
-7.883300000000000409e+02 2.457999999999999829e+01 1.850000000000000000e+01
-7.883099999999999454e+02 6.910000000000000142e+00 4.221999999999999886e+01
-7.881900000000000546e+02 3.950000000000000000e+01 4.290000000000000036e+00
-7.879299999999999500e+02 1.644999999999999929e+01 2.876999999999999957e+01
-7.883300000000000409e+02 2.276000000000000156e+01 2.925000000000000000e+01
-7.884299999999999500e+02 2.937000000000000099e+01 3.732999999999999829e+01
-7.884700000000000273e+02 4.964999999999999858e+01 3.889999999999999858e+01
-7.883999999999999773e+02 2.496999999999999886e+01 3.417999999999999972e+01
-7.885800000000000409e+02 3.164000000000000057e+01 4.567999999999999972e+01
-7.883500000000000227e+02 2.691000000000000014e+01 1.976999999999999957e+01
-7.884199999999999591e+02 2.630000000000000071e+01 3.907000000000000028e+01
-7.878999999999999773e+02 2.351999999999999957e+01 6.049999999999999822e+00
-7.877999999999999545e+02 3.290999999999999659e+01 9.499999999999999556e-01
-7.885700000000000500e+02 2.721999999999999886e+01 4.627000000000000313e+01
-7.883799999999999955e+02 3.069999999999999840e+00 4.588000000000000256e+01
-7.880800000000000409e+02 2.291000000000000014e+01 1.199000000000000021e+01
-7.884900000000000091e+02 2.805000000000000071e+01 4.171000000000000085e+01
-7.884099999999999682e+02 3.042999999999999972e+01 3.235000000000000142e+01
-7.883899999999999864e+02 1.717999999999999972e+01 3.845000000000000284e+01
-7.881799999999999500e+02 3.932999999999999829e+01 4.889999999999999680e+00
-7.882899999999999636e+02 1.839999999999999858e+01 3.069999999999999929e+01
-7.881399999999999864e+02 3.025000000000000000e+01 8.050000000000000711e+00
-7.883700000000000045e+02 3.220000000000000284e+01 2.580999999999999872e+01
-7.883600000000000136e+02 4.889999999999999680e+00 4.290999999999999659e+01
-7.883099999999999454e+02 2.380000000000000071e+01 1.592999999999999972e+01
-7.878600000000000136e+02 1.452999999999999936e+01 2.812000000000000099e+01
-7.883200000000000500e+02 1.042999999999999972e+01 3.457000000000000028e+01
-7.882300000000000182e+02 1.912000000000000099e+01 3.014000000000000057e+01
-7.884299999999999500e+02 4.342999999999999972e+01 3.635999999999999943e+01
-7.882300000000000182e+02 3.246000000000000085e+01 1.027999999999999936e+01
-7.880299999999999727e+02 3.703999999999999915e+01 1.919999999999999929e+00
-7.882100000000000364e+02 2.146000000000000085e+01 2.753999999999999915e+01
-7.880900000000000318e+02 2.655999999999999872e+01 7.750000000000000000e+00
-7.880199999999999818e+02 3.447999999999999687e+01 1.020000000000000018e+00
-7.885800000000000409e+02 4.120000000000000284e+01 4.496999999999999886e+01
-7.884500000000000455e+02 9.289999999999999147e+00 4.717999999999999972e+01
-7.882500000000000000e+02 2.044999999999999929e+01 2.953999999999999915e+01
-7.880000000000000000e+02 1.832999999999999829e+01 1.158000000000000007e+01
-7.884700000000000273e+02 7.190000000000000391e+00 4.799000000000000199e+01
-7.881100000000000136e+02 2.544999999999999929e+01 1.234999999999999964e+01
-7.885099999999999909e+02 2.123000000000000043e+01 4.682999999999999829e+01
-7.880399999999999636e+02 3.629999999999999716e+01 2.629999999999999893e+00
-7.879700000000000273e+02 3.005999999999999872e+01 2.500000000000000000e+00
-7.879400000000000546e+02 1.694000000000000128e+01 2.767999999999999972e+01
-7.878500000000000227e+02 1.694999999999999929e+01 2.592000000000000171e+01
-7.885199999999999818e+02 3.239999999999999858e+01 4.253999999999999915e+01
-7.880700000000000500e+02 2.803000000000000114e+01 6.580000000000000071e+00
-7.884700000000000273e+02 2.208999999999999986e+01 4.154999999999999716e+01
-7.883400000000000318e+02 1.165000000000000036e+01 3.389000000000000057e+01
-7.884199999999999591e+02 4.650000000000000355e+00 4.689000000000000057e+01
-7.883700000000000045e+02 1.885999999999999943e+01 3.236999999999999744e+01
-7.881699999999999591e+02 3.885000000000000142e+01 5.709999999999999964e+00
-7.880099999999999909e+02 2.153999999999999915e+01 8.949999999999999289e+00
-7.880800000000000409e+02 4.309000000000000341e+01 6.700000000000000400e-01
-7.880399999999999636e+02 1.907000000000000028e+01 1.274000000000000021e+01
-7.884600000000000364e+02 4.543999999999999773e+01 3.600000000000000000e+01
