-7.883999999999999773e+02 1.648999999999999844e+01 4.050999999999999801e+01
-7.883200000000000500e+02 8.560000000000000497e+00 3.721000000000000085e+01
-7.877999999999999545e+02 2.362000000000000099e+01 5.309999999999999609e+00
-7.886100000000000136e+02 3.475999999999999801e+01 4.689000000000000057e+01
-7.879800000000000182e+02 2.114999999999999858e+01 9.050000000000000711e+00
-7.882000000000000455e+02 1.821000000000000085e+01 3.078999999999999915e+01
-7.879600000000000364e+02 2.673999999999999844e+01 4.040000000000000036e+00
-7.882500000000000000e+02 1.024000000000000021e+01 3.603999999999999915e+01
-7.881200000000000045e+02 2.601999999999999957e+01 1.328999999999999915e+01
-7.884800000000000182e+02 9.310000000000000497e+00 4.796999999999999886e+01
-7.882300000000000182e+02 3.525000000000000000e+01 8.679999999999999716e+00
-7.882999999999999545e+02 2.203000000000000114e+01 1.971999999999999886e+01
-7.881499999999999773e+02 3.066000000000000014e+01 8.630000000000000782e+00
-7.885099999999999909e+02 2.412999999999999901e+01 4.329999999999999716e+01
-7.881000000000000227e+02 3.098000000000000043e+01 5.000000000000000000e+00
-7.885900000000000318e+02 4.432999999999999829e+01 4.581000000000000227e+01
-7.883099999999999454e+02 1.478999999999999915e+01 3.318999999999999773e+01
-7.880499999999999545e+02 1.996000000000000085e+01 1.340000000000000036e+01
-7.878600000000000136e+02 3.796999999999999886e+01 2.000000000000000111e-01
-7.883099999999999454e+02 2.119000000000000128e+01 2.837999999999999901e+01
-7.883600000000000136e+02 4.780000000000000249e+00 4.296999999999999886e+01
-7.883400000000000318e+02 2.669000000000000128e+01 1.975000000000000000e+01
-7.883899999999999864e+02 2.132999999999999829e+01 3.317999999999999972e+01
-7.882799999999999727e+02 2.430999999999999872e+01 1.499000000000000021e+01
-7.882699999999999818e+02 2.939999999999999858e+01 1.148000000000000043e+01
-7.878700000000000045e+02 1.642000000000000171e+01 2.285999999999999943e+01
-7.878099999999999454e+02 1.341000000000000014e+01 3.123999999999999844e+01
-7.877799999999999727e+02 2.858999999999999986e+01 1.199999999999999956e-01
-7.881699999999999591e+02 3.943999999999999773e+01 4.469999999999999751e+00
-7.879500000000000455e+02 1.655999999999999872e+01 2.996000000000000085e+01
-7.880700000000000500e+02 2.508999999999999986e+01 8.210000000000000853e+00
-7.884800000000000182e+02 4.850000000000000000e+01 3.897999999999999687e+01
-7.884099999999999682e+02 2.509999999999999787e+00 4.707000000000000028e+01
-7.881699999999999591e+02 4.036999999999999744e+01 1.070000000000000062e+00
-7.884099999999999682e+02 3.267999999999999972e+01 3.153000000000000114e+01
-7.884099999999999682e+02 8.890000000000000568e+00 4.517999999999999972e+01
-7.886000000000000227e+02 2.696999999999999886e+01 4.735000000000000142e+01
-7.880499999999999545e+02 3.925000000000000000e+01 6.099999999999999867e-01
-7.883899999999999864e+02 3.771999999999999886e+01 2.608999999999999986e+01
-7.879900000000000091e+02 1.825000000000000000e+01 1.191000000000000014e+01
-7.884900000000000091e+02 3.557999999999999829e+01 4.089000000000000057e+01
-7.885000000000000000e+02 1.619000000000000128e+01 4.603999999999999915e+01
-7.885900000000000318e+02 3.142000000000000171e+01 4.707000000000000028e+01
-7.883700000000000045e+02 5.519999999999999574e+00 4.293999999999999773e+01
-7.880800000000000409e+02 2.275000000000000000e+01 1.332000000000000028e+01
-7.882100000000000364e+02 2.146000000000000085e+01 2.753999999999999915e+01
-7.885700000000000500e+02 2.400000000000000000e+01 4.660999999999999943e+01
-7.883500000000000227e+02 2.637000000000000099e+01 2.912000000000000099e+01
-7.884199999999999591e+02 3.819999999999999840e+00 4.695000000000000284e+01
-7.882200000000000273e+02 2.025000000000000000e+01 2.860000000000000142e+01
-7.881399999999999864e+02 3.525999999999999801e+01 6.089999999999999858e+00
-7.885800000000000409e+02 4.120000000000000284e+01 4.496999999999999886e+01
-7.883500000000000227e+02 1.555000000000000071e+01 3.207999999999999829e+01
-7.883999999999999773e+02 3.685000000000000142e+01 2.619999999999999929e+01
-7.881000000000000227e+02 4.222999999999999687e+01 8.000000000000000444e-01
-7.883899999999999864e+02 2.098999999999999844e+01 3.421999999999999886e+01
-7.878500000000000227e+02 1.422000000000000064e+01 3.406000000000000227e+01
-7.883600000000000136e+02 3.729999999999999982e+00 4.511999999999999744e+01
-7.877799999999999727e+02 2.837999999999999901e+01 9.899999999999999911e-01
-7.882000000000000455e+02 3.742000000000000171e+01 7.070000000000000284e+00
-7.880099999999999909e+02 2.153999999999999915e+01 8.949999999999999289e+00
-7.881599999999999682e+02 3.550000000000000000e+01 6.799999999999999822e+00
-7.880800000000000409e+02 2.928000000000000114e+01 5.679999999999999716e+00
-7.882500000000000000e+02 2.780000000000000071e+01 1.149000000000000021e+01
-7.880199999999999818e+02 3.447999999999999687e+01 1.020000000000000018e+00
-7.881200000000000045e+02 2.630999999999999872e+01 1.250999999999999979e+01
-7.879400000000000546e+02 1.676000000000000156e+01 2.428000000000000114e+01
-7.881000000000000227e+02 2.516000000000000014e+01 9.529999999999999361e+00
-7.883300000000000409e+02 7.719999999999999751e+00 4.197999999999999687e+01
-7.877999999999999545e+02 2.394999999999999929e+01 5.129999999999999893e+00
-7.880000000000000000e+02 2.583999999999999986e+01 6.839999999999999858e+00
-7.879299999999999500e+02 1.644999999999999929e+01 2.876999999999999957e+01
-7.885299999999999727e+02 2.737999999999999901e+01 4.343999999999999773e+01
-7.881499999999999773e+02 4.075999999999999801e+01 9.599999999999999645e-01
-7.883700000000000045e+02 2.932000000000000028e+01 2.155000000000000071e+01
-7.884199999999999591e+02 2.917000000000000171e+01 3.470000000000000284e+01
-7.885000000000000000e+02 1.258000000000000007e+01 4.810000000000000142e+01
-7.884700000000000273e+02 3.560000000000000142e+01 3.975999999999999801e+01
-7.884299999999999500e+02 1.812999999999999901e+01 4.152000000000000313e+01
-7.885199999999999818e+02 1.869999999999999929e+01 4.585999999999999943e+01
-7.883099999999999454e+02 2.250000000000000000e+01 1.628999999999999915e+01
-7.885099999999999909e+02 4.960999999999999943e+01 4.185000000000000142e+01
-7.882200000000000273e+02 2.017999999999999972e+01 2.867000000000000171e+01
-7.885099999999999909e+02 4.964999999999999858e+01 4.178999999999999915e+01
-7.880800000000000409e+02 2.291000000000000014e+01 1.199000000000000021e+01
-7.881200000000000045e+02 2.887000000000000099e+01 1.141999999999999993e+01
-7.877999999999999545e+02 2.817999999999999972e+01 2.020000000000000018e+00
-7.879700000000000273e+02 3.228000000000000114e+01 1.330000000000000071e+00
-7.885099999999999909e+02 1.707000000000000028e+01 4.596999999999999886e+01
-7.883899999999999864e+02 3.173999999999999844e+01 2.900000000000000000e+01
-7.884199999999999591e+02 3.892000000000000171e+01 3.064000000000000057e+01
-7.882400000000000091e+02 5.769999999999999574e+00 4.253000000000000114e+01
-7.878700000000000045e+02 1.712000000000000099e+01 2.132000000000000028e+01
-7.883200000000000500e+02 1.710000000000000142e+01 3.169000000000000128e+01
-7.885800000000000409e+02 4.103999999999999915e+01 4.502000000000000313e+01
-7.884900000000000091e+02 1.151999999999999957e+01 4.789000000000000057e+01
-7.878700000000000045e+02 2.526000000000000156e+01 4.620000000000000107e+00
-7.880099999999999909e+02 2.401000000000000156e+01 7.629999999999999893e+00
-7.886000000000000227e+02 3.765999999999999659e+01 4.617000000000000171e+01
-7.882000000000000455e+02 2.121000000000000085e+01 2.776999999999999957e+01
-7.884600000000000364e+02 2.205999999999999872e+01 4.142000000000000171e+01
-7.878600000000000136e+02 1.440000000000000036e+01 2.803999999999999915e+01
-7.880700000000000500e+02 2.446000000000000085e+01 8.689999999999999503e+00
-7.883700000000000045e+02 3.709999999999999964e+00 4.560000000000000142e+01
-7.883099999999999454e+02 2.380000000000000071e+01 1.592999999999999972e+01
-7.883700000000000045e+02 2.096999999999999886e+01 3.198999999999999844e+01
-7.881100000000000136e+02 3.271999999999999886e+01 5.959999999999999964e+00
-7.883500000000000227e+02 2.726999999999999957e+01 1.982000000000000028e+01
-7.881200000000000045e+02 3.725999999999999801e+01 3.350000000000000089e+00
-7.880800000000000409e+02 4.286999999999999744e+01 5.600000000000000533e-01
-7.881399999999999864e+02 3.500999999999999801e+01 6.280000000000000249e+00
-7.885599999999999454e+02 2.575000000000000000e+01 4.620000000000000284e+01
-7.883600000000000136e+02 4.889999999999999680e+00 4.290999999999999659e+01
-7.884299999999999500e+02 3.622999999999999687e+01 3.800000000000000000e+01
-7.883700000000000045e+02 1.582000000000000028e+01 3.982999999999999829e+01
-7.884299999999999500e+02 8.869999999999999218e+00 4.585999999999999943e+01
-7.880099999999999909e+02 2.660000000000000142e+01 4.669999999999999929e+00
-7.882300000000000182e+02 2.960000000000000142e+01 1.044999999999999929e+01
-7.883400000000000318e+02 2.396999999999999886e+01 2.880000000000000071e+01
-7.882799999999999727e+02 2.148999999999999844e+01 1.741000000000000014e+01
-7.881699999999999591e+02 3.657999999999999829e+01 7.280000000000000249e+00
-7.881900000000000546e+02 3.734000000000000341e+01 7.169999999999999929e+00
-7.879600000000000364e+02 2.637000000000000099e+01 4.059999999999999609e+00
-7.885599999999999454e+02 4.449000000000000199e+01 4.400999999999999801e+01
-7.884400000000000546e+02 8.640000000000000568e+00 4.613000000000000256e+01
-7.883999999999999773e+02 1.593999999999999950e+01 4.071000000000000085e+01
-7.878999999999999773e+02 2.351999999999999957e+01 6.049999999999999822e+00
-7.884299999999999500e+02 3.997999999999999687e+01 3.665999999999999659e+01
