-7.882000000000000455e+02 1.821000000000000085e+01 3.078999999999999915e+01
-7.883099999999999454e+02 1.478999999999999915e+01 3.318999999999999773e+01
-7.883999999999999773e+02 1.648999999999999844e+01 4.050999999999999801e+01
-7.882100000000000364e+02 2.146000000000000085e+01 2.753999999999999915e+01
-7.878700000000000045e+02 1.642000000000000171e+01 2.285999999999999943e+01
-7.877799999999999727e+02 2.858999999999999986e+01 1.199999999999999956e-01
-7.879400000000000546e+02 2.091000000000000014e+01 8.140000000000000568e+00
-7.883200000000000500e+02 2.110999999999999943e+01 2.757000000000000028e+01
-7.879500000000000455e+02 1.655999999999999872e+01 2.996000000000000085e+01
-7.883400000000000318e+02 2.400000000000000000e+01 1.835999999999999943e+01
-7.880499999999999545e+02 3.925000000000000000e+01 6.099999999999999867e-01
-7.884800000000000182e+02 9.310000000000000497e+00 4.796999999999999886e+01
-7.883999999999999773e+02 2.280000000000000071e+01 3.411999999999999744e+01
-7.885099999999999909e+02 2.412999999999999901e+01 4.329999999999999716e+01
-7.879600000000000364e+02 2.637000000000000099e+01 4.059999999999999609e+00
-7.885000000000000000e+02 1.619000000000000128e+01 4.603999999999999915e+01
-7.884800000000000182e+02 4.850000000000000000e+01 3.897999999999999687e+01
-7.884099999999999682e+02 2.270000000000000018e+00 4.697999999999999687e+01
-7.882699999999999818e+02 2.939999999999999858e+01 1.148000000000000043e+01
-7.883300000000000409e+02 5.690000000000000391e+00 4.189999999999999858e+01
-7.880900000000000318e+02 3.087000000000000099e+01 4.500000000000000000e+00
-7.884099999999999682e+02 8.890000000000000568e+00 4.517999999999999972e+01
-7.882999999999999545e+02 8.390000000000000568e+00 3.740999999999999659e+01
-7.882799999999999727e+02 2.430999999999999872e+01 1.499000000000000021e+01
-7.884900000000000091e+02 3.557999999999999829e+01 4.089000000000000057e+01
-7.883999999999999773e+02 3.246999999999999886e+01 3.137000000000000099e+01
-7.878099999999999454e+02 1.341000000000000014e+01 3.123999999999999844e+01
-7.882300000000000182e+02 3.525000000000000000e+01 8.679999999999999716e+00
-7.881499999999999773e+02 3.706000000000000227e+01 4.900000000000000355e+00
-7.886100000000000136e+02 3.475999999999999801e+01 4.689000000000000057e+01
-7.885599999999999454e+02 4.129999999999999716e+01 4.364999999999999858e+01
-7.878600000000000136e+02 3.796999999999999886e+01 2.000000000000000111e-01
-7.881200000000000045e+02 2.601999999999999957e+01 1.328999999999999915e+01
-7.883899999999999864e+02 3.771999999999999886e+01 2.608999999999999986e+01
-7.880599999999999454e+02 2.080999999999999872e+01 1.351999999999999957e+01
-7.880700000000000500e+02 2.494999999999999929e+01 8.140000000000000568e+00
-7.881499999999999773e+02 3.066000000000000014e+01 8.630000000000000782e+00
-7.881699999999999591e+02 4.036999999999999744e+01 1.070000000000000062e+00
-7.886000000000000227e+02 2.696999999999999886e+01 4.735000000000000142e+01
-7.877999999999999545e+02 2.362000000000000099e+01 5.309999999999999609e+00
-7.881200000000000045e+02 2.971000000000000085e+01 7.629999999999999893e+00
-7.884500000000000455e+02 2.266000000000000014e+01 4.200999999999999801e+01
-7.885800000000000409e+02 2.851000000000000156e+01 4.696999999999999886e+01
-7.877400000000000091e+02 1.441999999999999993e+01 2.771999999999999886e+01
-7.885199999999999818e+02 4.985999999999999943e+01 4.192000000000000171e+01
-7.882200000000000273e+02 3.564000000000000057e+01 7.959999999999999964e+00
-7.882100000000000364e+02 1.851999999999999957e+01 3.014999999999999858e+01
-7.877899999999999636e+02 2.798000000000000043e+01 1.959999999999999964e+00
-7.878500000000000227e+02 1.419999999999999929e+01 2.814000000000000057e+01
-7.884099999999999682e+02 3.760999999999999943e+01 2.610000000000000142e+01
-7.878999999999999773e+02 2.351999999999999957e+01 6.049999999999999822e+00
-7.882400000000000091e+02 1.040000000000000036e+01 3.600000000000000000e+01
-7.879800000000000182e+02 2.114999999999999858e+01 9.050000000000000711e+00
-7.881100000000000136e+02 3.660999999999999943e+01 4.030000000000000249e+00
-7.882500000000000000e+02 2.185000000000000142e+01 2.712000000000000099e+01
-7.883500000000000227e+02 1.707000000000000028e+01 3.176999999999999957e+01
-7.881900000000000546e+02 2.101999999999999957e+01 2.832000000000000028e+01
-7.878099999999999454e+02 3.299000000000000199e+01 0.000000000000000000e+00
-7.882899999999999636e+02 2.476000000000000156e+01 1.498000000000000043e+01
-7.884099999999999682e+02 3.267999999999999972e+01 3.153000000000000114e+01
-7.878300000000000409e+02 2.535000000000000142e+01 3.939999999999999947e+00
-7.884900000000000091e+02 3.563000000000000256e+01 4.085000000000000142e+01
-7.885800000000000409e+02 4.103999999999999915e+01 4.502000000000000313e+01
-7.880900000000000318e+02 2.453999999999999915e+01 1.024000000000000021e+01
-7.883700000000000045e+02 1.391000000000000014e+01 3.643999999999999773e+01
-7.883899999999999864e+02 2.010000000000000142e+01 3.678000000000000114e+01
-7.882500000000000000e+02 2.771000000000000085e+01 1.153999999999999915e+01
-7.880399999999999636e+02 2.010999999999999943e+01 1.113000000000000078e+01
-7.881699999999999591e+02 3.938000000000000256e+01 1.820000000000000062e+00
-7.884099999999999682e+02 1.241999999999999993e+01 4.234000000000000341e+01
-7.879400000000000546e+02 1.641000000000000014e+01 2.505000000000000071e+01
-7.885000000000000000e+02 1.246000000000000085e+01 4.804999999999999716e+01
-7.885000000000000000e+02 1.805999999999999872e+01 4.575999999999999801e+01
-7.881000000000000227e+02 3.053999999999999915e+01 5.950000000000000178e+00
-7.884199999999999591e+02 3.089999999999999858e+00 4.696999999999999886e+01
-7.882999999999999545e+02 2.196000000000000085e+01 2.008999999999999986e+01
-7.881000000000000227e+02 2.657999999999999829e+01 1.152999999999999936e+01
-7.885900000000000318e+02 3.150000000000000000e+01 4.692000000000000171e+01
-7.880299999999999727e+02 3.010000000000000142e+01 4.530000000000000249e+00
-7.883200000000000500e+02 2.633999999999999986e+01 1.833999999999999986e+01
-7.885599999999999454e+02 2.537999999999999901e+01 4.614999999999999858e+01
-7.879600000000000364e+02 2.673999999999999844e+01 4.040000000000000036e+00
-7.885099999999999909e+02 4.077000000000000313e+01 4.160999999999999943e+01
-7.884800000000000182e+02 1.058999999999999986e+01 4.753999999999999915e+01
-7.880199999999999818e+02 2.183999999999999986e+01 1.025000000000000000e+01
-7.879800000000000182e+02 3.206000000000000227e+01 1.209999999999999964e+00
-7.884199999999999591e+02 3.721999999999999886e+01 3.560000000000000142e+01
-7.879199999999999591e+02 1.755999999999999872e+01 2.371000000000000085e+01
-7.883600000000000136e+02 1.848999999999999844e+01 3.185000000000000142e+01
-7.884099999999999682e+02 1.315000000000000036e+01 4.214000000000000057e+01
-7.877899999999999636e+02 2.850000000000000000e+01 2.000000000000000111e-01
-7.882999999999999545e+02 2.071000000000000085e+01 3.082999999999999829e+01
-7.882400000000000091e+02 1.605999999999999872e+01 3.260999999999999943e+01
-7.881599999999999682e+02 3.495000000000000284e+01 7.030000000000000249e+00
-7.881499999999999773e+02 4.142000000000000171e+01 9.200000000000000400e-01
-7.884900000000000091e+02 1.553999999999999915e+01 4.599000000000000199e+01
-7.881000000000000227e+02 2.478000000000000114e+01 1.180000000000000071e+01
-7.885800000000000409e+02 3.285999999999999943e+01 4.567999999999999972e+01
-7.881599999999999682e+02 3.710000000000000142e+01 6.509999999999999787e+00
-7.878600000000000136e+02 1.440000000000000036e+01 2.803999999999999915e+01
-7.883300000000000409e+02 7.700000000000000178e+00 4.046000000000000085e+01
-7.884900000000000091e+02 4.710000000000000142e+01 3.985999999999999943e+01
-7.882799999999999727e+02 2.457999999999999829e+01 1.466000000000000014e+01
-7.880499999999999545e+02 2.712000000000000099e+01 6.910000000000000142e+00
-7.885099999999999909e+02 2.916000000000000014e+01 4.253000000000000114e+01
-7.884199999999999591e+02 4.750000000000000000e+00 4.692999999999999972e+01
-7.883999999999999773e+02 3.577000000000000313e+01 2.648999999999999844e+01
-7.882300000000000182e+02 2.960000000000000142e+01 1.044999999999999929e+01
-7.882000000000000455e+02 3.742000000000000171e+01 7.070000000000000284e+00
-7.883700000000000045e+02 5.519999999999999574e+00 4.293999999999999773e+01
-7.878700000000000045e+02 1.455000000000000071e+01 3.331000000000000227e+01
-7.882799999999999727e+02 2.335999999999999943e+01 1.932000000000000028e+01
-7.879299999999999500e+02 1.589000000000000057e+01 3.055000000000000071e+01
-7.881200000000000045e+02 3.715999999999999659e+01 3.129999999999999893e+00
-7.878500000000000227e+02 1.394999999999999929e+01 2.914000000000000057e+01
-7.882599999999999909e+02 1.919000000000000128e+01 2.916000000000000014e+01
-7.883600000000000136e+02 4.889999999999999680e+00 4.290999999999999659e+01
-7.883700000000000045e+02 4.480000000000000426e+00 4.328999999999999915e+01
-7.879400000000000546e+02 1.676000000000000156e+01 2.428000000000000114e+01
-7.885399999999999636e+02 2.187999999999999901e+01 4.582000000000000028e+01
-7.884400000000000546e+02 1.744000000000000128e+01 4.300000000000000000e+01
-7.882799999999999727e+02 1.683999999999999986e+01 3.259000000000000341e+01
-7.880199999999999818e+02 2.907999999999999829e+01 5.230000000000000426e+00
-7.879700000000000273e+02 2.412999999999999901e+01 5.839999999999999858e+00
-7.885900000000000318e+02 4.057999999999999829e+01 4.554999999999999716e+01
-7.881200000000000045e+02 4.195000000000000284e+01 0.000000000000000000e+00
-7.880399999999999636e+02 2.614999999999999858e+01 5.839999999999999858e+00
-7.880000000000000000e+02 3.210999999999999943e+01 1.620000000000000107e+00
