-7.884800000000000182e+02 9.310000000000000497e+00 4.796999999999999886e+01
-7.880700000000000500e+02 2.208999999999999986e+01 1.667000000000000171e+01
-7.877999999999999545e+02 2.362000000000000099e+01 5.309999999999999609e+00
-7.884800000000000182e+02 4.850000000000000000e+01 3.897999999999999687e+01
-7.883999999999999773e+02 2.280000000000000071e+01 3.411999999999999744e+01
-7.883300000000000409e+02 5.690000000000000391e+00 4.189999999999999858e+01
-7.880599999999999454e+02 2.080999999999999872e+01 1.351999999999999957e+01
-7.881699999999999591e+02 4.036999999999999744e+01 1.070000000000000062e+00
-7.883899999999999864e+02 3.771999999999999886e+01 2.608999999999999986e+01
-7.882899999999999636e+02 2.412000000000000099e+01 1.498000000000000043e+01
-7.883200000000000500e+02 2.110999999999999943e+01 2.757000000000000028e+01
-7.883999999999999773e+02 1.648999999999999844e+01 4.050999999999999801e+01
-7.886100000000000136e+02 3.475999999999999801e+01 4.689000000000000057e+01
-7.880900000000000318e+02 3.087000000000000099e+01 4.500000000000000000e+00
-7.879800000000000182e+02 3.206000000000000227e+01 1.209999999999999964e+00
-7.882999999999999545e+02 2.176000000000000156e+01 1.985999999999999943e+01
-7.879500000000000455e+02 1.812000000000000099e+01 2.823000000000000043e+01
-7.885099999999999909e+02 2.412999999999999901e+01 4.329999999999999716e+01
-7.881200000000000045e+02 2.601999999999999957e+01 1.328999999999999915e+01
-7.882000000000000455e+02 1.821000000000000085e+01 3.078999999999999915e+01
-7.883400000000000318e+02 2.400000000000000000e+01 1.835999999999999943e+01
-7.881499999999999773e+02 3.706000000000000227e+01 4.900000000000000355e+00
-7.885000000000000000e+02 1.619000000000000128e+01 4.603999999999999915e+01
-7.886000000000000227e+02 2.696999999999999886e+01 4.735000000000000142e+01
-7.882999999999999545e+02 8.390000000000000568e+00 3.740999999999999659e+01
-7.878099999999999454e+02 1.341000000000000014e+01 3.123999999999999844e+01
-7.882699999999999818e+02 2.939999999999999858e+01 1.148000000000000043e+01
-7.884099999999999682e+02 2.270000000000000018e+00 4.697999999999999687e+01
-7.880700000000000500e+02 2.494999999999999929e+01 8.140000000000000568e+00
-7.879600000000000364e+02 2.637000000000000099e+01 4.059999999999999609e+00
-7.882300000000000182e+02 3.525000000000000000e+01 8.679999999999999716e+00
-7.883899999999999864e+02 2.958999999999999986e+01 3.014000000000000057e+01
-7.878700000000000045e+02 1.642000000000000171e+01 2.285999999999999943e+01
-7.880499999999999545e+02 3.788000000000000256e+01 4.699999999999999734e-01
-7.884099999999999682e+02 8.890000000000000568e+00 4.517999999999999972e+01
-7.884900000000000091e+02 3.557999999999999829e+01 4.089000000000000057e+01
-7.885499999999999545e+02 4.260999999999999943e+01 4.271999999999999886e+01
-7.879400000000000546e+02 2.021000000000000085e+01 8.560000000000000497e+00
-7.883099999999999454e+02 1.478999999999999915e+01 3.318999999999999773e+01
-7.881499999999999773e+02 3.066000000000000014e+01 8.630000000000000782e+00
-7.877799999999999727e+02 2.858999999999999986e+01 1.199999999999999956e-01
-7.884900000000000091e+02 3.763000000000000256e+01 4.021000000000000085e+01
-7.884099999999999682e+02 1.241999999999999993e+01 4.234000000000000341e+01
-7.879400000000000546e+02 3.014999999999999858e+01 2.290000000000000036e+00
-7.885599999999999454e+02 4.129999999999999716e+01 4.364999999999999858e+01
-7.879800000000000182e+02 2.114999999999999858e+01 9.050000000000000711e+00
-7.885199999999999818e+02 4.985999999999999943e+01 4.192000000000000171e+01
-7.885199999999999818e+02 1.885999999999999943e+01 4.632000000000000028e+01
-7.885800000000000409e+02 3.234000000000000341e+01 4.603000000000000114e+01
-7.881100000000000136e+02 3.660999999999999943e+01 4.030000000000000249e+00
-7.884099999999999682e+02 1.315000000000000036e+01 4.214000000000000057e+01
-7.884500000000000455e+02 2.266000000000000014e+01 4.200999999999999801e+01
-7.881000000000000227e+02 3.053999999999999915e+01 5.950000000000000178e+00
-7.881200000000000045e+02 2.930000000000000071e+01 6.540000000000000036e+00
-7.885700000000000500e+02 2.610000000000000142e+01 4.639999999999999858e+01
-7.883999999999999773e+02 3.185999999999999943e+01 3.130000000000000071e+01
-7.882400000000000091e+02 1.040000000000000036e+01 3.600000000000000000e+01
-7.882100000000000364e+02 1.851999999999999957e+01 3.014999999999999858e+01
-7.884299999999999500e+02 5.269999999999999574e+00 4.700000000000000000e+01
-7.881000000000000227e+02 2.450000000000000000e+01 1.199000000000000021e+01
-7.882799999999999727e+02 2.457999999999999829e+01 1.466000000000000014e+01
-7.883099999999999454e+02 2.551999999999999957e+01 1.810000000000000142e+01
-7.883500000000000227e+02 1.673999999999999844e+01 3.180000000000000071e+01
-7.882400000000000091e+02 3.542999999999999972e+01 6.589999999999999858e+00
-7.884700000000000273e+02 1.111999999999999922e+01 4.682999999999999829e+01
-7.879400000000000546e+02 1.676000000000000156e+01 2.428000000000000114e+01
-7.882599999999999909e+02 1.919000000000000128e+01 2.916000000000000014e+01
-7.883899999999999864e+02 2.410999999999999943e+01 3.261999999999999744e+01
-7.878300000000000409e+02 2.535000000000000142e+01 3.939999999999999947e+00
-7.880399999999999636e+02 2.010999999999999943e+01 1.113000000000000078e+01
-7.880800000000000409e+02 2.646000000000000085e+01 7.750000000000000000e+00
-7.881200000000000045e+02 4.195000000000000284e+01 0.000000000000000000e+00
-7.877899999999999636e+02 2.850000000000000000e+01 2.000000000000000111e-01
-7.881900000000000546e+02 2.101999999999999957e+01 2.832000000000000028e+01
-7.879400000000000546e+02 1.653999999999999915e+01 2.973000000000000043e+01
-7.878500000000000227e+02 1.407000000000000028e+01 2.853999999999999915e+01
-7.882300000000000182e+02 2.960000000000000142e+01 1.044999999999999929e+01
-7.880199999999999818e+02 3.606000000000000227e+01 0.000000000000000000e+00
-7.884099999999999682e+02 3.760999999999999943e+01 2.610000000000000142e+01
-7.879600000000000364e+02 2.673999999999999844e+01 4.040000000000000036e+00
-7.883899999999999864e+02 3.171000000000000085e+01 2.998000000000000043e+01
-7.880700000000000500e+02 4.175999999999999801e+01 0.000000000000000000e+00
-7.881000000000000227e+02 2.657999999999999829e+01 1.152999999999999936e+01
-7.885800000000000409e+02 3.646000000000000085e+01 4.503999999999999915e+01
-7.882200000000000273e+02 1.983999999999999986e+01 2.860999999999999943e+01
-7.882100000000000364e+02 2.146000000000000085e+01 2.753999999999999915e+01
-7.883999999999999773e+02 4.209999999999999964e+00 4.539000000000000057e+01
-7.879800000000000182e+02 2.105000000000000071e+01 9.089999999999999858e+00
-7.883600000000000136e+02 6.889999999999999680e+00 4.196999999999999886e+01
-7.884800000000000182e+02 1.230000000000000071e+01 4.678999999999999915e+01
-7.882500000000000000e+02 2.771000000000000085e+01 1.153999999999999915e+01
-7.883300000000000409e+02 7.679999999999999716e+00 4.035000000000000142e+01
-7.881200000000000045e+02 3.735000000000000142e+01 4.889999999999999680e+00
-7.882400000000000091e+02 1.605999999999999872e+01 3.260999999999999943e+01
-7.884099999999999682e+02 3.094999999999999929e+01 3.771000000000000085e+01
-7.878099999999999454e+02 3.299000000000000199e+01 0.000000000000000000e+00
-7.879199999999999591e+02 1.755999999999999872e+01 2.371000000000000085e+01
-7.883300000000000409e+02 1.342999999999999972e+01 3.717999999999999972e+01
-7.878600000000000136e+02 1.440000000000000036e+01 2.803999999999999915e+01
-7.880399999999999636e+02 2.598999999999999844e+01 7.830000000000000071e+00
-7.885800000000000409e+02 2.851000000000000156e+01 4.696999999999999886e+01
-7.882999999999999545e+02 2.089000000000000057e+01 3.076000000000000156e+01
-7.879700000000000273e+02 2.619000000000000128e+01 4.290000000000000036e+00
-7.884600000000000364e+02 2.455000000000000071e+01 4.131000000000000227e+01
-7.881200000000000045e+02 2.892000000000000171e+01 8.310000000000000497e+00
-7.885000000000000000e+02 1.805999999999999872e+01 4.575999999999999801e+01
-7.881499999999999773e+02 4.142000000000000171e+01 9.200000000000000400e-01
-7.877899999999999636e+02 2.798000000000000043e+01 1.959999999999999964e+00
-7.883999999999999773e+02 3.577000000000000313e+01 2.648999999999999844e+01
-7.884500000000000455e+02 4.171000000000000085e+01 3.893999999999999773e+01
-7.883500000000000227e+02 2.912999999999999901e+01 2.491000000000000014e+01
-7.880099999999999909e+02 2.964999999999999858e+01 3.229999999999999982e+00
-7.883999999999999773e+02 2.466000000000000014e+01 3.311999999999999744e+01
-7.879500000000000455e+02 1.967999999999999972e+01 2.719000000000000128e+01
-7.880499999999999545e+02 2.482999999999999829e+01 9.310000000000000497e+00
-7.880299999999999727e+02 2.907999999999999829e+01 4.230000000000000426e+00
-7.884400000000000546e+02 2.760999999999999943e+01 4.027000000000000313e+01
-7.884199999999999591e+02 3.089999999999999858e+00 4.696999999999999886e+01
-7.881499999999999773e+02 3.685000000000000142e+01 5.120000000000000107e+00
-7.883600000000000136e+02 4.889999999999999680e+00 4.290999999999999659e+01
-7.884199999999999591e+02 3.721999999999999886e+01 3.560000000000000142e+01
-7.885599999999999454e+02 2.592999999999999972e+01 4.596999999999999886e+01
-7.879400000000000546e+02 2.091000000000000014e+01 8.140000000000000568e+00
-7.878700000000000045e+02 1.547000000000000064e+01 2.794999999999999929e+01
-7.881699999999999591e+02 3.938000000000000256e+01 1.820000000000000062e+00
-7.882799999999999727e+02 2.335999999999999943e+01 1.932000000000000028e+01
-7.883500000000000227e+02 1.707000000000000028e+01 3.176999999999999957e+01
-7.879700000000000273e+02 2.412999999999999901e+01 5.839999999999999858e+00
