-7.881499999999999773e+02 3.706000000000000227e+01 4.900000000000000355e+00
-7.882699999999999818e+02 2.939999999999999858e+01 1.148000000000000043e+01
-7.883999999999999773e+02 1.648999999999999844e+01 4.050999999999999801e+01
-7.881200000000000045e+02 2.601999999999999957e+01 1.328999999999999915e+01
-7.880700000000000500e+02 2.494999999999999929e+01 8.140000000000000568e+00
-7.884099999999999682e+02 2.270000000000000018e+00 4.697999999999999687e+01
-7.877999999999999545e+02 2.362000000000000099e+01 5.309999999999999609e+00
-7.878700000000000045e+02 1.642000000000000171e+01 2.285999999999999943e+01
-7.880700000000000500e+02 2.208999999999999986e+01 1.667000000000000171e+01
-7.885499999999999545e+02 4.260999999999999943e+01 4.271999999999999886e+01
-7.880499999999999545e+02 3.788000000000000256e+01 4.699999999999999734e-01
-7.883999999999999773e+02 2.280000000000000071e+01 3.411999999999999744e+01
-7.885000000000000000e+02 1.619000000000000128e+01 4.603999999999999915e+01
-7.883200000000000500e+02 2.110999999999999943e+01 2.757000000000000028e+01
-7.883899999999999864e+02 2.958999999999999986e+01 3.014000000000000057e+01
-7.883400000000000318e+02 2.400000000000000000e+01 1.835999999999999943e+01
-7.886100000000000136e+02 3.475999999999999801e+01 4.689000000000000057e+01
-7.886000000000000227e+02 2.696999999999999886e+01 4.735000000000000142e+01
-7.880900000000000318e+02 3.087000000000000099e+01 4.500000000000000000e+00
-7.883300000000000409e+02 5.690000000000000391e+00 4.189999999999999858e+01
-7.879600000000000364e+02 3.135999999999999943e+01 1.040000000000000036e+00
-7.883099999999999454e+02 1.478999999999999915e+01 3.318999999999999773e+01
-7.882300000000000182e+02 1.085999999999999943e+01 3.564000000000000057e+01
-7.879600000000000364e+02 2.637000000000000099e+01 4.059999999999999609e+00
-7.882000000000000455e+02 1.821000000000000085e+01 3.078999999999999915e+01
-7.884800000000000182e+02 9.310000000000000497e+00 4.796999999999999886e+01
-7.882300000000000182e+02 3.525000000000000000e+01 8.679999999999999716e+00
-7.881699999999999591e+02 4.036999999999999744e+01 1.070000000000000062e+00
-7.882999999999999545e+02 8.390000000000000568e+00 3.740999999999999659e+01
-7.879600000000000364e+02 1.708999999999999986e+01 2.828000000000000114e+01
-7.878099999999999454e+02 1.341000000000000014e+01 3.123999999999999844e+01
-7.885099999999999909e+02 2.414000000000000057e+01 4.299000000000000199e+01
-7.883899999999999864e+02 3.771999999999999886e+01 2.608999999999999986e+01
-7.882999999999999545e+02 2.137000000000000099e+01 1.946999999999999886e+01
-7.882899999999999636e+02 2.412000000000000099e+01 1.498000000000000043e+01
-7.880599999999999454e+02 2.080999999999999872e+01 1.351999999999999957e+01
-7.881499999999999773e+02 3.066000000000000014e+01 8.630000000000000782e+00
-7.877799999999999727e+02 2.864999999999999858e+01 8.000000000000000167e-02
-7.884900000000000091e+02 3.557999999999999829e+01 4.089000000000000057e+01
-7.883999999999999773e+02 8.820000000000000284e+00 4.253000000000000114e+01
-7.879400000000000546e+02 2.021000000000000085e+01 8.560000000000000497e+00
-7.884800000000000182e+02 4.850000000000000000e+01 3.897999999999999687e+01
-7.880299999999999727e+02 2.589000000000000057e+01 6.540000000000000036e+00
-7.883400000000000318e+02 5.480000000000000426e+00 4.371000000000000085e+01
-7.884900000000000091e+02 1.141999999999999993e+01 4.774000000000000199e+01
-7.881200000000000045e+02 4.195000000000000284e+01 0.000000000000000000e+00
-7.882799999999999727e+02 2.457999999999999829e+01 1.466000000000000014e+01
-7.880099999999999909e+02 3.570000000000000284e+01 1.799999999999999933e-01
-7.883500000000000227e+02 1.660000000000000142e+01 3.178000000000000114e+01
-7.879199999999999591e+02 1.755999999999999872e+01 2.371000000000000085e+01
-7.882400000000000091e+02 2.937000000000000099e+01 1.017999999999999972e+01
-7.885800000000000409e+02 3.234000000000000341e+01 4.603000000000000114e+01
-7.880299999999999727e+02 2.769000000000000128e+01 4.889999999999999680e+00
-7.881200000000000045e+02 2.721999999999999886e+01 1.266999999999999993e+01
-7.883200000000000500e+02 2.100000000000000000e+01 2.782000000000000028e+01
-7.878099999999999454e+02 3.274000000000000199e+01 0.000000000000000000e+00
-7.879299999999999500e+02 1.992000000000000171e+01 8.609999999999999432e+00
-7.881200000000000045e+02 2.930000000000000071e+01 6.540000000000000036e+00
-7.878300000000000409e+02 2.535000000000000142e+01 3.939999999999999947e+00
-7.880499999999999545e+02 1.873999999999999844e+01 1.450000000000000000e+01
-7.880299999999999727e+02 2.830999999999999872e+01 4.709999999999999964e+00
-7.883999999999999773e+02 1.867000000000000171e+01 3.868999999999999773e+01
-7.884900000000000091e+02 3.763000000000000256e+01 4.021000000000000085e+01
-7.883500000000000227e+02 2.912999999999999901e+01 2.491000000000000014e+01
-7.884099999999999682e+02 3.760999999999999943e+01 2.610000000000000142e+01
-7.883500000000000227e+02 6.099999999999999645e+00 4.210999999999999943e+01
-7.886000000000000227e+02 2.812000000000000099e+01 4.722999999999999687e+01
-7.882300000000000182e+02 3.517999999999999972e+01 8.720000000000000639e+00
-7.882200000000000273e+02 1.983999999999999986e+01 2.860999999999999943e+01
-7.883300000000000409e+02 1.127999999999999936e+01 3.678000000000000114e+01
-7.879400000000000546e+02 1.612000000000000099e+01 2.507000000000000028e+01
-7.883999999999999773e+02 4.209999999999999964e+00 4.539000000000000057e+01
-7.881200000000000045e+02 3.465999999999999659e+01 4.349999999999999645e+00
-7.879400000000000546e+02 3.014999999999999858e+01 2.290000000000000036e+00
-7.885599999999999454e+02 4.129999999999999716e+01 4.364999999999999858e+01
-7.885000000000000000e+02 2.176999999999999957e+01 4.327000000000000313e+01
-7.883799999999999955e+02 2.151000000000000156e+01 3.414000000000000057e+01
-7.878700000000000045e+02 1.547000000000000064e+01 2.794999999999999929e+01
-7.884900000000000091e+02 1.516000000000000014e+01 4.759000000000000341e+01
-7.883899999999999864e+02 3.402000000000000313e+01 2.810999999999999943e+01
-7.884600000000000364e+02 4.914999999999999858e+01 3.747999999999999687e+01
-7.883799999999999955e+02 3.213000000000000256e+01 2.469999999999999929e+01
-7.880000000000000000e+02 3.453999999999999915e+01 9.799999999999999822e-01
-7.883099999999999454e+02 2.507000000000000028e+01 1.396000000000000085e+01
-7.883500000000000227e+02 2.928999999999999915e+01 2.482999999999999829e+01
-7.885800000000000409e+02 3.112000000000000099e+01 4.617999999999999972e+01
-7.884199999999999591e+02 2.830000000000000071e+00 4.745000000000000284e+01
-7.884500000000000455e+02 4.246999999999999886e+01 3.839000000000000057e+01
-7.880199999999999818e+02 2.739999999999999858e+01 4.750000000000000000e+00
-7.881000000000000227e+02 2.871999999999999886e+01 1.058999999999999986e+01
-7.880099999999999909e+02 2.964999999999999858e+01 3.229999999999999982e+00
-7.884099999999999682e+02 1.315000000000000036e+01 4.214000000000000057e+01
-7.882000000000000455e+02 1.867000000000000171e+01 2.994999999999999929e+01
-7.880800000000000409e+02 2.755999999999999872e+01 6.669999999999999929e+00
-7.884700000000000273e+02 7.330000000000000071e+00 4.807999999999999829e+01
-7.880199999999999818e+02 3.574000000000000199e+01 1.400000000000000133e-01
-7.881200000000000045e+02 2.883999999999999986e+01 7.259999999999999787e+00
-7.882599999999999909e+02 2.714999999999999858e+01 1.283000000000000007e+01
-7.884099999999999682e+02 1.241999999999999993e+01 4.234000000000000341e+01
-7.885199999999999818e+02 1.576999999999999957e+01 4.671999999999999886e+01
-7.881100000000000136e+02 3.439999999999999858e+01 3.669999999999999929e+00
-7.879400000000000546e+02 1.676000000000000156e+01 2.428000000000000114e+01
-7.884700000000000273e+02 3.403999999999999915e+01 3.978000000000000114e+01
-7.880900000000000318e+02 2.233999999999999986e+01 1.483999999999999986e+01
-7.883300000000000409e+02 8.330000000000000071e+00 3.975000000000000000e+01
-7.884299999999999500e+02 3.818999999999999773e+01 3.759000000000000341e+01
-7.877799999999999727e+02 2.858999999999999986e+01 1.199999999999999956e-01
-7.881799999999999500e+02 4.064999999999999858e+01 2.740000000000000213e+00
-7.879600000000000364e+02 2.055000000000000071e+01 8.800000000000000711e+00
-7.879500000000000455e+02 1.812000000000000099e+01 2.823000000000000043e+01
-7.878500000000000227e+02 1.407000000000000028e+01 2.853999999999999915e+01
-7.884099999999999682e+02 2.414000000000000057e+01 3.282000000000000028e+01
-7.882599999999999909e+02 1.755999999999999872e+01 3.142000000000000171e+01
-7.885499999999999545e+02 2.542000000000000171e+01 4.571000000000000085e+01
-7.883300000000000409e+02 1.891000000000000014e+01 2.978000000000000114e+01
-7.885599999999999454e+02 2.585999999999999943e+01 4.611999999999999744e+01
-7.882400000000000091e+02 3.542999999999999972e+01 6.589999999999999858e+00
-7.879400000000000546e+02 2.091000000000000014e+01 8.140000000000000568e+00
-7.882100000000000364e+02 1.851999999999999957e+01 3.014999999999999858e+01
-7.879700000000000273e+02 2.437999999999999901e+01 5.580000000000000071e+00
-7.882799999999999727e+02 1.449000000000000021e+01 3.624000000000000199e+01
-7.882599999999999909e+02 2.769000000000000128e+01 1.117999999999999972e+01
-7.879800000000000182e+02 3.206000000000000227e+01 1.209999999999999964e+00
-7.883999999999999773e+02 3.185999999999999943e+01 3.130000000000000071e+01
-7.884500000000000455e+02 4.171000000000000085e+01 3.893999999999999773e+01
-7.878600000000000136e+02 1.440000000000000036e+01 2.803999999999999915e+01
-7.884099999999999682e+02 8.890000000000000568e+00 4.517999999999999972e+01
-7.884800000000000182e+02 1.230000000000000071e+01 4.678999999999999915e+01
