-7.883899999999999864e+02 3.771999999999999886e+01 2.608999999999999986e+01
-7.882400000000000091e+02 3.518999999999999773e+01 8.910000000000000142e+00
-7.879199999999999591e+02 3.295000000000000284e+01 4.000000000000000222e-01
-7.881499999999999773e+02 3.706000000000000227e+01 4.900000000000000355e+00
-7.884900000000000091e+02 3.557999999999999829e+01 4.089000000000000057e+01
-7.883300000000000409e+02 2.640000000000000124e+00 4.664999999999999858e+01
-7.882999999999999545e+02 2.137000000000000099e+01 1.946999999999999886e+01
-7.881000000000000227e+02 2.382000000000000028e+01 1.737000000000000099e+01
-7.885000000000000000e+02 2.403999999999999915e+01 4.272999999999999687e+01
-7.880700000000000500e+02 2.494999999999999929e+01 8.140000000000000568e+00
-7.883999999999999773e+02 1.648999999999999844e+01 4.050999999999999801e+01
-7.884099999999999682e+02 2.270000000000000018e+00 4.697999999999999687e+01
-7.880599999999999454e+02 2.080999999999999872e+01 1.351999999999999957e+01
-7.880900000000000318e+02 3.087000000000000099e+01 4.500000000000000000e+00
-7.882999999999999545e+02 8.390000000000000568e+00 3.740999999999999659e+01
-7.882699999999999818e+02 2.939999999999999858e+01 1.148000000000000043e+01
-7.883099999999999454e+02 1.478999999999999915e+01 3.318999999999999773e+01
-7.885000000000000000e+02 1.619000000000000128e+01 4.603999999999999915e+01
-7.878099999999999454e+02 1.341000000000000014e+01 3.123999999999999844e+01
-7.881200000000000045e+02 2.601999999999999957e+01 1.328999999999999915e+01
-7.883999999999999773e+02 8.820000000000000284e+00 4.253000000000000114e+01
-7.885499999999999545e+02 4.260999999999999943e+01 4.271999999999999886e+01
-7.880499999999999545e+02 3.788000000000000256e+01 4.699999999999999734e-01
-7.884800000000000182e+02 4.850000000000000000e+01 3.897999999999999687e+01
-7.883099999999999454e+02 2.128999999999999915e+01 2.742000000000000171e+01
-7.879600000000000364e+02 2.637000000000000099e+01 4.059999999999999609e+00
-7.878700000000000045e+02 1.642000000000000171e+01 2.285999999999999943e+01
-7.881699999999999591e+02 4.036999999999999744e+01 1.070000000000000062e+00
-7.879600000000000364e+02 1.708999999999999986e+01 2.828000000000000114e+01
-7.877799999999999727e+02 2.864999999999999858e+01 8.000000000000000167e-02
-7.886100000000000136e+02 3.475999999999999801e+01 4.689000000000000057e+01
-7.881499999999999773e+02 3.066000000000000014e+01 8.630000000000000782e+00
-7.883899999999999864e+02 2.958999999999999986e+01 3.014000000000000057e+01
-7.882000000000000455e+02 1.821000000000000085e+01 3.078999999999999915e+01
-7.882300000000000182e+02 1.085999999999999943e+01 3.564000000000000057e+01
-7.886000000000000227e+02 2.696999999999999886e+01 4.735000000000000142e+01
-7.879400000000000546e+02 2.021000000000000085e+01 8.560000000000000497e+00
-7.884800000000000182e+02 9.310000000000000497e+00 4.796999999999999886e+01
-7.883999999999999773e+02 2.225000000000000000e+01 3.349000000000000199e+01
-7.883400000000000318e+02 2.400000000000000000e+01 1.835999999999999943e+01
-7.877999999999999545e+02 2.362000000000000099e+01 5.309999999999999609e+00
-7.882899999999999636e+02 2.412000000000000099e+01 1.498000000000000043e+01
-7.883099999999999454e+02 2.307000000000000028e+01 2.201999999999999957e+01
-7.882899999999999636e+02 2.426999999999999957e+01 1.426999999999999957e+01
-7.882400000000000091e+02 2.937000000000000099e+01 1.017999999999999972e+01
-7.878600000000000136e+02 1.440000000000000036e+01 2.803999999999999915e+01
-7.884700000000000273e+02 1.039000000000000057e+01 4.735000000000000142e+01
-7.885000000000000000e+02 2.176000000000000156e+01 4.335999999999999943e+01
-7.879199999999999591e+02 1.764999999999999858e+01 2.332000000000000028e+01
-7.880499999999999545e+02 1.873999999999999844e+01 1.444999999999999929e+01
-7.882000000000000455e+02 1.866000000000000014e+01 2.998000000000000043e+01
-7.879099999999999682e+02 1.486999999999999922e+01 2.962999999999999901e+01
-7.883500000000000227e+02 1.701999999999999957e+01 3.164999999999999858e+01
-7.881100000000000136e+02 2.858999999999999986e+01 6.910000000000000142e+00
-7.880299999999999727e+02 3.413000000000000256e+01 1.939999999999999947e+00
-7.879600000000000364e+02 2.055000000000000071e+01 8.800000000000000711e+00
-7.883999999999999773e+02 4.209999999999999964e+00 4.539000000000000057e+01
-7.884099999999999682e+02 3.760999999999999943e+01 2.610000000000000142e+01
-7.884500000000000455e+02 4.246999999999999886e+01 3.839000000000000057e+01
-7.883400000000000318e+02 5.480000000000000426e+00 4.371000000000000085e+01
-7.879400000000000546e+02 3.343999999999999773e+01 5.000000000000000000e-01
-7.883300000000000409e+02 1.138000000000000078e+01 3.677000000000000313e+01
-7.881799999999999500e+02 4.064999999999999858e+01 2.740000000000000213e+00
-7.880700000000000500e+02 2.208999999999999986e+01 1.667000000000000171e+01
-7.881100000000000136e+02 3.439999999999999858e+01 3.669999999999999929e+00
-7.885000000000000000e+02 1.557000000000000028e+01 4.617000000000000171e+01
-7.881200000000000045e+02 2.721999999999999886e+01 1.266999999999999993e+01
-7.883099999999999454e+02 2.158999999999999986e+01 2.714999999999999858e+01
-7.880099999999999909e+02 3.570000000000000284e+01 1.799999999999999933e-01
-7.882200000000000273e+02 3.503000000000000114e+01 9.109999999999999432e+00
-7.885299999999999727e+02 4.235000000000000142e+01 4.147999999999999687e+01
-7.884900000000000091e+02 3.763000000000000256e+01 4.021000000000000085e+01
-7.883899999999999864e+02 1.923000000000000043e+01 3.722999999999999687e+01
-7.878200000000000500e+02 2.369999999999999929e+01 4.459999999999999964e+00
-7.883500000000000227e+02 6.099999999999999645e+00 4.210999999999999943e+01
-7.884199999999999591e+02 3.378000000000000114e+01 3.509000000000000341e+01
-7.878099999999999454e+02 3.274000000000000199e+01 0.000000000000000000e+00
-7.885700000000000500e+02 2.857999999999999829e+01 4.578000000000000114e+01
-7.879700000000000273e+02 2.437999999999999901e+01 5.580000000000000071e+00
-7.880800000000000409e+02 2.755999999999999872e+01 6.669999999999999929e+00
-7.885800000000000409e+02 3.107000000000000028e+01 4.606000000000000227e+01
-7.883400000000000318e+02 2.151000000000000156e+01 3.133999999999999986e+01
-7.883200000000000500e+02 2.100000000000000000e+01 2.782000000000000028e+01
-7.879400000000000546e+02 1.612000000000000099e+01 2.507000000000000028e+01
-7.879400000000000546e+02 2.814999999999999858e+01 3.259999999999999787e+00
-7.879199999999999591e+02 1.755999999999999872e+01 2.371000000000000085e+01
-7.882799999999999727e+02 1.739000000000000057e+01 3.110999999999999943e+01
-7.885000000000000000e+02 2.176999999999999957e+01 4.327000000000000313e+01
-7.882999999999999545e+02 2.539000000000000057e+01 1.367999999999999972e+01
-7.878300000000000409e+02 2.535000000000000142e+01 3.939999999999999947e+00
-7.878400000000000318e+02 3.404999999999999716e+01 0.000000000000000000e+00
-7.881599999999999682e+02 3.457999999999999829e+01 6.320000000000000284e+00
-7.883600000000000136e+02 3.203999999999999915e+01 2.764000000000000057e+01
-7.878899999999999864e+02 1.405000000000000071e+01 2.873000000000000043e+01
-7.885599999999999454e+02 4.129999999999999716e+01 4.364999999999999858e+01
-7.884700000000000273e+02 7.330000000000000071e+00 4.807999999999999829e+01
-7.879500000000000455e+02 2.032000000000000028e+01 8.589999999999999858e+00
-7.880900000000000318e+02 2.233999999999999986e+01 1.483999999999999986e+01
-7.877799999999999727e+02 2.858999999999999986e+01 1.199999999999999956e-01
-7.884199999999999591e+02 9.529999999999999361e+00 4.343999999999999773e+01
-7.880299999999999727e+02 2.830999999999999872e+01 4.709999999999999964e+00
-7.882100000000000364e+02 1.851999999999999957e+01 3.014999999999999858e+01
-7.884900000000000091e+02 3.582999999999999829e+01 4.042999999999999972e+01
-7.885800000000000409e+02 2.982999999999999829e+01 4.685000000000000142e+01
-7.880299999999999727e+02 2.282000000000000028e+01 9.669999999999999929e+00
-7.881299999999999955e+02 3.322999999999999687e+01 7.440000000000000391e+00
-7.881200000000000045e+02 4.195000000000000284e+01 0.000000000000000000e+00
-7.886000000000000227e+02 2.812000000000000099e+01 4.722999999999999687e+01
-7.881100000000000136e+02 2.687999999999999901e+01 1.133000000000000007e+01
-7.882300000000000182e+02 3.525000000000000000e+01 8.679999999999999716e+00
-7.883799999999999955e+02 3.213000000000000256e+01 2.469999999999999929e+01
-7.883300000000000409e+02 5.690000000000000391e+00 4.189999999999999858e+01
-7.884099999999999682e+02 1.315000000000000036e+01 4.210000000000000142e+01
-7.884099999999999682e+02 2.414000000000000057e+01 3.282000000000000028e+01
-7.884800000000000182e+02 4.878000000000000114e+01 3.892999999999999972e+01
-7.884800000000000182e+02 1.358999999999999986e+01 4.625999999999999801e+01
-7.883500000000000227e+02 2.912999999999999901e+01 2.491000000000000014e+01
-7.882599999999999909e+02 2.714999999999999858e+01 1.283000000000000007e+01
-7.883400000000000318e+02 1.183999999999999986e+01 3.725999999999999801e+01
-7.884199999999999591e+02 2.830000000000000071e+00 4.745000000000000284e+01
-7.880499999999999545e+02 3.554999999999999716e+01 1.449999999999999956e+00
-7.879500000000000455e+02 1.812000000000000099e+01 2.823000000000000043e+01
-7.885900000000000318e+02 4.115999999999999659e+01 4.560000000000000142e+01
-7.884099999999999682e+02 1.948000000000000043e+01 3.888000000000000256e+01
-7.882200000000000273e+02 1.842000000000000171e+01 3.105999999999999872e+01
-7.883700000000000045e+02 2.351999999999999957e+01 3.082000000000000028e+01
-7.883099999999999454e+02 2.507000000000000028e+01 1.396000000000000085e+01
-7.883200000000000500e+02 9.769999999999999574e+00 3.584000000000000341e+01
