-7.885000000000000000e+02 2.403999999999999915e+01 4.272999999999999687e+01
-7.880800000000000409e+02 3.126999999999999957e+01 3.890000000000000124e+00
-7.883099999999999454e+02 2.360999999999999943e+01 1.446000000000000085e+01
-7.883899999999999864e+02 3.128000000000000114e+01 3.003000000000000114e+01
-7.883899999999999864e+02 3.771999999999999886e+01 2.608999999999999986e+01
-7.881200000000000045e+02 2.942000000000000171e+01 1.094999999999999929e+01
-7.881499999999999773e+02 3.702000000000000313e+01 5.129999999999999893e+00
-7.882699999999999818e+02 2.939999999999999858e+01 1.148000000000000043e+01
-7.883400000000000318e+02 2.398000000000000043e+01 1.817000000000000171e+01
-7.879600000000000364e+02 1.708999999999999986e+01 2.828000000000000114e+01
-7.881499999999999773e+02 3.066000000000000014e+01 8.630000000000000782e+00
-7.886100000000000136e+02 3.475999999999999801e+01 4.689000000000000057e+01
-7.877799999999999727e+02 2.864999999999999858e+01 8.000000000000000167e-02
-7.884800000000000182e+02 4.850000000000000000e+01 3.897999999999999687e+01
-7.877999999999999545e+02 2.362000000000000099e+01 5.309999999999999609e+00
-7.882999999999999545e+02 2.137000000000000099e+01 1.946999999999999886e+01
-7.882400000000000091e+02 3.518999999999999773e+01 8.910000000000000142e+00
-7.880700000000000500e+02 2.208999999999999986e+01 1.667000000000000171e+01
-7.884800000000000182e+02 9.099999999999999645e+00 4.821999999999999886e+01
-7.879600000000000364e+02 2.637000000000000099e+01 4.059999999999999609e+00
-7.880399999999999636e+02 1.957000000000000028e+01 1.369999999999999929e+01
-7.885800000000000409e+02 2.476000000000000156e+01 4.749000000000000199e+01
-7.882999999999999545e+02 8.390000000000000568e+00 3.740999999999999659e+01
-7.880499999999999545e+02 3.788000000000000256e+01 4.699999999999999734e-01
-7.879099999999999682e+02 1.758999999999999986e+01 2.142000000000000171e+01
-7.885499999999999545e+02 4.260999999999999943e+01 4.271999999999999886e+01
-7.881699999999999591e+02 4.034000000000000341e+01 9.599999999999999645e-01
-7.885000000000000000e+02 3.585999999999999943e+01 4.089000000000000057e+01
-7.883999999999999773e+02 8.820000000000000284e+00 4.253000000000000114e+01
-7.879199999999999591e+02 3.295000000000000284e+01 4.000000000000000222e-01
-7.885000000000000000e+02 1.619000000000000128e+01 4.603999999999999915e+01
-7.880700000000000500e+02 2.494999999999999929e+01 8.140000000000000568e+00
-7.879400000000000546e+02 2.021000000000000085e+01 8.560000000000000497e+00
-7.883099999999999454e+02 2.123000000000000043e+01 2.739000000000000057e+01
-7.883899999999999864e+02 1.591999999999999993e+01 4.021000000000000085e+01
-7.878099999999999454e+02 1.341000000000000014e+01 3.123999999999999844e+01
-7.883200000000000500e+02 1.385999999999999943e+01 3.338000000000000256e+01
-7.881699999999999591e+02 1.898999999999999844e+01 2.973000000000000043e+01
-7.883300000000000409e+02 2.620000000000000107e+00 4.664000000000000057e+01
-7.883999999999999773e+02 2.225000000000000000e+01 3.349000000000000199e+01
-7.884099999999999682e+02 2.270000000000000018e+00 4.697999999999999687e+01
-7.881399999999999864e+02 3.403000000000000114e+01 6.530000000000000249e+00
-7.885299999999999727e+02 4.231000000000000227e+01 4.125000000000000000e+01
-7.880499999999999545e+02 3.554999999999999716e+01 1.449999999999999956e+00
-7.883799999999999955e+02 4.940000000000000391e+00 4.339000000000000057e+01
-7.883799999999999955e+02 4.599999999999999645e+00 4.406000000000000227e+01
-7.883500000000000227e+02 1.468999999999999950e+01 3.260999999999999943e+01
-7.884099999999999682e+02 2.062999999999999901e+01 3.888000000000000256e+01
-7.878700000000000045e+02 1.346000000000000085e+01 3.260999999999999943e+01
-7.883300000000000409e+02 5.690000000000000391e+00 4.189999999999999858e+01
-7.883099999999999454e+02 1.141000000000000014e+01 3.582999999999999829e+01
-7.879500000000000455e+02 2.287000000000000099e+01 6.589999999999999858e+00
-7.880299999999999727e+02 2.223999999999999844e+01 1.036999999999999922e+01
-7.884600000000000364e+02 1.919000000000000128e+01 4.509000000000000341e+01
-7.880800000000000409e+02 3.503999999999999915e+01 3.439999999999999947e+00
-7.878200000000000500e+02 2.535000000000000142e+01 3.779999999999999805e+00
-7.883999999999999773e+02 3.903000000000000114e+01 2.637999999999999901e+01
-7.884400000000000546e+02 4.746000000000000085e+01 3.432000000000000028e+01
-7.881599999999999682e+02 3.457999999999999829e+01 6.320000000000000284e+00
-7.878099999999999454e+02 2.771999999999999886e+01 1.189999999999999947e+00
-7.883200000000000500e+02 2.146999999999999886e+01 2.744000000000000128e+01
-7.883600000000000136e+02 1.850000000000000000e+01 3.167999999999999972e+01
-7.885099999999999909e+02 4.228999999999999915e+01 4.217000000000000171e+01
-7.880000000000000000e+02 2.719999999999999929e+01 4.230000000000000426e+00
-7.880900000000000318e+02 2.358999999999999986e+01 1.151999999999999957e+01
-7.885900000000000318e+02 2.776999999999999957e+01 4.706000000000000227e+01
-7.882999999999999545e+02 2.555000000000000071e+01 1.282000000000000028e+01
-7.883700000000000045e+02 2.687999999999999901e+01 2.971000000000000085e+01
-7.882999999999999545e+02 2.533999999999999986e+01 1.338000000000000078e+01
-7.885299999999999727e+02 2.219999999999999929e+01 4.549000000000000199e+01
-7.883099999999999454e+02 2.307000000000000028e+01 2.201999999999999957e+01
-7.882000000000000455e+02 1.725000000000000000e+01 3.158999999999999986e+01
-7.881699999999999591e+02 4.027000000000000313e+01 1.399999999999999911e+00
-7.884500000000000455e+02 6.910000000000000142e+00 4.772999999999999687e+01
-7.878400000000000318e+02 3.404999999999999716e+01 0.000000000000000000e+00
-7.882200000000000273e+02 3.503000000000000114e+01 9.109999999999999432e+00
-7.880800000000000409e+02 2.748000000000000043e+01 7.469999999999999751e+00
-7.879099999999999682e+02 1.514000000000000057e+01 2.891000000000000014e+01
-7.885900000000000318e+02 3.246999999999999886e+01 4.609000000000000341e+01
-7.879299999999999500e+02 1.721000000000000085e+01 2.375000000000000000e+01
-7.883300000000000409e+02 5.849999999999999645e+00 4.185000000000000142e+01
-7.884600000000000364e+02 8.410000000000000142e+00 4.731000000000000227e+01
-7.884900000000000091e+02 2.194999999999999929e+01 4.290999999999999659e+01
-7.880900000000000318e+02 3.706000000000000227e+01 2.020000000000000018e+00
-7.881799999999999500e+02 1.901999999999999957e+01 2.967000000000000171e+01
-7.884299999999999500e+02 1.138000000000000078e+01 4.342000000000000171e+01
-7.877899999999999636e+02 3.100000000000000000e+01 0.000000000000000000e+00
-7.882500000000000000e+02 1.047000000000000064e+01 3.545000000000000284e+01
-7.884500000000000455e+02 4.246999999999999886e+01 3.839000000000000057e+01
-7.884600000000000364e+02 1.225999999999999979e+01 4.536999999999999744e+01
-7.886000000000000227e+02 2.905999999999999872e+01 4.707000000000000028e+01
-7.882899999999999636e+02 2.426000000000000156e+01 1.333000000000000007e+01
-7.884299999999999500e+02 2.769999999999999929e+01 3.910999999999999943e+01
-7.878899999999999864e+02 1.405000000000000071e+01 2.873000000000000043e+01
-7.883300000000000409e+02 2.189999999999999858e+01 3.064000000000000057e+01
-7.880000000000000000e+02 2.569000000000000128e+01 5.799999999999999822e+00
-7.879600000000000364e+02 1.821999999999999886e+01 2.676000000000000156e+01
-7.885599999999999454e+02 4.174000000000000199e+01 4.397999999999999687e+01
-7.883700000000000045e+02 1.517999999999999972e+01 3.457000000000000028e+01
-7.879500000000000455e+02 3.303999999999999915e+01 4.699999999999999734e-01
-7.883799999999999955e+02 3.167000000000000171e+01 2.426999999999999957e+01
-7.877899999999999636e+02 2.235000000000000142e+01 6.440000000000000391e+00
-7.885099999999999909e+02 3.363000000000000256e+01 4.388000000000000256e+01
-7.879600000000000364e+02 2.180000000000000071e+01 7.940000000000000391e+00
-7.882000000000000455e+02 3.909000000000000341e+01 6.059999999999999609e+00
-7.880700000000000500e+02 2.442000000000000171e+01 9.839999999999999858e+00
-7.881399999999999864e+02 3.300999999999999801e+01 7.519999999999999574e+00
-7.881200000000000045e+02 4.195000000000000284e+01 0.000000000000000000e+00
-7.883899999999999864e+02 4.280000000000000249e+00 4.517999999999999972e+01
-7.886000000000000227e+02 3.302000000000000313e+01 4.682000000000000028e+01
-7.882999999999999545e+02 1.236999999999999922e+01 3.411999999999999744e+01
-7.880099999999999909e+02 2.944999999999999929e+01 3.290000000000000036e+00
-7.878700000000000045e+02 1.642000000000000171e+01 2.285999999999999943e+01
-7.880599999999999454e+02 2.307999999999999829e+01 1.098000000000000043e+01
-7.881399999999999864e+02 3.478000000000000114e+01 6.139999999999999680e+00
-7.883600000000000136e+02 2.919999999999999929e+01 2.303999999999999915e+01
-7.882899999999999636e+02 2.566000000000000014e+01 1.163000000000000078e+01
-7.884099999999999682e+02 3.328000000000000114e+01 3.194000000000000128e+01
-7.883899999999999864e+02 9.759999999999999787e+00 4.214999999999999858e+01
-7.877899999999999636e+02 2.698999999999999844e+01 2.140000000000000124e+00
-7.878200000000000500e+02 2.369999999999999929e+01 4.459999999999999964e+00
-7.885700000000000500e+02 4.135999999999999943e+01 4.443999999999999773e+01
-7.883200000000000500e+02 2.028000000000000114e+01 2.832999999999999829e+01
-7.885700000000000500e+02 3.875999999999999801e+01 4.513000000000000256e+01
-7.881499999999999773e+02 4.132000000000000028e+01 7.800000000000000266e-01
-7.884700000000000273e+02 3.643999999999999773e+01 4.025000000000000000e+01
-7.883600000000000136e+02 1.776000000000000156e+01 3.267999999999999972e+01
-7.883799999999999955e+02 2.275000000000000000e+01 3.121999999999999886e+01
