-7.883999999999999773e+02 2.225000000000000000e+01 3.349000000000000199e+01
-7.885800000000000409e+02 2.476000000000000156e+01 4.749000000000000199e+01
-7.879199999999999591e+02 3.295000000000000284e+01 4.000000000000000222e-01
-7.883400000000000318e+02 2.398000000000000043e+01 1.817000000000000171e+01
-7.880499999999999545e+02 3.788000000000000256e+01 4.699999999999999734e-01
-7.880299999999999727e+02 2.005000000000000071e+01 1.286999999999999922e+01
-7.882899999999999636e+02 2.578000000000000114e+01 1.147000000000000064e+01
-7.886100000000000136e+02 3.475999999999999801e+01 4.689000000000000057e+01
-7.881499999999999773e+02 3.725000000000000000e+01 4.910000000000000142e+00
-7.879099999999999682e+02 1.758999999999999986e+01 2.142000000000000171e+01
-7.883899999999999864e+02 1.591999999999999993e+01 4.021000000000000085e+01
-7.883300000000000409e+02 1.597000000000000064e+01 3.235999999999999943e+01
-7.883999999999999773e+02 8.820000000000000284e+00 4.253000000000000114e+01
-7.884800000000000182e+02 4.850000000000000000e+01 3.897999999999999687e+01
-7.882400000000000091e+02 3.518999999999999773e+01 8.910000000000000142e+00
-7.878099999999999454e+02 1.341000000000000014e+01 3.123999999999999844e+01
-7.882999999999999545e+02 2.137000000000000099e+01 1.946999999999999886e+01
-7.877999999999999545e+02 2.362000000000000099e+01 5.309999999999999609e+00
-7.879600000000000364e+02 2.637000000000000099e+01 4.059999999999999609e+00
-7.881699999999999591e+02 4.034000000000000341e+01 9.599999999999999645e-01
-7.884099999999999682e+02 2.270000000000000018e+00 4.697999999999999687e+01
-7.882000000000000455e+02 3.989000000000000057e+01 3.910000000000000142e+00
-7.882999999999999545e+02 8.390000000000000568e+00 3.740999999999999659e+01
-7.885499999999999545e+02 4.260999999999999943e+01 4.271999999999999886e+01
-7.883300000000000409e+02 2.620000000000000107e+00 4.664000000000000057e+01
-7.883799999999999955e+02 2.960000000000000142e+01 2.989000000000000057e+01
-7.883099999999999454e+02 2.123000000000000043e+01 2.739000000000000057e+01
-7.884800000000000182e+02 9.099999999999999645e+00 4.821999999999999886e+01
-7.879600000000000364e+02 1.708999999999999986e+01 2.828000000000000114e+01
-7.880800000000000409e+02 3.126999999999999957e+01 3.890000000000000124e+00
-7.880700000000000500e+02 2.494999999999999929e+01 8.140000000000000568e+00
-7.879400000000000546e+02 2.021000000000000085e+01 8.560000000000000497e+00
-7.880700000000000500e+02 2.208999999999999986e+01 1.667000000000000171e+01
-7.881499999999999773e+02 3.066000000000000014e+01 8.630000000000000782e+00
-7.881000000000000227e+02 2.482000000000000028e+01 1.253999999999999915e+01
-7.885000000000000000e+02 1.619000000000000128e+01 4.603999999999999915e+01
-7.877799999999999727e+02 2.864999999999999858e+01 8.000000000000000167e-02
-7.885000000000000000e+02 2.403999999999999915e+01 4.272999999999999687e+01
-7.883899999999999864e+02 3.771999999999999886e+01 2.608999999999999986e+01
-7.883099999999999454e+02 2.330999999999999872e+01 1.439000000000000057e+01
-7.885000000000000000e+02 3.585999999999999943e+01 4.089000000000000057e+01
-7.881699999999999591e+02 1.898999999999999844e+01 2.973000000000000043e+01
-7.881000000000000227e+02 2.512000000000000099e+01 1.126999999999999957e+01
-7.883200000000000500e+02 1.707000000000000028e+01 3.110999999999999943e+01
-7.883400000000000318e+02 2.750000000000000000e+00 4.647999999999999687e+01
-7.879600000000000364e+02 1.821999999999999886e+01 2.676000000000000156e+01
-7.884500000000000455e+02 4.190999999999999659e+01 3.852000000000000313e+01
-7.885900000000000318e+02 2.776999999999999957e+01 4.706000000000000227e+01
-7.884299999999999500e+02 3.272999999999999687e+01 3.800000000000000000e+01
-7.877899999999999636e+02 2.235000000000000142e+01 6.440000000000000391e+00
-7.883300000000000409e+02 8.660000000000000142e+00 3.839000000000000057e+01
-7.882000000000000455e+02 1.901999999999999957e+01 2.975000000000000000e+01
-7.878400000000000318e+02 3.404999999999999716e+01 0.000000000000000000e+00
-7.883999999999999773e+02 3.829999999999999716e+01 2.603000000000000114e+01
-7.884700000000000273e+02 1.353999999999999915e+01 4.585999999999999943e+01
-7.879299999999999500e+02 1.721000000000000085e+01 2.375000000000000000e+01
-7.878400000000000318e+02 2.658999999999999986e+01 3.620000000000000107e+00
-7.884299999999999500e+02 2.694999999999999929e+01 3.807999999999999829e+01
-7.881000000000000227e+02 2.785999999999999943e+01 7.469999999999999751e+00
-7.879500000000000455e+02 2.287000000000000099e+01 6.589999999999999858e+00
-7.883600000000000136e+02 6.589999999999999858e+00 4.285000000000000142e+01
-7.881100000000000136e+02 2.964999999999999858e+01 6.280000000000000249e+00
-7.878700000000000045e+02 1.386999999999999922e+01 3.119000000000000128e+01
-7.881399999999999864e+02 3.169000000000000128e+01 7.309999999999999609e+00
-7.880499999999999545e+02 3.554999999999999716e+01 1.449999999999999956e+00
-7.883099999999999454e+02 2.307000000000000028e+01 2.201999999999999957e+01
-7.877599999999999909e+02 2.994000000000000128e+01 0.000000000000000000e+00
-7.886000000000000227e+02 3.942999999999999972e+01 4.635999999999999943e+01
-7.883400000000000318e+02 2.121000000000000085e+01 2.916000000000000014e+01
-7.882000000000000455e+02 3.982999999999999829e+01 4.080000000000000071e+00
-7.882200000000000273e+02 3.503000000000000114e+01 9.109999999999999432e+00
-7.884500000000000455e+02 6.910000000000000142e+00 4.772999999999999687e+01
-7.880900000000000318e+02 4.189999999999999858e+01 7.700000000000000178e-01
-7.883500000000000227e+02 2.678000000000000114e+01 2.964999999999999858e+01
-7.885000000000000000e+02 2.900000000000000000e+01 4.231000000000000227e+01
-7.882899999999999636e+02 2.566000000000000014e+01 1.163000000000000078e+01
-7.885199999999999818e+02 4.288000000000000256e+01 4.109000000000000341e+01
-7.882999999999999545e+02 2.425000000000000000e+01 1.433999999999999986e+01
-7.883700000000000045e+02 1.383000000000000007e+01 3.504999999999999716e+01
-7.880399999999999636e+02 2.116000000000000014e+01 1.123000000000000043e+01
-7.883300000000000409e+02 5.690000000000000391e+00 4.189999999999999858e+01
-7.880499999999999545e+02 2.119999999999999929e+01 1.675000000000000000e+01
-7.878700000000000045e+02 1.642000000000000171e+01 2.285999999999999943e+01
-7.878799999999999955e+02 1.432000000000000028e+01 2.739999999999999858e+01
-7.882699999999999818e+02 1.760000000000000142e+01 3.055999999999999872e+01
-7.881699999999999591e+02 4.027000000000000313e+01 1.399999999999999911e+00
-7.884900000000000091e+02 3.796000000000000085e+01 4.032000000000000028e+01
-7.884600000000000364e+02 8.410000000000000142e+00 4.731000000000000227e+01
-7.881399999999999864e+02 3.510999999999999943e+01 6.120000000000000107e+00
-7.879700000000000273e+02 3.835000000000000142e+01 0.000000000000000000e+00
-7.883500000000000227e+02 2.694999999999999929e+01 2.216000000000000014e+01
-7.880900000000000318e+02 2.446000000000000085e+01 1.088000000000000078e+01
-7.879500000000000455e+02 3.303999999999999915e+01 4.699999999999999734e-01
-7.884099999999999682e+02 3.434000000000000341e+01 3.214999999999999858e+01
-7.880900000000000318e+02 2.358999999999999986e+01 1.151999999999999957e+01
-7.885499999999999545e+02 4.134000000000000341e+01 4.325999999999999801e+01
-7.884299999999999500e+02 4.029999999999999716e+01 3.710000000000000142e+01
-7.883799999999999955e+02 3.167000000000000171e+01 2.426999999999999957e+01
-7.879900000000000091e+02 3.101999999999999957e+01 3.279999999999999805e+00
-7.884600000000000364e+02 1.402999999999999936e+01 4.472999999999999687e+01
-7.883500000000000227e+02 2.203999999999999915e+01 2.976999999999999957e+01
-7.882999999999999545e+02 2.505999999999999872e+01 1.316999999999999993e+01
-7.885000000000000000e+02 2.375000000000000000e+01 4.278000000000000114e+01
-7.882899999999999636e+02 1.058000000000000007e+01 3.707000000000000028e+01
-7.878400000000000318e+02 2.403999999999999915e+01 3.700000000000000178e+00
-7.880499999999999545e+02 2.267999999999999972e+01 1.364000000000000057e+01
-7.886000000000000227e+02 2.905999999999999872e+01 4.707000000000000028e+01
-7.879700000000000273e+02 2.119000000000000128e+01 7.870000000000000107e+00
-7.883899999999999864e+02 4.280000000000000249e+00 4.517999999999999972e+01
-7.883999999999999773e+02 1.898000000000000043e+01 3.904999999999999716e+01
-7.883300000000000409e+02 5.849999999999999645e+00 4.185000000000000142e+01
-7.883999999999999773e+02 2.210999999999999943e+01 3.492999999999999972e+01
-7.885900000000000318e+02 3.246999999999999886e+01 4.609000000000000341e+01
-7.879500000000000455e+02 1.755999999999999872e+01 2.587000000000000099e+01
-7.883999999999999773e+02 9.980000000000000426e+00 4.220000000000000284e+01
-7.882999999999999545e+02 2.555000000000000071e+01 1.282000000000000028e+01
-7.880199999999999818e+02 2.741000000000000014e+01 4.719999999999999751e+00
-7.882100000000000364e+02 3.546999999999999886e+01 6.719999999999999751e+00
-7.881100000000000136e+02 2.841000000000000014e+01 9.140000000000000568e+00
-7.878099999999999454e+02 2.771999999999999886e+01 1.189999999999999947e+00
-7.881799999999999500e+02 1.901999999999999957e+01 2.967000000000000171e+01
-7.885599999999999454e+02 2.901999999999999957e+01 4.522999999999999687e+01
-7.880299999999999727e+02 2.223999999999999844e+01 1.036999999999999922e+01
-7.883500000000000227e+02 1.425000000000000000e+01 3.336999999999999744e+01
-7.883999999999999773e+02 1.787000000000000099e+01 3.999000000000000199e+01
-7.880299999999999727e+02 3.257999999999999829e+01 3.649999999999999911e+00
-7.879500000000000455e+02 2.617999999999999972e+01 5.110000000000000320e+00
-7.879800000000000182e+02 2.012999999999999901e+01 9.060000000000000497e+00
