-7.884800000000000182e+02 9.099999999999999645e+00 4.821999999999999886e+01
-7.885000000000000000e+02 3.585999999999999943e+01 4.089000000000000057e+01
-7.882999999999999545e+02 8.390000000000000568e+00 3.740999999999999659e+01
-7.881499999999999773e+02 3.066000000000000014e+01 8.630000000000000782e+00
-7.883200000000000500e+02 3.089999999999999858e+00 4.627000000000000313e+01
-7.880700000000000500e+02 2.494999999999999929e+01 8.140000000000000568e+00
-7.882400000000000091e+02 3.518999999999999773e+01 8.910000000000000142e+00
-7.877999999999999545e+02 2.362000000000000099e+01 5.309999999999999609e+00
-7.878099999999999454e+02 1.341000000000000014e+01 3.123999999999999844e+01
-7.883899999999999864e+02 1.591999999999999993e+01 4.021000000000000085e+01
-7.881799999999999500e+02 1.835000000000000142e+01 3.076999999999999957e+01
-7.882000000000000455e+02 4.010000000000000142e+01 3.589999999999999858e+00
-7.885800000000000409e+02 2.476000000000000156e+01 4.749000000000000199e+01
-7.886100000000000136e+02 3.475999999999999801e+01 4.689000000000000057e+01
-7.884800000000000182e+02 4.850000000000000000e+01 3.897999999999999687e+01
-7.877799999999999727e+02 2.864999999999999858e+01 8.000000000000000167e-02
-7.879400000000000546e+02 2.021000000000000085e+01 8.560000000000000497e+00
-7.879600000000000364e+02 1.708999999999999986e+01 2.828000000000000114e+01
-7.880800000000000409e+02 3.126999999999999957e+01 3.890000000000000124e+00
-7.883799999999999955e+02 2.864999999999999858e+01 2.871999999999999886e+01
-7.882999999999999545e+02 2.137000000000000099e+01 1.946999999999999886e+01
-7.879099999999999682e+02 1.758999999999999986e+01 2.142000000000000171e+01
-7.881000000000000227e+02 2.482000000000000028e+01 1.253999999999999915e+01
-7.880299999999999727e+02 2.003999999999999915e+01 1.292999999999999972e+01
-7.883999999999999773e+02 3.829999999999999716e+01 2.603000000000000114e+01
-7.885499999999999545e+02 4.260999999999999943e+01 4.271999999999999886e+01
-7.880700000000000500e+02 2.208999999999999986e+01 1.667000000000000171e+01
-7.883099999999999454e+02 2.123000000000000043e+01 2.739000000000000057e+01
-7.883099999999999454e+02 1.594999999999999929e+01 3.245000000000000284e+01
-7.883400000000000318e+02 2.398000000000000043e+01 1.817000000000000171e+01
-7.884099999999999682e+02 2.270000000000000018e+00 4.697999999999999687e+01
-7.883999999999999773e+02 8.820000000000000284e+00 4.253000000000000114e+01
-7.883099999999999454e+02 2.328999999999999915e+01 1.449000000000000021e+01
-7.879600000000000364e+02 2.632000000000000028e+01 4.070000000000000284e+00
-7.885000000000000000e+02 1.619000000000000128e+01 4.603999999999999915e+01
-7.880499999999999545e+02 3.788000000000000256e+01 4.699999999999999734e-01
-7.881699999999999591e+02 4.034000000000000341e+01 9.599999999999999645e-01
-7.881499999999999773e+02 3.725000000000000000e+01 4.910000000000000142e+00
-7.882899999999999636e+02 2.583999999999999986e+01 1.139000000000000057e+01
-7.883999999999999773e+02 2.225000000000000000e+01 3.349000000000000199e+01
-7.879199999999999591e+02 3.295000000000000284e+01 4.000000000000000222e-01
-7.885000000000000000e+02 2.403999999999999915e+01 4.272999999999999687e+01
-7.883500000000000227e+02 2.694999999999999929e+01 2.216000000000000014e+01
-7.883899999999999864e+02 1.582000000000000028e+01 4.029999999999999716e+01
-7.885599999999999454e+02 2.901999999999999957e+01 4.522999999999999687e+01
-7.879500000000000455e+02 2.287000000000000099e+01 6.589999999999999858e+00
-7.885900000000000318e+02 4.277000000000000313e+01 4.579999999999999716e+01
-7.878700000000000045e+02 1.642000000000000171e+01 2.285999999999999943e+01
-7.880700000000000500e+02 2.312000000000000099e+01 1.389000000000000057e+01
-7.878700000000000045e+02 1.358000000000000007e+01 3.137999999999999901e+01
-7.882200000000000273e+02 3.503000000000000114e+01 9.109999999999999432e+00
-7.878099999999999454e+02 2.771999999999999886e+01 1.189999999999999947e+00
-7.881100000000000136e+02 2.714999999999999858e+01 1.019999999999999929e+01
-7.884299999999999500e+02 7.629999999999999893e+00 4.578000000000000114e+01
-7.883200000000000500e+02 7.559999999999999609e+00 4.039000000000000057e+01
-7.883099999999999454e+02 2.142000000000000171e+01 2.712000000000000099e+01
-7.883300000000000409e+02 5.849999999999999645e+00 4.185000000000000142e+01
-7.881200000000000045e+02 4.181000000000000227e+01 8.599999999999999867e-01
-7.878400000000000318e+02 3.389000000000000057e+01 0.000000000000000000e+00
-7.880599999999999454e+02 1.978999999999999915e+01 1.751000000000000156e+01
-7.885599999999999454e+02 2.430000000000000071e+01 4.739999999999999858e+01
-7.880900000000000318e+02 3.520000000000000284e+01 3.270000000000000018e+00
-7.882999999999999545e+02 2.505999999999999872e+01 1.316999999999999993e+01
-7.883799999999999955e+02 1.962000000000000099e+01 3.399000000000000199e+01
-7.882000000000000455e+02 3.989000000000000057e+01 3.910000000000000142e+00
-7.884700000000000273e+02 1.773999999999999844e+01 4.467999999999999972e+01
-7.884500000000000455e+02 4.190999999999999659e+01 3.852000000000000313e+01
-7.881200000000000045e+02 2.830999999999999872e+01 1.011999999999999922e+01
-7.885099999999999909e+02 3.971000000000000085e+01 4.170000000000000284e+01
-7.881200000000000045e+02 3.657999999999999829e+01 3.200000000000000178e+00
-7.883400000000000318e+02 2.750000000000000000e+00 4.647999999999999687e+01
-7.883799999999999955e+02 2.560999999999999943e+01 3.042000000000000171e+01
-7.883200000000000500e+02 1.707000000000000028e+01 3.110999999999999943e+01
-7.877799999999999727e+02 2.228999999999999915e+01 6.419999999999999929e+00
-7.879600000000000364e+02 1.821999999999999886e+01 2.676000000000000156e+01
-7.880199999999999818e+02 2.741000000000000014e+01 4.719999999999999751e+00
-7.883899999999999864e+02 3.604999999999999716e+01 2.633999999999999986e+01
-7.881000000000000227e+02 2.773000000000000043e+01 9.859999999999999432e+00
-7.884700000000000273e+02 1.048000000000000043e+01 4.729999999999999716e+01
-7.879700000000000273e+02 3.835000000000000142e+01 0.000000000000000000e+00
-7.882999999999999545e+02 2.517000000000000171e+01 1.222000000000000064e+01
-7.885399999999999636e+02 2.591000000000000014e+01 4.717000000000000171e+01
-7.879800000000000182e+02 2.287000000000000099e+01 7.889999999999999680e+00
-7.884400000000000546e+02 5.639999999999999680e+00 4.688000000000000256e+01
-7.883799999999999955e+02 2.096000000000000085e+01 3.213000000000000256e+01
-7.883500000000000227e+02 6.629999999999999893e+00 4.229999999999999716e+01
-7.883600000000000136e+02 2.860999999999999943e+01 2.192999999999999972e+01
-7.884400000000000546e+02 3.907999999999999829e+01 3.678999999999999915e+01
-7.884600000000000364e+02 8.410000000000000142e+00 4.731000000000000227e+01
-7.883899999999999864e+02 1.723000000000000043e+01 3.614999999999999858e+01
-7.879299999999999500e+02 1.721000000000000085e+01 2.375000000000000000e+01
-7.880499999999999545e+02 2.208999999999999986e+01 1.123000000000000043e+01
-7.884900000000000091e+02 3.796000000000000085e+01 4.032000000000000028e+01
-7.879800000000000182e+02 2.423000000000000043e+01 6.490000000000000213e+00
-7.882999999999999545e+02 2.496999999999999886e+01 1.373000000000000043e+01
-7.882500000000000000e+02 1.878999999999999915e+01 2.957999999999999829e+01
-7.880499999999999545e+02 2.119999999999999929e+01 1.675000000000000000e+01
-7.883300000000000409e+02 8.660000000000000142e+00 3.839000000000000057e+01
-7.881000000000000227e+02 2.512000000000000099e+01 1.126999999999999957e+01
-7.879199999999999591e+02 3.689999999999999858e+01 0.000000000000000000e+00
-7.879299999999999500e+02 1.655999999999999872e+01 2.832999999999999829e+01
-7.883899999999999864e+02 3.650000000000000000e+01 2.605999999999999872e+01
-7.878999999999999773e+02 1.441999999999999993e+01 2.937000000000000099e+01
-7.883300000000000409e+02 1.644000000000000128e+01 3.133999999999999986e+01
-7.880700000000000500e+02 2.817000000000000171e+01 5.320000000000000284e+00
-7.885599999999999454e+02 4.264999999999999858e+01 4.390999999999999659e+01
-7.886000000000000227e+02 2.889999999999999858e+01 4.732000000000000028e+01
-7.881100000000000136e+02 2.821000000000000085e+01 9.839999999999999858e+00
-7.883300000000000409e+02 5.690000000000000391e+00 4.189999999999999858e+01
-7.877799999999999727e+02 2.246999999999999886e+01 6.379999999999999893e+00
-7.884700000000000273e+02 1.353999999999999915e+01 4.585999999999999943e+01
-7.881100000000000136e+02 2.732000000000000028e+01 9.869999999999999218e+00
-7.882100000000000364e+02 3.546999999999999886e+01 6.719999999999999751e+00
-7.884099999999999682e+02 3.275000000000000000e+01 3.250999999999999801e+01
-7.885900000000000318e+02 3.385999999999999943e+01 4.686999999999999744e+01
-7.882899999999999636e+02 2.578000000000000114e+01 1.147000000000000064e+01
-7.885299999999999727e+02 2.644000000000000128e+01 4.471999999999999886e+01
-7.880900000000000318e+02 4.189999999999999858e+01 7.700000000000000178e-01
-7.880499999999999545e+02 3.554999999999999716e+01 1.449999999999999956e+00
-7.877999999999999545e+02 2.973000000000000043e+01 0.000000000000000000e+00
-7.881200000000000045e+02 3.500999999999999801e+01 5.360000000000000320e+00
-7.882899999999999636e+02 2.576000000000000156e+01 1.150000000000000000e+01
-7.881200000000000045e+02 3.734000000000000341e+01 3.060000000000000053e+00
-7.880800000000000409e+02 2.321999999999999886e+01 1.315000000000000036e+01
-7.884099999999999682e+02 9.029999999999999361e+00 4.297999999999999687e+01
-7.883200000000000500e+02 8.560000000000000497e+00 3.947999999999999687e+01
-7.882300000000000182e+02 3.456000000000000227e+01 9.880000000000000782e+00
-7.880700000000000500e+02 2.426999999999999957e+01 8.539999999999999147e+00
