-7.881000000000000227e+02 2.482000000000000028e+01 1.253999999999999915e+01
-7.885000000000000000e+02 2.403999999999999915e+01 4.272999999999999687e+01
-7.880700000000000500e+02 2.966000000000000014e+01 4.639999999999999680e+00
-7.877799999999999727e+02 2.864999999999999858e+01 8.000000000000000167e-02
-7.885000000000000000e+02 3.585999999999999943e+01 4.089000000000000057e+01
-7.879400000000000546e+02 2.021000000000000085e+01 8.560000000000000497e+00
-7.883899999999999864e+02 3.650000000000000000e+01 2.605999999999999872e+01
-7.879700000000000273e+02 3.835000000000000142e+01 0.000000000000000000e+00
-7.886100000000000136e+02 3.475999999999999801e+01 4.689000000000000057e+01
-7.878400000000000318e+02 3.389000000000000057e+01 0.000000000000000000e+00
-7.884600000000000364e+02 4.865999999999999659e+01 2.923999999999999844e+01
-7.880299999999999727e+02 2.003999999999999915e+01 1.292999999999999972e+01
-7.882999999999999545e+02 8.390000000000000568e+00 3.740999999999999659e+01
-7.882899999999999636e+02 2.583999999999999986e+01 1.139000000000000057e+01
-7.880599999999999454e+02 1.978999999999999915e+01 1.751000000000000156e+01
-7.881200000000000045e+02 3.657999999999999829e+01 3.200000000000000178e+00
-7.885800000000000409e+02 2.466000000000000014e+01 4.732000000000000028e+01
-7.883899999999999864e+02 1.582000000000000028e+01 4.029999999999999716e+01
-7.883400000000000318e+02 2.398000000000000043e+01 1.817000000000000171e+01
-7.879600000000000364e+02 2.632000000000000028e+01 4.070000000000000284e+00
-7.879600000000000364e+02 1.708999999999999986e+01 2.828000000000000114e+01
-7.880700000000000500e+02 2.426999999999999957e+01 8.539999999999999147e+00
-7.882999999999999545e+02 1.581000000000000050e+01 3.259000000000000341e+01
-7.883799999999999955e+02 2.864999999999999858e+01 2.871999999999999886e+01
-7.886000000000000227e+02 4.286999999999999744e+01 4.590999999999999659e+01
-7.877799999999999727e+02 2.275000000000000000e+01 6.019999999999999574e+00
-7.882400000000000091e+02 3.518999999999999773e+01 8.910000000000000142e+00
-7.883099999999999454e+02 2.123000000000000043e+01 2.739000000000000057e+01
-7.884099999999999682e+02 2.270000000000000018e+00 4.697999999999999687e+01
-7.878899999999999864e+02 1.723999999999999844e+01 2.185999999999999943e+01
-7.883099999999999454e+02 3.390000000000000124e+00 4.596000000000000085e+01
-7.884800000000000182e+02 4.850000000000000000e+01 3.897999999999999687e+01
-7.878099999999999454e+02 1.341000000000000014e+01 3.123999999999999844e+01
-7.885000000000000000e+02 1.619000000000000128e+01 4.603999999999999915e+01
-7.881499999999999773e+02 4.077000000000000313e+01 4.699999999999999734e-01
-7.882000000000000455e+02 4.010000000000000142e+01 3.589999999999999858e+00
-7.883999999999999773e+02 8.820000000000000284e+00 4.253000000000000114e+01
-7.884800000000000182e+02 8.439999999999999503e+00 4.815999999999999659e+01
-7.881499999999999773e+02 3.066000000000000014e+01 8.630000000000000782e+00
-7.883999999999999773e+02 2.225000000000000000e+01 3.349000000000000199e+01
-7.883099999999999454e+02 2.328999999999999915e+01 1.449000000000000021e+01
-7.880499999999999545e+02 2.119999999999999929e+01 1.675000000000000000e+01
-7.883400000000000318e+02 2.750000000000000000e+00 4.647999999999999687e+01
-7.882999999999999545e+02 2.496999999999999886e+01 1.373000000000000043e+01
-7.878200000000000500e+02 2.948000000000000043e+01 0.000000000000000000e+00
-7.885900000000000318e+02 3.385999999999999943e+01 4.686999999999999744e+01
-7.881100000000000136e+02 3.728999999999999915e+01 2.549999999999999822e+00
-7.882999999999999545e+02 1.619999999999999929e+01 3.242000000000000171e+01
-7.881699999999999591e+02 4.034000000000000341e+01 9.599999999999999645e-01
-7.882999999999999545e+02 2.505999999999999872e+01 1.316999999999999993e+01
-7.883999999999999773e+02 1.880999999999999872e+01 3.746999999999999886e+01
-7.878600000000000136e+02 1.423000000000000043e+01 3.089999999999999858e+01
-7.883300000000000409e+02 8.019999999999999574e+00 3.934000000000000341e+01
-7.879400000000000546e+02 2.044999999999999929e+01 8.470000000000000639e+00
-7.881100000000000136e+02 2.714999999999999858e+01 1.019999999999999929e+01
-7.884600000000000364e+02 2.269000000000000128e+01 4.322999999999999687e+01
-7.877799999999999727e+02 2.223999999999999844e+01 6.540000000000000036e+00
-7.880700000000000500e+02 3.030000000000000071e+01 4.150000000000000355e+00
-7.882999999999999545e+02 1.896000000000000085e+01 2.953999999999999915e+01
-7.878300000000000409e+02 3.030000000000000071e+01 2.200000000000000011e-01
-7.884400000000000546e+02 3.907999999999999829e+01 3.678999999999999915e+01
-7.880800000000000409e+02 3.317000000000000171e+01 3.029999999999999805e+00
-7.883999999999999773e+02 3.829999999999999716e+01 2.603000000000000114e+01
-7.885599999999999454e+02 2.428000000000000114e+01 4.740999999999999659e+01
-7.879900000000000091e+02 2.378999999999999915e+01 6.549999999999999822e+00
-7.884400000000000546e+02 5.639999999999999680e+00 4.688000000000000256e+01
-7.883300000000000409e+02 5.690000000000000391e+00 4.189999999999999858e+01
-7.884900000000000091e+02 1.700000000000000000e+01 4.593999999999999773e+01
-7.884099999999999682e+02 3.275000000000000000e+01 3.250999999999999801e+01
-7.879500000000000455e+02 2.287000000000000099e+01 6.589999999999999858e+00
-7.882000000000000455e+02 3.989000000000000057e+01 3.910000000000000142e+00
-7.884099999999999682e+02 2.037999999999999901e+01 3.764000000000000057e+01
-7.884299999999999500e+02 7.629999999999999893e+00 4.578000000000000114e+01
-7.881100000000000136e+02 2.821000000000000085e+01 9.839999999999999858e+00
-7.882200000000000273e+02 3.600000000000000000e+01 5.889999999999999680e+00
-7.882999999999999545e+02 2.207999999999999829e+01 1.901999999999999957e+01
-7.880299999999999727e+02 2.187999999999999901e+01 1.069999999999999929e+01
-7.879299999999999500e+02 1.721000000000000085e+01 2.375000000000000000e+01
-7.885599999999999454e+02 4.303999999999999915e+01 4.428999999999999915e+01
-7.884600000000000364e+02 3.650000000000000000e+01 3.874000000000000199e+01
-7.880800000000000409e+02 2.321999999999999886e+01 1.315000000000000036e+01
-7.877799999999999727e+02 2.228999999999999915e+01 6.419999999999999929e+00
-7.880700000000000500e+02 2.208999999999999986e+01 1.667000000000000171e+01
-7.879700000000000273e+02 2.514999999999999858e+01 5.849999999999999645e+00
-7.880099999999999909e+02 3.471999999999999886e+01 1.419999999999999929e+00
-7.882200000000000273e+02 3.602000000000000313e+01 5.860000000000000320e+00
-7.882999999999999545e+02 2.517000000000000171e+01 1.222000000000000064e+01
-7.880800000000000409e+02 3.126999999999999957e+01 3.890000000000000124e+00
-7.884700000000000273e+02 1.258000000000000007e+01 4.571999999999999886e+01
-7.883700000000000045e+02 1.508999999999999986e+01 3.610999999999999943e+01
-7.879099999999999682e+02 1.755999999999999872e+01 2.137000000000000099e+01
-7.884500000000000455e+02 8.009999999999999787e+00 4.704999999999999716e+01
-7.883600000000000136e+02 1.853999999999999915e+01 3.062000000000000099e+01
-7.883400000000000318e+02 1.409999999999999964e+01 3.400000000000000000e+01
-7.879099999999999682e+02 3.019000000000000128e+01 2.279999999999999805e+00
-7.885499999999999545e+02 3.284000000000000341e+01 4.382999999999999829e+01
-7.883099999999999454e+02 2.130999999999999872e+01 2.737000000000000099e+01
-7.881299999999999955e+02 2.837000000000000099e+01 7.959999999999999964e+00
-7.880599999999999454e+02 4.277000000000000313e+01 1.799999999999999933e-01
-7.882999999999999545e+02 2.137000000000000099e+01 1.946999999999999886e+01
-7.884500000000000455e+02 4.190999999999999659e+01 3.852000000000000313e+01
-7.883799999999999955e+02 3.349000000000000199e+01 2.608999999999999986e+01
-7.884600000000000364e+02 3.610999999999999943e+01 3.903999999999999915e+01
-7.883500000000000227e+02 6.629999999999999893e+00 4.229999999999999716e+01
-7.881200000000000045e+02 3.734000000000000341e+01 3.060000000000000053e+00
-7.883200000000000500e+02 3.049999999999999822e+00 4.627000000000000313e+01
-7.885499999999999545e+02 4.260999999999999943e+01 4.271999999999999886e+01
-7.885599999999999454e+02 2.430000000000000071e+01 4.739999999999999858e+01
-7.879600000000000364e+02 1.821999999999999886e+01 2.676000000000000156e+01
-7.883600000000000136e+02 2.542999999999999972e+01 3.033999999999999986e+01
-7.880499999999999545e+02 2.366000000000000014e+01 9.150000000000000355e+00
-7.884299999999999500e+02 2.096000000000000085e+01 4.139999999999999858e+01
-7.880399999999999636e+02 2.260000000000000142e+01 1.177999999999999936e+01
-7.883200000000000500e+02 7.559999999999999609e+00 4.039000000000000057e+01
-7.878099999999999454e+02 2.771999999999999886e+01 1.189999999999999947e+00
-7.883300000000000409e+02 8.419999999999999929e+00 3.877000000000000313e+01
-7.883200000000000500e+02 2.548999999999999844e+01 1.810000000000000142e+01
-7.879199999999999591e+02 3.295000000000000284e+01 4.000000000000000222e-01
-7.880299999999999727e+02 2.194000000000000128e+01 1.067999999999999972e+01
-7.881100000000000136e+02 2.732000000000000028e+01 9.869999999999999218e+00
-7.884600000000000364e+02 8.410000000000000142e+00 4.731000000000000227e+01
-7.879800000000000182e+02 2.287000000000000099e+01 7.889999999999999680e+00
-7.877899999999999636e+02 2.246999999999999886e+01 6.230000000000000426e+00
-7.885099999999999909e+02 3.971000000000000085e+01 4.170000000000000284e+01
-7.880199999999999818e+02 2.741000000000000014e+01 4.719999999999999751e+00
-7.882100000000000364e+02 3.546999999999999886e+01 6.719999999999999751e+00
-7.885000000000000000e+02 1.557000000000000028e+01 4.614999999999999858e+01
-7.879299999999999500e+02 1.760999999999999943e+01 2.360999999999999943e+01
