-7.880599999999999454e+02 2.450000000000000000e+01 8.259999999999999787e+00
-7.885800000000000409e+02 2.466000000000000014e+01 4.732000000000000028e+01
-7.881399999999999864e+02 3.060000000000000142e+01 8.839999999999999858e+00
-7.877699999999999818e+02 2.862999999999999901e+01 0.000000000000000000e+00
-7.883899999999999864e+02 8.800000000000000711e+00 4.256000000000000227e+01
-7.881399999999999864e+02 4.092999999999999972e+01 3.300000000000000155e-01
-7.883400000000000318e+02 2.392999999999999972e+01 1.778000000000000114e+01
-7.883099999999999454e+02 2.462000000000000099e+01 1.326999999999999957e+01
-7.878600000000000136e+02 3.340999999999999659e+01 5.999999999999999778e-02
-7.884700000000000273e+02 4.782999999999999829e+01 3.967999999999999972e+01
-7.882999999999999545e+02 8.490000000000000213e+00 3.731000000000000227e+01
-7.886100000000000136e+02 3.475999999999999801e+01 4.689000000000000057e+01
-7.882899999999999636e+02 2.117000000000000171e+01 2.712999999999999901e+01
-7.882000000000000455e+02 4.010000000000000142e+01 3.589999999999999858e+00
-7.879600000000000364e+02 1.708999999999999986e+01 2.828000000000000114e+01
-7.881000000000000227e+02 2.482000000000000028e+01 1.253999999999999915e+01
-7.883200000000000500e+02 3.089999999999999858e+00 4.620000000000000284e+01
-7.878099999999999454e+02 1.341000000000000014e+01 3.123999999999999844e+01
-7.880599999999999454e+02 1.978999999999999915e+01 1.751000000000000156e+01
-7.884800000000000182e+02 2.380999999999999872e+01 4.261999999999999744e+01
-7.883099999999999454e+02 2.328999999999999915e+01 1.449000000000000021e+01
-7.882799999999999727e+02 2.689999999999999858e+01 1.016000000000000014e+01
-7.884900000000000091e+02 1.557000000000000028e+01 4.603999999999999915e+01
-7.879800000000000182e+02 3.929999999999999716e+01 0.000000000000000000e+00
-7.877799999999999727e+02 2.275000000000000000e+01 6.019999999999999574e+00
-7.879299999999999500e+02 2.019000000000000128e+01 8.710000000000000853e+00
-7.882400000000000091e+02 3.534000000000000341e+01 6.889999999999999680e+00
-7.879600000000000364e+02 2.632000000000000028e+01 4.070000000000000284e+00
-7.882999999999999545e+02 1.365000000000000036e+01 3.247999999999999687e+01
-7.883899999999999864e+02 1.535999999999999943e+01 3.807000000000000028e+01
-7.880199999999999818e+02 1.985999999999999943e+01 1.256000000000000050e+01
-7.883799999999999955e+02 3.632999999999999829e+01 2.601999999999999957e+01
-7.885000000000000000e+02 3.546999999999999886e+01 4.092000000000000171e+01
-7.884600000000000364e+02 4.865999999999999659e+01 2.923999999999999844e+01
-7.881299999999999955e+02 3.586999999999999744e+01 3.910000000000000142e+00
-7.883799999999999955e+02 2.844000000000000128e+01 2.826000000000000156e+01
-7.885700000000000500e+02 4.495000000000000284e+01 4.442999999999999972e+01
-7.883999999999999773e+02 2.180000000000000160e+00 4.692999999999999972e+01
-7.878500000000000227e+02 1.617999999999999972e+01 2.210999999999999943e+01
-7.883899999999999864e+02 2.182000000000000028e+01 3.479999999999999716e+01
-7.884800000000000182e+02 8.439999999999999503e+00 4.815999999999999659e+01
-7.880499999999999545e+02 2.957000000000000028e+01 4.190000000000000391e+00
-7.885299999999999727e+02 2.107000000000000028e+01 4.638000000000000256e+01
-7.883200000000000500e+02 2.151000000000000156e+01 2.719000000000000128e+01
-7.880299999999999727e+02 2.003999999999999915e+01 1.292999999999999972e+01
-7.884400000000000546e+02 8.730000000000000426e+00 4.622999999999999687e+01
-7.882999999999999545e+02 2.137000000000000099e+01 1.946999999999999886e+01
-7.883600000000000136e+02 1.089000000000000057e+01 4.196999999999999886e+01
-7.883700000000000045e+02 3.579999999999999716e+01 2.601999999999999957e+01
-7.879600000000000364e+02 2.269999999999999929e+01 6.879999999999999893e+00
-7.883999999999999773e+02 2.498999999999999844e+01 3.176000000000000156e+01
-7.880599999999999454e+02 3.311999999999999744e+01 2.390000000000000124e+00
-7.878099999999999454e+02 1.302999999999999936e+01 3.249000000000000199e+01
-7.879099999999999682e+02 1.525999999999999979e+01 3.007999999999999829e+01
-7.885800000000000409e+02 3.017000000000000171e+01 4.582999999999999829e+01
-7.883300000000000409e+02 1.667999999999999972e+01 3.321999999999999886e+01
-7.881399999999999864e+02 4.092000000000000171e+01 4.600000000000000200e-01
-7.884400000000000546e+02 4.420000000000000284e+01 2.964000000000000057e+01
-7.880800000000000409e+02 2.321999999999999886e+01 1.315000000000000036e+01
-7.882000000000000455e+02 3.857999999999999829e+01 5.280000000000000249e+00
-7.885000000000000000e+02 2.403999999999999915e+01 4.272999999999999687e+01
-7.883600000000000136e+02 1.319999999999999929e+01 4.013000000000000256e+01
-7.881000000000000227e+02 3.267000000000000171e+01 5.599999999999999645e+00
-7.882899999999999636e+02 2.592000000000000171e+01 1.132000000000000028e+01
-7.881599999999999682e+02 3.238000000000000256e+01 9.609999999999999432e+00
-7.882200000000000273e+02 3.571999999999999886e+01 6.450000000000000178e+00
-7.879299999999999500e+02 2.044000000000000128e+01 8.400000000000000355e+00
-7.883200000000000500e+02 3.049999999999999822e+00 4.627000000000000313e+01
-7.885299999999999727e+02 4.489000000000000057e+01 4.325999999999999801e+01
-7.883799999999999955e+02 2.857999999999999829e+01 2.823000000000000043e+01
-7.883300000000000409e+02 3.149999999999999911e+00 4.570000000000000284e+01
-7.878300000000000409e+02 3.030000000000000071e+01 2.200000000000000011e-01
-7.880700000000000500e+02 2.876000000000000156e+01 5.660000000000000142e+00
-7.880900000000000318e+02 2.246000000000000085e+01 1.544999999999999929e+01
-7.885000000000000000e+02 1.619000000000000128e+01 4.603999999999999915e+01
-7.884400000000000546e+02 3.579999999999999716e+01 3.981000000000000227e+01
-7.878099999999999454e+02 2.771999999999999886e+01 1.189999999999999947e+00
-7.877799999999999727e+02 2.228999999999999915e+01 6.419999999999999929e+00
-7.884600000000000364e+02 4.827000000000000313e+01 3.853999999999999915e+01
-7.878500000000000227e+02 1.557000000000000028e+01 2.410999999999999943e+01
-7.883099999999999454e+02 7.330000000000000071e+00 4.264000000000000057e+01
-7.881000000000000227e+02 2.612000000000000099e+01 8.099999999999999645e+00
-7.879400000000000546e+02 2.117000000000000171e+01 8.060000000000000497e+00
-7.883999999999999773e+02 7.389999999999999680e+00 4.379999999999999716e+01
-7.879400000000000546e+02 2.457000000000000028e+01 5.700000000000000178e+00
-7.883099999999999454e+02 2.114999999999999858e+01 2.746999999999999886e+01
-7.878099999999999454e+02 2.532000000000000028e+01 2.029999999999999805e+00
-7.880700000000000500e+02 2.208999999999999986e+01 1.667000000000000171e+01
-7.885800000000000409e+02 2.523999999999999844e+01 4.714000000000000057e+01
-7.883500000000000227e+02 2.503000000000000114e+01 1.841000000000000014e+01
-7.884800000000000182e+02 1.185999999999999943e+01 4.725000000000000000e+01
-7.884299999999999500e+02 3.778999999999999915e+01 3.850999999999999801e+01
-7.885800000000000409e+02 4.243999999999999773e+01 4.536999999999999744e+01
-7.880399999999999636e+02 2.128000000000000114e+01 1.396000000000000085e+01
-7.884700000000000273e+02 1.216000000000000014e+01 4.610999999999999943e+01
-7.883200000000000500e+02 4.269999999999999574e+00 4.525000000000000000e+01
-7.879500000000000455e+02 1.737999999999999901e+01 2.500000000000000000e+01
-7.882899999999999636e+02 2.583999999999999986e+01 1.139000000000000057e+01
-7.885000000000000000e+02 2.162000000000000099e+01 4.384000000000000341e+01
-7.880299999999999727e+02 3.126000000000000156e+01 2.149999999999999911e+00
-7.883899999999999864e+02 2.198999999999999844e+01 3.162000000000000099e+01
-7.881000000000000227e+02 3.094000000000000128e+01 6.099999999999999645e+00
-7.882999999999999545e+02 1.662000000000000099e+01 3.194000000000000128e+01
-7.883700000000000045e+02 1.630999999999999872e+01 3.595000000000000284e+01
-7.880099999999999909e+02 3.957999999999999829e+01 0.000000000000000000e+00
-7.882000000000000455e+02 7.480000000000000426e+00 4.250000000000000000e+01
-7.881100000000000136e+02 4.196000000000000085e+01 5.999999999999999778e-02
-7.882000000000000455e+02 3.977000000000000313e+01 4.419999999999999929e+00
-7.881399999999999864e+02 3.535000000000000142e+01 6.589999999999999858e+00
-7.884400000000000546e+02 4.507999999999999829e+01 2.926000000000000156e+01
-7.883999999999999773e+02 3.675000000000000000e+01 2.612999999999999901e+01
-7.882200000000000273e+02 3.603000000000000114e+01 5.540000000000000036e+00
-7.880099999999999909e+02 2.226999999999999957e+01 9.150000000000000355e+00
-7.877999999999999545e+02 1.502999999999999936e+01 2.357999999999999829e+01
-7.879099999999999682e+02 3.017999999999999972e+01 2.220000000000000195e+00
-7.877899999999999636e+02 2.246999999999999886e+01 6.230000000000000426e+00
-7.884500000000000455e+02 4.190999999999999659e+01 3.852000000000000313e+01
-7.883899999999999864e+02 3.142000000000000171e+01 2.889999999999999858e+01
-7.878200000000000500e+02 1.522000000000000064e+01 3.007000000000000028e+01
-7.884099999999999682e+02 2.270000000000000018e+00 4.697999999999999687e+01
-7.885900000000000318e+02 3.150000000000000000e+01 4.636999999999999744e+01
-7.880399999999999636e+02 2.707000000000000028e+01 6.280000000000000249e+00
-7.883500000000000227e+02 9.699999999999999289e+00 3.820000000000000284e+01
-7.886000000000000227e+02 4.286999999999999744e+01 4.590999999999999659e+01
-7.884500000000000455e+02 7.790000000000000036e+00 4.753999999999999915e+01
-7.883700000000000045e+02 1.455000000000000071e+01 3.753000000000000114e+01
-7.884700000000000273e+02 4.817999999999999972e+01 3.942000000000000171e+01
-7.883300000000000409e+02 1.651000000000000156e+01 3.379999999999999716e+01
