-7.879299999999999500e+02 2.019000000000000128e+01 8.710000000000000853e+00
-7.878500000000000227e+02 1.617999999999999972e+01 2.210999999999999943e+01
-7.884700000000000273e+02 4.782999999999999829e+01 3.967999999999999972e+01
-7.881000000000000227e+02 2.482000000000000028e+01 1.253999999999999915e+01
-7.880599999999999454e+02 1.978999999999999915e+01 1.751000000000000156e+01
-7.882000000000000455e+02 4.010000000000000142e+01 3.589999999999999858e+00
-7.877200000000000273e+02 1.323000000000000043e+01 3.232999999999999829e+01
-7.885800000000000409e+02 2.466000000000000014e+01 4.732000000000000028e+01
-7.882400000000000091e+02 3.534000000000000341e+01 6.889999999999999680e+00
-7.885700000000000500e+02 4.472999999999999687e+01 4.425999999999999801e+01
-7.879600000000000364e+02 2.632000000000000028e+01 4.070000000000000284e+00
-7.882999999999999545e+02 8.490000000000000213e+00 3.731000000000000227e+01
-7.885000000000000000e+02 1.619000000000000128e+01 4.603999999999999915e+01
-7.881299999999999955e+02 3.657999999999999829e+01 3.720000000000000195e+00
-7.884600000000000364e+02 4.865999999999999659e+01 2.923999999999999844e+01
-7.883799999999999955e+02 3.632999999999999829e+01 2.601999999999999957e+01
-7.884800000000000182e+02 8.359999999999999432e+00 4.814000000000000057e+01
-7.885000000000000000e+02 3.546999999999999886e+01 4.092000000000000171e+01
-7.880499999999999545e+02 2.957000000000000028e+01 4.190000000000000391e+00
-7.882999999999999545e+02 1.365000000000000036e+01 3.247999999999999687e+01
-7.882200000000000273e+02 1.746999999999999886e+01 3.117999999999999972e+01
-7.885000000000000000e+02 2.403999999999999915e+01 4.272999999999999687e+01
-7.880599999999999454e+02 2.450000000000000000e+01 8.259999999999999787e+00
-7.878600000000000136e+02 3.340999999999999659e+01 5.999999999999999778e-02
-7.882999999999999545e+02 4.070000000000000284e+00 4.531000000000000227e+01
-7.883099999999999454e+02 2.328999999999999915e+01 1.449000000000000021e+01
-7.882999999999999545e+02 2.062000000000000099e+01 2.794000000000000128e+01
-7.880000000000000000e+02 3.878000000000000114e+01 0.000000000000000000e+00
-7.877799999999999727e+02 2.275000000000000000e+01 6.019999999999999574e+00
-7.882799999999999727e+02 2.689999999999999858e+01 1.016000000000000014e+01
-7.883400000000000318e+02 2.392999999999999972e+01 1.778000000000000114e+01
-7.881399999999999864e+02 3.060000000000000142e+01 8.839999999999999858e+00
-7.880199999999999818e+02 1.985999999999999943e+01 1.256000000000000050e+01
-7.877699999999999818e+02 2.830000000000000071e+01 8.000000000000000167e-02
-7.883999999999999773e+02 8.640000000000000568e+00 4.336999999999999744e+01
-7.886100000000000136e+02 3.475999999999999801e+01 4.689000000000000057e+01
-7.883999999999999773e+02 2.180000000000000160e+00 4.692999999999999972e+01
-7.879600000000000364e+02 1.708999999999999986e+01 2.828000000000000114e+01
-7.883899999999999864e+02 3.089000000000000057e+01 3.117000000000000171e+01
-7.881399999999999864e+02 4.092999999999999972e+01 3.300000000000000155e-01
-7.883899999999999864e+02 2.182000000000000028e+01 3.479999999999999716e+01
-7.883899999999999864e+02 1.535999999999999943e+01 3.807000000000000028e+01
-7.878500000000000227e+02 1.557000000000000028e+01 2.410999999999999943e+01
-7.883999999999999773e+02 2.498999999999999844e+01 3.176000000000000156e+01
-7.882300000000000182e+02 2.108999999999999986e+01 2.789999999999999858e+01
-7.885499999999999545e+02 2.510999999999999943e+01 4.521999999999999886e+01
-7.883400000000000318e+02 3.959999999999999964e+00 4.632000000000000028e+01
-7.882200000000000273e+02 3.571999999999999886e+01 6.450000000000000178e+00
-7.884600000000000364e+02 1.814999999999999858e+01 4.229999999999999716e+01
-7.884099999999999682e+02 3.843999999999999773e+01 2.610999999999999943e+01
-7.881599999999999682e+02 4.121999999999999886e+01 1.429999999999999938e+00
-7.882000000000000455e+02 3.977000000000000313e+01 4.419999999999999929e+00
-7.880900000000000318e+02 2.246000000000000085e+01 1.544999999999999929e+01
-7.883200000000000500e+02 3.049999999999999822e+00 4.627000000000000313e+01
-7.884299999999999500e+02 7.950000000000000178e+00 4.563000000000000256e+01
-7.880199999999999818e+02 2.946000000000000085e+01 3.839999999999999858e+00
-7.880499999999999545e+02 2.678999999999999915e+01 7.000000000000000000e+00
-7.879299999999999500e+02 2.044000000000000128e+01 8.400000000000000355e+00
-7.881200000000000045e+02 3.570000000000000284e+01 3.270000000000000018e+00
-7.879600000000000364e+02 2.269999999999999929e+01 6.879999999999999893e+00
-7.877999999999999545e+02 2.892000000000000171e+01 1.020000000000000018e+00
-7.885800000000000409e+02 2.523999999999999844e+01 4.714000000000000057e+01
-7.882999999999999545e+02 1.662000000000000099e+01 3.194000000000000128e+01
-7.883999999999999773e+02 3.328000000000000114e+01 3.060000000000000142e+01
-7.880900000000000318e+02 2.335999999999999943e+01 1.236999999999999922e+01
-7.884500000000000455e+02 7.790000000000000036e+00 4.753999999999999915e+01
-7.881499999999999773e+02 3.198000000000000043e+01 9.660000000000000142e+00
-7.884700000000000273e+02 4.907999999999999829e+01 3.939000000000000057e+01
-7.877899999999999636e+02 2.246999999999999886e+01 6.230000000000000426e+00
-7.882999999999999545e+02 2.137000000000000099e+01 1.946999999999999886e+01
-7.883099999999999454e+02 8.820000000000000284e+00 3.910999999999999943e+01
-7.882899999999999636e+02 2.578999999999999915e+01 1.147000000000000064e+01
-7.884400000000000546e+02 3.539999999999999858e+01 3.985000000000000142e+01
-7.883099999999999454e+02 2.462000000000000099e+01 1.326999999999999957e+01
-7.879800000000000182e+02 2.914999999999999858e+01 2.299999999999999822e+00
-7.878400000000000318e+02 1.482000000000000028e+01 2.923999999999999844e+01
-7.880099999999999909e+02 3.957999999999999829e+01 0.000000000000000000e+00
-7.886000000000000227e+02 4.286999999999999744e+01 4.590999999999999659e+01
-7.885700000000000500e+02 3.284000000000000341e+01 4.571000000000000085e+01
-7.884600000000000364e+02 4.789999999999999858e+01 3.153999999999999915e+01
-7.878700000000000045e+02 1.556000000000000050e+01 2.760000000000000142e+01
-7.880599999999999454e+02 2.051999999999999957e+01 1.458999999999999986e+01
-7.884400000000000546e+02 1.522000000000000064e+01 4.220000000000000284e+01
-7.885299999999999727e+02 2.107000000000000028e+01 4.638000000000000256e+01
-7.883500000000000227e+02 2.503000000000000114e+01 1.841000000000000014e+01
-7.884800000000000182e+02 1.185999999999999943e+01 4.725000000000000000e+01
-7.881100000000000136e+02 4.196000000000000085e+01 5.999999999999999778e-02
-7.877799999999999727e+02 2.228999999999999915e+01 6.419999999999999929e+00
-7.877999999999999545e+02 1.502999999999999936e+01 2.357999999999999829e+01
-7.883099999999999454e+02 2.298999999999999844e+01 2.525000000000000000e+01
-7.878099999999999454e+02 2.771999999999999886e+01 1.189999999999999947e+00
-7.881499999999999773e+02 3.278000000000000114e+01 8.330000000000000071e+00
-7.884299999999999500e+02 2.803000000000000114e+01 3.639999999999999858e+01
-7.881000000000000227e+02 2.487999999999999901e+01 1.181000000000000050e+01
-7.885599999999999454e+02 4.160999999999999943e+01 4.461999999999999744e+01
-7.878300000000000409e+02 3.030000000000000071e+01 2.200000000000000011e-01
-7.882300000000000182e+02 7.129999999999999893e+00 4.297999999999999687e+01
-7.883200000000000500e+02 4.269999999999999574e+00 4.525000000000000000e+01
-7.879099999999999682e+02 1.525999999999999979e+01 3.007999999999999829e+01
-7.883099999999999454e+02 2.455000000000000071e+01 1.383000000000000007e+01
-7.884700000000000273e+02 4.817999999999999972e+01 3.942000000000000171e+01
-7.877899999999999636e+02 1.288000000000000078e+01 3.492000000000000171e+01
-7.881399999999999864e+02 3.535000000000000142e+01 6.589999999999999858e+00
-7.884400000000000546e+02 1.291999999999999993e+01 4.443999999999999773e+01
-7.880599999999999454e+02 2.501999999999999957e+01 7.400000000000000355e+00
-7.879400000000000546e+02 2.117000000000000171e+01 8.060000000000000497e+00
-7.880299999999999727e+02 2.003999999999999915e+01 1.292999999999999972e+01
-7.880599999999999454e+02 3.311999999999999744e+01 2.390000000000000124e+00
-7.883999999999999773e+02 2.750000000000000000e+00 4.653999999999999915e+01
-7.882300000000000182e+02 3.660999999999999943e+01 5.110000000000000320e+00
-7.882200000000000273e+02 3.603000000000000114e+01 5.540000000000000036e+00
-7.884400000000000546e+02 4.507999999999999829e+01 2.926000000000000156e+01
-7.882899999999999636e+02 2.592000000000000171e+01 1.132000000000000028e+01
-7.883799999999999955e+02 3.602000000000000313e+01 2.603000000000000114e+01
-7.882999999999999545e+02 1.664999999999999858e+01 3.189000000000000057e+01
-7.880299999999999727e+02 3.126000000000000156e+01 2.149999999999999911e+00
-7.883799999999999955e+02 2.844000000000000128e+01 2.826000000000000156e+01
-7.884400000000000546e+02 8.730000000000000426e+00 4.622999999999999687e+01
-7.879500000000000455e+02 2.287000000000000099e+01 6.679999999999999716e+00
-7.885800000000000409e+02 3.017000000000000171e+01 4.582999999999999829e+01
-7.883600000000000136e+02 1.748000000000000043e+01 3.263000000000000256e+01
-7.885900000000000318e+02 2.696999999999999886e+01 4.724000000000000199e+01
-7.883700000000000045e+02 1.152999999999999936e+01 3.981000000000000227e+01
-7.880299999999999727e+02 1.994999999999999929e+01 1.366000000000000014e+01
-7.883999999999999773e+02 2.157999999999999829e+01 3.613000000000000256e+01
-7.884099999999999682e+02 2.600000000000000089e+00 4.678999999999999915e+01
-7.883700000000000045e+02 3.236999999999999744e+01 2.473999999999999844e+01
-7.882200000000000273e+02 3.513000000000000256e+01 7.290000000000000036e+00
