-7.882200000000000273e+02 1.712999999999999901e+01 3.151000000000000156e+01
-7.877200000000000273e+02 1.323000000000000043e+01 3.232999999999999829e+01
-7.883400000000000318e+02 2.392999999999999972e+01 1.778000000000000114e+01
-7.883999999999999773e+02 2.900000000000000000e+01 2.950000000000000000e+01
-7.880599999999999454e+02 1.978999999999999915e+01 1.751000000000000156e+01
-7.878500000000000227e+02 1.617999999999999972e+01 2.210999999999999943e+01
-7.880000000000000000e+02 3.878000000000000114e+01 0.000000000000000000e+00
-7.882400000000000091e+02 3.534000000000000341e+01 6.889999999999999680e+00
-7.882999999999999545e+02 2.062000000000000099e+01 2.794000000000000128e+01
-7.878700000000000045e+02 3.377000000000000313e+01 2.899999999999999800e-01
-7.885800000000000409e+02 2.344000000000000128e+01 4.732999999999999829e+01
-7.879600000000000364e+02 2.632000000000000028e+01 4.070000000000000284e+00
-7.879600000000000364e+02 1.708999999999999986e+01 2.828000000000000114e+01
-7.884700000000000273e+02 4.777000000000000313e+01 3.970000000000000284e+01
-7.884800000000000182e+02 8.480000000000000426e+00 4.811999999999999744e+01
-7.881000000000000227e+02 2.482000000000000028e+01 1.253999999999999915e+01
-7.881299999999999955e+02 3.625999999999999801e+01 4.290000000000000036e+00
-7.880599999999999454e+02 2.450000000000000000e+01 8.259999999999999787e+00
-7.885000000000000000e+02 2.403999999999999915e+01 4.272999999999999687e+01
-7.885000000000000000e+02 3.546999999999999886e+01 4.092000000000000171e+01
-7.881399999999999864e+02 3.060000000000000142e+01 8.839999999999999858e+00
-7.880599999999999454e+02 2.983999999999999986e+01 4.259999999999999787e+00
-7.882000000000000455e+02 4.009000000000000341e+01 3.729999999999999982e+00
-7.882999999999999545e+02 1.363000000000000078e+01 3.247999999999999687e+01
-7.879299999999999500e+02 2.010000000000000142e+01 8.769999999999999574e+00
-7.877599999999999909e+02 2.310999999999999943e+01 4.959999999999999964e+00
-7.882999999999999545e+02 8.490000000000000213e+00 3.731000000000000227e+01
-7.883999999999999773e+02 2.180000000000000160e+00 4.692999999999999972e+01
-7.882899999999999636e+02 4.290000000000000036e+00 4.481000000000000227e+01
-7.877699999999999818e+02 2.830000000000000071e+01 8.000000000000000167e-02
-7.880299999999999727e+02 1.987000000000000099e+01 1.292999999999999972e+01
-7.886100000000000136e+02 3.432000000000000028e+01 4.682000000000000028e+01
-7.882899999999999636e+02 2.360999999999999943e+01 1.405000000000000071e+01
-7.885700000000000500e+02 4.472999999999999687e+01 4.425999999999999801e+01
-7.885000000000000000e+02 1.619000000000000128e+01 4.603999999999999915e+01
-7.884600000000000364e+02 4.865999999999999659e+01 2.923999999999999844e+01
-7.883899999999999864e+02 1.535999999999999943e+01 3.807000000000000028e+01
-7.883999999999999773e+02 3.720000000000000284e+01 2.614000000000000057e+01
-7.883999999999999773e+02 8.640000000000000568e+00 4.336999999999999744e+01
-7.881399999999999864e+02 4.096999999999999886e+01 2.700000000000000178e-01
-7.882899999999999636e+02 2.694000000000000128e+01 1.016000000000000014e+01
-7.883799999999999955e+02 2.014999999999999858e+01 3.239000000000000057e+01
-7.884500000000000455e+02 4.447999999999999687e+01 2.605000000000000071e+01
-7.882999999999999545e+02 4.250000000000000000e+00 4.496000000000000085e+01
-7.877999999999999545e+02 2.569999999999999929e+01 1.989999999999999991e+00
-7.883500000000000227e+02 2.503000000000000114e+01 1.841000000000000014e+01
-7.882799999999999727e+02 2.800000000000000000e+01 8.890000000000000568e+00
-7.884299999999999500e+02 3.178999999999999915e+01 3.545000000000000284e+01
-7.885499999999999545e+02 2.742999999999999972e+01 4.497999999999999687e+01
-7.883700000000000045e+02 2.771000000000000085e+01 2.830000000000000071e+01
-7.883300000000000409e+02 1.100999999999999979e+01 3.543999999999999773e+01
-7.883500000000000227e+02 1.660999999999999943e+01 3.246000000000000085e+01
-7.882200000000000273e+02 3.571999999999999886e+01 6.450000000000000178e+00
-7.885099999999999909e+02 2.103000000000000114e+01 4.803000000000000114e+01
-7.880599999999999454e+02 2.053999999999999915e+01 1.215000000000000036e+01
-7.881699999999999591e+02 4.103000000000000114e+01 1.729999999999999982e+00
-7.883500000000000227e+02 1.832000000000000028e+01 3.007000000000000028e+01
-7.883899999999999864e+02 4.429999999999999716e+00 4.472999999999999687e+01
-7.877999999999999545e+02 2.275000000000000000e+01 5.830000000000000071e+00
-7.885599999999999454e+02 2.903999999999999915e+01 4.499000000000000199e+01
-7.883200000000000500e+02 2.273999999999999844e+01 1.508000000000000007e+01
-7.881200000000000045e+02 2.844999999999999929e+01 8.769999999999999574e+00
-7.883999999999999773e+02 1.051999999999999957e+01 4.222999999999999687e+01
-7.879700000000000273e+02 2.648000000000000043e+01 4.080000000000000071e+00
-7.885599999999999454e+02 2.305000000000000071e+01 4.839999999999999858e+01
-7.882000000000000455e+02 4.010000000000000142e+01 3.589999999999999858e+00
-7.883999999999999773e+02 3.564999999999999858e+01 2.628999999999999915e+01
-7.882899999999999636e+02 1.862000000000000099e+01 2.964000000000000057e+01
-7.880900000000000318e+02 2.246000000000000085e+01 1.544999999999999929e+01
-7.884700000000000273e+02 4.782999999999999829e+01 3.967999999999999972e+01
-7.880399999999999636e+02 2.405000000000000071e+01 9.349999999999999645e+00
-7.879299999999999500e+02 2.019000000000000128e+01 8.710000000000000853e+00
-7.880900000000000318e+02 2.533999999999999986e+01 1.049000000000000021e+01
-7.878400000000000318e+02 3.667000000000000171e+01 0.000000000000000000e+00
-7.881200000000000045e+02 3.627000000000000313e+01 3.990000000000000213e+00
-7.878300000000000409e+02 1.566999999999999993e+01 2.392999999999999972e+01
-7.885499999999999545e+02 4.038000000000000256e+01 4.375000000000000000e+01
-7.884800000000000182e+02 1.021000000000000085e+01 4.775000000000000000e+01
-7.880399999999999636e+02 3.631000000000000227e+01 2.020000000000000018e+00
-7.879099999999999682e+02 1.549000000000000021e+01 2.969999999999999929e+01
-7.877999999999999545e+02 1.323000000000000043e+01 3.246999999999999886e+01
-7.880499999999999545e+02 2.951999999999999957e+01 4.929999999999999716e+00
-7.883600000000000136e+02 1.364000000000000057e+01 3.709000000000000341e+01
-7.883300000000000409e+02 2.253000000000000114e+01 1.714999999999999858e+01
-7.882899999999999636e+02 2.439999999999999858e+01 1.309999999999999964e+01
-7.882799999999999727e+02 2.689999999999999858e+01 1.016000000000000014e+01
-7.881799999999999500e+02 3.963000000000000256e+01 3.290000000000000036e+00
-7.880599999999999454e+02 2.048999999999999844e+01 1.311999999999999922e+01
-7.883899999999999864e+02 3.339999999999999858e+01 2.598999999999999844e+01
-7.883999999999999773e+02 1.630000000000000071e+01 3.871999999999999886e+01
-7.882999999999999545e+02 2.225000000000000000e+01 2.612000000000000099e+01
-7.878099999999999454e+02 3.460000000000000142e+01 0.000000000000000000e+00
-7.880800000000000409e+02 2.183999999999999986e+01 1.566000000000000014e+01
-7.884700000000000273e+02 3.012999999999999901e+01 4.071000000000000085e+01
-7.882200000000000273e+02 3.536999999999999744e+01 6.599999999999999645e+00
-7.880299999999999727e+02 3.510000000000000142e+01 1.969999999999999973e+00
-7.878600000000000136e+02 1.536999999999999922e+01 2.807000000000000028e+01
-7.880499999999999545e+02 2.957000000000000028e+01 4.190000000000000391e+00
-7.877899999999999636e+02 2.264000000000000057e+01 5.419999999999999929e+00
-7.885800000000000409e+02 2.466000000000000014e+01 4.732000000000000028e+01
-7.882999999999999545e+02 4.070000000000000284e+00 4.531000000000000227e+01
-7.884299999999999500e+02 7.950000000000000178e+00 4.563000000000000256e+01
-7.885399999999999636e+02 3.239999999999999858e+01 4.363000000000000256e+01
-7.877000000000000455e+02 1.394999999999999929e+01 2.694999999999999929e+01
-7.884800000000000182e+02 4.852000000000000313e+01 3.137999999999999901e+01
-7.884500000000000455e+02 7.790000000000000036e+00 4.753999999999999915e+01
-7.878400000000000318e+02 1.458000000000000007e+01 2.973000000000000043e+01
-7.877899999999999636e+02 3.032000000000000028e+01 0.000000000000000000e+00
-7.883600000000000136e+02 1.696999999999999886e+01 3.162000000000000099e+01
-7.885099999999999909e+02 1.942000000000000171e+01 4.857000000000000028e+01
-7.881100000000000136e+02 2.900000000000000000e+01 7.019999999999999574e+00
-7.883700000000000045e+02 3.160000000000000142e+01 2.758999999999999986e+01
-7.881000000000000227e+02 2.489999999999999858e+01 1.228999999999999915e+01
-7.885099999999999909e+02 4.315999999999999659e+01 4.306000000000000227e+01
-7.883600000000000136e+02 1.900000000000000000e+01 3.044999999999999929e+01
-7.883999999999999773e+02 4.400000000000000355e+00 4.561999999999999744e+01
-7.880900000000000318e+02 3.450000000000000000e+01 5.009999999999999787e+00
-7.885299999999999727e+02 2.183999999999999986e+01 4.771999999999999886e+01
-7.879400000000000546e+02 2.117000000000000171e+01 8.060000000000000497e+00
-7.881599999999999682e+02 4.121999999999999886e+01 1.429999999999999938e+00
-7.883200000000000500e+02 8.800000000000000711e+00 3.857999999999999829e+01
-7.879900000000000091e+02 2.442999999999999972e+01 6.870000000000000107e+00
-7.879800000000000182e+02 2.598999999999999844e+01 5.589999999999999858e+00
-7.882200000000000273e+02 3.575000000000000000e+01 6.419999999999999929e+00
-7.883200000000000500e+02 2.250000000000000000e+01 2.730999999999999872e+01
-7.882200000000000273e+02 3.839999999999999858e+01 5.580000000000000071e+00
-7.883899999999999864e+02 2.212999999999999901e+01 3.125000000000000000e+01
-7.884199999999999591e+02 2.010000000000000142e+01 3.989999999999999858e+01
