-7.882899999999999636e+02 2.360999999999999943e+01 1.405000000000000071e+01
-7.881399999999999864e+02 3.060000000000000142e+01 8.839999999999999858e+00
-7.882999999999999545e+02 8.490000000000000213e+00 3.731000000000000227e+01
-7.886100000000000136e+02 3.432000000000000028e+01 4.682000000000000028e+01
-7.881399999999999864e+02 4.096999999999999886e+01 2.700000000000000178e-01
-7.877200000000000273e+02 1.323000000000000043e+01 3.232999999999999829e+01
-7.878700000000000045e+02 3.377000000000000313e+01 2.899999999999999800e-01
-7.878400000000000318e+02 2.800000000000000000e+01 3.609999999999999876e+00
-7.881000000000000227e+02 2.482000000000000028e+01 1.253999999999999915e+01
-7.880599999999999454e+02 1.978999999999999915e+01 1.751000000000000156e+01
-7.883899999999999864e+02 2.132999999999999829e+01 3.452000000000000313e+01
-7.883999999999999773e+02 3.552000000000000313e+01 2.610000000000000142e+01
-7.883400000000000318e+02 2.367999999999999972e+01 1.803999999999999915e+01
-7.883899999999999864e+02 1.535999999999999943e+01 3.807000000000000028e+01
-7.885000000000000000e+02 2.403999999999999915e+01 4.272999999999999687e+01
-7.883999999999999773e+02 2.140000000000000124e+00 4.688000000000000256e+01
-7.884600000000000364e+02 4.865999999999999659e+01 2.923999999999999844e+01
-7.877599999999999909e+02 2.310999999999999943e+01 4.959999999999999964e+00
-7.881299999999999955e+02 3.625999999999999801e+01 4.280000000000000249e+00
-7.883999999999999773e+02 2.900000000000000000e+01 2.950000000000000000e+01
-7.884400000000000546e+02 4.214000000000000057e+01 4.009000000000000341e+01
-7.879299999999999500e+02 1.994000000000000128e+01 8.779999999999999361e+00
-7.878500000000000227e+02 1.617999999999999972e+01 2.210999999999999943e+01
-7.883999999999999773e+02 8.640000000000000568e+00 4.336999999999999744e+01
-7.882400000000000091e+02 3.399000000000000199e+01 6.809999999999999609e+00
-7.880299999999999727e+02 1.978999999999999915e+01 1.289000000000000057e+01
-7.877699999999999818e+02 2.830000000000000071e+01 8.000000000000000167e-02
-7.882999999999999545e+02 2.062000000000000099e+01 2.794000000000000128e+01
-7.881900000000000546e+02 1.885000000000000142e+01 3.062000000000000099e+01
-7.885800000000000409e+02 2.339999999999999858e+01 4.732999999999999829e+01
-7.885000000000000000e+02 3.518999999999999773e+01 4.088000000000000256e+01
-7.882899999999999636e+02 2.694000000000000128e+01 1.016000000000000014e+01
-7.885000000000000000e+02 1.619000000000000128e+01 4.603999999999999915e+01
-7.880000000000000000e+02 3.878000000000000114e+01 0.000000000000000000e+00
-7.882200000000000273e+02 3.810999999999999943e+01 4.190000000000000391e+00
-7.879600000000000364e+02 1.708999999999999986e+01 2.828000000000000114e+01
-7.884800000000000182e+02 8.480000000000000426e+00 4.811999999999999744e+01
-7.880599999999999454e+02 2.450000000000000000e+01 8.259999999999999787e+00
-7.885700000000000500e+02 4.472999999999999687e+01 4.425999999999999801e+01
-7.882899999999999636e+02 4.290000000000000036e+00 4.481000000000000227e+01
-7.880599999999999454e+02 2.983999999999999986e+01 4.259999999999999787e+00
-7.882999999999999545e+02 1.363000000000000078e+01 3.247999999999999687e+01
-7.880900000000000318e+02 2.246000000000000085e+01 1.544999999999999929e+01
-7.882799999999999727e+02 2.689999999999999858e+01 1.016000000000000014e+01
-7.883500000000000227e+02 6.480000000000000426e+00 4.285000000000000142e+01
-7.884099999999999682e+02 4.128999999999999915e+01 2.601999999999999957e+01
-7.878400000000000318e+02 2.703000000000000114e+01 3.750000000000000000e+00
-7.877599999999999909e+02 2.326999999999999957e+01 4.610000000000000320e+00
-7.883200000000000500e+02 1.300999999999999979e+01 3.365999999999999659e+01
-7.883400000000000318e+02 2.303000000000000114e+01 2.942000000000000171e+01
-7.883500000000000227e+02 2.503000000000000114e+01 1.841000000000000014e+01
-7.885399999999999636e+02 3.536999999999999744e+01 4.332999999999999829e+01
-7.880900000000000318e+02 2.812999999999999901e+01 6.690000000000000391e+00
-7.878400000000000318e+02 3.664999999999999858e+01 0.000000000000000000e+00
-7.884199999999999591e+02 3.860000000000000142e+01 3.514000000000000057e+01
-7.877899999999999636e+02 1.450000000000000000e+01 3.121999999999999886e+01
-7.884800000000000182e+02 8.279999999999999361e+00 4.820000000000000284e+01
-7.885599999999999454e+02 2.310000000000000142e+01 4.656000000000000227e+01
-7.883899999999999864e+02 3.729999999999999982e+00 4.585000000000000142e+01
-7.883099999999999454e+02 2.528999999999999915e+01 1.496000000000000085e+01
-7.877899999999999636e+02 3.032000000000000028e+01 0.000000000000000000e+00
-7.880499999999999545e+02 1.917000000000000171e+01 1.315000000000000036e+01
-7.883400000000000318e+02 1.003999999999999915e+01 3.652000000000000313e+01
-7.885700000000000500e+02 4.357999999999999829e+01 4.490999999999999659e+01
-7.885000000000000000e+02 2.298999999999999844e+01 4.313000000000000256e+01
-7.878600000000000136e+02 1.536999999999999922e+01 2.807000000000000028e+01
-7.881799999999999500e+02 3.960999999999999943e+01 3.310000000000000053e+00
-7.883099999999999454e+02 3.669999999999999929e+00 4.489999999999999858e+01
-7.880800000000000409e+02 3.854999999999999716e+01 1.739999999999999991e+00
-7.879299999999999500e+02 2.010000000000000142e+01 8.769999999999999574e+00
-7.883700000000000045e+02 1.493999999999999950e+01 3.378000000000000114e+01
-7.881000000000000227e+02 4.127000000000000313e+01 8.000000000000000167e-02
-7.880800000000000409e+02 2.539999999999999858e+01 9.060000000000000497e+00
-7.883600000000000136e+02 2.725000000000000000e+01 2.916000000000000014e+01
-7.883700000000000045e+02 1.803000000000000114e+01 3.162999999999999901e+01
-7.882599999999999909e+02 3.204999999999999716e+01 8.779999999999999361e+00
-7.881000000000000227e+02 2.646000000000000085e+01 1.121000000000000085e+01
-7.880099999999999909e+02 4.102000000000000313e+01 0.000000000000000000e+00
-7.884600000000000364e+02 1.583999999999999986e+01 4.529999999999999716e+01
-7.885800000000000409e+02 2.871999999999999886e+01 4.592000000000000171e+01
-7.878799999999999955e+02 1.655999999999999872e+01 2.558999999999999986e+01
-7.884700000000000273e+02 4.621000000000000085e+01 3.137000000000000099e+01
-7.881299999999999955e+02 2.889000000000000057e+01 8.230000000000000426e+00
-7.885399999999999636e+02 3.239999999999999858e+01 4.363000000000000256e+01
-7.885099999999999909e+02 1.942000000000000171e+01 4.857000000000000028e+01
-7.884199999999999591e+02 2.010000000000000142e+01 3.989999999999999858e+01
-7.879299999999999500e+02 2.019000000000000128e+01 8.710000000000000853e+00
-7.883300000000000409e+02 2.253000000000000114e+01 1.714999999999999858e+01
-7.880800000000000409e+02 3.447999999999999687e+01 5.049999999999999822e+00
-7.885299999999999727e+02 2.723999999999999844e+01 4.397999999999999687e+01
-7.882400000000000091e+02 3.211999999999999744e+01 7.459999999999999964e+00
-7.878400000000000318e+02 1.458000000000000007e+01 2.973000000000000043e+01
-7.884500000000000455e+02 4.447999999999999687e+01 2.605000000000000071e+01
-7.877000000000000455e+02 1.394999999999999929e+01 2.694999999999999929e+01
-7.878099999999999454e+02 3.460000000000000142e+01 0.000000000000000000e+00
-7.880499999999999545e+02 3.553999999999999915e+01 1.959999999999999964e+00
-7.882100000000000364e+02 3.752000000000000313e+01 4.459999999999999964e+00
-7.881599999999999682e+02 4.157000000000000028e+01 9.499999999999999556e-01
-7.883999999999999773e+02 4.400000000000000355e+00 4.561999999999999744e+01
-7.882799999999999727e+02 2.800000000000000000e+01 8.890000000000000568e+00
-7.878700000000000045e+02 1.525999999999999979e+01 2.848999999999999844e+01
-7.884700000000000273e+02 3.985999999999999943e+01 4.053000000000000114e+01
-7.884099999999999682e+02 3.735000000000000142e+01 3.425999999999999801e+01
-7.884800000000000182e+02 1.083000000000000007e+01 4.749000000000000199e+01
-7.880700000000000500e+02 2.660000000000000142e+01 9.050000000000000711e+00
-7.883200000000000500e+02 2.273999999999999844e+01 1.508000000000000007e+01
-7.882699999999999818e+02 1.980999999999999872e+01 2.891000000000000014e+01
-7.884400000000000546e+02 1.006000000000000050e+01 4.532000000000000028e+01
-7.883600000000000136e+02 3.010000000000000142e+01 2.180999999999999872e+01
-7.880700000000000500e+02 2.026000000000000156e+01 1.222000000000000064e+01
-7.883300000000000409e+02 1.692999999999999972e+01 3.098999999999999844e+01
-7.885700000000000500e+02 2.428000000000000114e+01 4.639999999999999858e+01
-7.885599999999999454e+02 4.210000000000000142e+01 4.349000000000000199e+01
-7.880000000000000000e+02 3.046000000000000085e+01 3.549999999999999822e+00
-7.879099999999999682e+02 2.485999999999999943e+01 5.480000000000000426e+00
-7.881000000000000227e+02 2.489999999999999858e+01 1.228999999999999915e+01
-7.877699999999999818e+02 2.914999999999999858e+01 0.000000000000000000e+00
-7.881200000000000045e+02 2.839000000000000057e+01 8.310000000000000497e+00
-7.883899999999999864e+02 2.278000000000000114e+01 3.173999999999999844e+01
-7.882999999999999545e+02 4.530000000000000249e+00 4.378000000000000114e+01
-7.877599999999999909e+02 2.241000000000000014e+01 5.870000000000000107e+00
-7.880800000000000409e+02 2.183999999999999986e+01 1.566000000000000014e+01
-7.883200000000000500e+02 8.130000000000000782e+00 3.757000000000000028e+01
-7.879500000000000455e+02 2.282000000000000028e+01 7.969999999999999751e+00
-7.883899999999999864e+02 4.429999999999999716e+00 4.472999999999999687e+01
-7.882599999999999909e+02 3.187000000000000099e+01 8.869999999999999218e+00
-7.881799999999999500e+02 3.967000000000000171e+01 3.040000000000000036e+00
-7.882100000000000364e+02 7.959999999999999964e+00 3.971999999999999886e+01
