-7.885000000000000000e+02 1.619000000000000128e+01 4.603999999999999915e+01
-7.883999999999999773e+02 2.192999999999999972e+01 3.288000000000000256e+01
-7.879299999999999500e+02 1.994000000000000128e+01 8.779999999999999361e+00
-7.881000000000000227e+02 2.482000000000000028e+01 1.253999999999999915e+01
-7.881399999999999864e+02 3.060000000000000142e+01 8.839999999999999858e+00
-7.880199999999999818e+02 1.921999999999999886e+01 1.313000000000000078e+01
-7.883999999999999773e+02 2.140000000000000124e+00 4.688000000000000256e+01
-7.882899999999999636e+02 2.017000000000000171e+01 2.066000000000000014e+01
-7.881900000000000546e+02 1.885000000000000142e+01 3.062000000000000099e+01
-7.883999999999999773e+02 3.552000000000000313e+01 2.610000000000000142e+01
-7.882999999999999545e+02 1.363000000000000078e+01 3.247999999999999687e+01
-7.885800000000000409e+02 2.339999999999999858e+01 4.732999999999999829e+01
-7.883099999999999454e+02 3.669999999999999929e+00 4.489999999999999858e+01
-7.885000000000000000e+02 3.518999999999999773e+01 4.088000000000000256e+01
-7.881399999999999864e+02 4.200000000000000000e+01 0.000000000000000000e+00
-7.876799999999999500e+02 1.468999999999999950e+01 2.394999999999999929e+01
-7.883400000000000318e+02 2.367999999999999972e+01 1.803999999999999915e+01
-7.882200000000000273e+02 3.810999999999999943e+01 4.190000000000000391e+00
-7.884800000000000182e+02 8.480000000000000426e+00 4.811999999999999744e+01
-7.878500000000000227e+02 1.617999999999999972e+01 2.210999999999999943e+01
-7.883099999999999454e+02 2.544999999999999929e+01 1.484999999999999964e+01
-7.885599999999999454e+02 4.210000000000000142e+01 4.349000000000000199e+01
-7.878999999999999773e+02 2.771999999999999886e+01 4.209999999999999964e+00
-7.886100000000000136e+02 3.432000000000000028e+01 4.682000000000000028e+01
-7.882899999999999636e+02 2.660999999999999943e+01 1.051999999999999957e+01
-7.884600000000000364e+02 4.865999999999999659e+01 2.923999999999999844e+01
-7.881299999999999955e+02 3.625999999999999801e+01 4.280000000000000249e+00
-7.884199999999999591e+02 3.857999999999999829e+01 3.500999999999999801e+01
-7.882899999999999636e+02 2.360999999999999943e+01 1.405000000000000071e+01
-7.877200000000000273e+02 1.323000000000000043e+01 3.232999999999999829e+01
-7.880599999999999454e+02 2.444000000000000128e+01 8.070000000000000284e+00
-7.880599999999999454e+02 1.978999999999999915e+01 1.751000000000000156e+01
-7.882500000000000000e+02 3.203000000000000114e+01 7.589999999999999858e+00
-7.879600000000000364e+02 1.708999999999999986e+01 2.828000000000000114e+01
-7.882999999999999545e+02 2.062000000000000099e+01 2.794000000000000128e+01
-7.882999999999999545e+02 8.490000000000000213e+00 3.731000000000000227e+01
-7.883899999999999864e+02 1.535999999999999943e+01 3.807000000000000028e+01
-7.880599999999999454e+02 3.005999999999999872e+01 4.049999999999999822e+00
-7.877699999999999818e+02 2.830000000000000071e+01 8.000000000000000167e-02
-7.885000000000000000e+02 2.403999999999999915e+01 4.272999999999999687e+01
-7.883999999999999773e+02 8.640000000000000568e+00 4.336999999999999744e+01
-7.883999999999999773e+02 2.900000000000000000e+01 2.950000000000000000e+01
-7.880000000000000000e+02 3.878000000000000114e+01 0.000000000000000000e+00
-7.877599999999999909e+02 2.298999999999999844e+01 5.169999999999999929e+00
-7.878600000000000136e+02 3.403000000000000114e+01 5.999999999999999778e-02
-7.884099999999999682e+02 2.067999999999999972e+01 3.897999999999999687e+01
-7.876900000000000546e+02 1.567999999999999972e+01 2.532000000000000028e+01
-7.880199999999999818e+02 2.357000000000000028e+01 7.860000000000000320e+00
-7.880000000000000000e+02 2.048999999999999844e+01 1.113000000000000078e+01
-7.884099999999999682e+02 3.954999999999999716e+01 2.619000000000000128e+01
-7.877799999999999727e+02 2.978000000000000114e+01 0.000000000000000000e+00
-7.885700000000000500e+02 2.826000000000000156e+01 4.571999999999999886e+01
-7.884600000000000364e+02 8.019999999999999574e+00 4.743999999999999773e+01
-7.879600000000000364e+02 2.471999999999999886e+01 5.790000000000000036e+00
-7.883300000000000409e+02 1.233999999999999986e+01 3.478999999999999915e+01
-7.878200000000000500e+02 3.364999999999999858e+01 0.000000000000000000e+00
-7.883700000000000045e+02 2.764000000000000057e+01 2.887999999999999901e+01
-7.881000000000000227e+02 3.539000000000000057e+01 3.910000000000000142e+00
-7.883200000000000500e+02 8.130000000000000782e+00 3.757000000000000028e+01
-7.883500000000000227e+02 1.090000000000000036e+01 3.992999999999999972e+01
-7.885099999999999909e+02 3.849000000000000199e+01 4.204999999999999716e+01
-7.879299999999999500e+02 2.005000000000000071e+01 8.759999999999999787e+00
-7.883600000000000136e+02 1.823999999999999844e+01 3.689999999999999858e+01
-7.881100000000000136e+02 2.912999999999999901e+01 7.769999999999999574e+00
-7.885299999999999727e+02 2.573000000000000043e+01 4.396000000000000085e+01
-7.884700000000000273e+02 4.621000000000000085e+01 3.137000000000000099e+01
-7.880199999999999818e+02 3.123000000000000043e+01 4.000000000000000000e+00
-7.883300000000000409e+02 2.187999999999999901e+01 2.653000000000000114e+01
-7.885900000000000318e+02 2.851000000000000156e+01 4.678999999999999915e+01
-7.885099999999999909e+02 1.762000000000000099e+01 4.638000000000000256e+01
-7.883500000000000227e+02 2.503000000000000114e+01 1.841000000000000014e+01
-7.881299999999999955e+02 4.121999999999999886e+01 1.600000000000000033e-01
-7.880800000000000409e+02 3.868999999999999773e+01 1.639999999999999902e+00
-7.882799999999999727e+02 2.682000000000000028e+01 1.028999999999999915e+01
-7.880900000000000318e+02 2.246000000000000085e+01 1.544999999999999929e+01
-7.885700000000000500e+02 4.046999999999999886e+01 4.400999999999999801e+01
-7.882200000000000273e+02 3.800999999999999801e+01 4.259999999999999787e+00
-7.883999999999999773e+02 4.139999999999999680e+00 4.574000000000000199e+01
-7.882599999999999909e+02 3.207000000000000028e+01 5.490000000000000213e+00
-7.879400000000000546e+02 1.561999999999999922e+01 3.050000000000000000e+01
-7.878400000000000318e+02 1.458000000000000007e+01 2.973000000000000043e+01
-7.883099999999999454e+02 3.649999999999999911e+00 4.503000000000000114e+01
-7.881000000000000227e+02 2.489999999999999858e+01 1.228999999999999915e+01
-7.883200000000000500e+02 2.267000000000000171e+01 1.513000000000000078e+01
-7.877699999999999818e+02 2.319000000000000128e+01 4.629999999999999893e+00
-7.884299999999999500e+02 3.818999999999999773e+01 3.625000000000000000e+01
-7.885800000000000409e+02 2.871999999999999886e+01 4.592000000000000171e+01
-7.884600000000000364e+02 3.927000000000000313e+01 4.002000000000000313e+01
-7.879800000000000182e+02 2.560999999999999943e+01 7.429999999999999716e+00
-7.884099999999999682e+02 4.128999999999999915e+01 2.601999999999999957e+01
-7.884800000000000182e+02 1.198000000000000043e+01 4.725000000000000000e+01
-7.884400000000000546e+02 3.957000000000000028e+01 3.910999999999999943e+01
-7.883200000000000500e+02 2.273999999999999844e+01 1.508000000000000007e+01
-7.880700000000000500e+02 2.198000000000000043e+01 1.221000000000000085e+01
-7.878400000000000318e+02 2.748000000000000043e+01 9.799999999999999822e-01
-7.879299999999999500e+02 2.019000000000000128e+01 8.710000000000000853e+00
-7.885700000000000500e+02 2.337999999999999901e+01 4.732999999999999829e+01
-7.883400000000000318e+02 1.405000000000000071e+01 3.603999999999999915e+01
-7.885299999999999727e+02 2.596000000000000085e+01 4.388000000000000256e+01
-7.882999999999999545e+02 2.457000000000000028e+01 1.289000000000000057e+01
-7.880599999999999454e+02 4.186999999999999744e+01 0.000000000000000000e+00
-7.883600000000000136e+02 2.887999999999999901e+01 2.091000000000000014e+01
-7.885199999999999818e+02 1.639999999999999858e+01 4.728000000000000114e+01
-7.883899999999999864e+02 3.629999999999999893e+00 4.589999999999999858e+01
-7.881200000000000045e+02 3.792999999999999972e+01 3.890000000000000124e+00
-7.881100000000000136e+02 3.105999999999999872e+01 5.169999999999999929e+00
-7.877899999999999636e+02 1.450000000000000000e+01 3.121999999999999886e+01
-7.877599999999999909e+02 2.241000000000000014e+01 5.870000000000000107e+00
-7.878200000000000500e+02 3.285999999999999943e+01 8.000000000000000167e-02
-7.883300000000000409e+02 1.692999999999999972e+01 3.098999999999999844e+01
-7.880800000000000409e+02 2.153000000000000114e+01 1.541999999999999993e+01
-7.883099999999999454e+02 3.919999999999999929e+00 4.471999999999999886e+01
-7.878700000000000045e+02 1.525999999999999979e+01 2.848999999999999844e+01
-7.879400000000000546e+02 2.482999999999999829e+01 5.700000000000000178e+00
-7.882699999999999818e+02 8.029999999999999361e+00 4.235000000000000142e+01
-7.880199999999999818e+02 3.552000000000000313e+01 2.330000000000000071e+00
-7.882599999999999909e+02 3.204999999999999716e+01 8.779999999999999361e+00
-7.883200000000000500e+02 2.087999999999999901e+01 2.776999999999999957e+01
-7.883700000000000045e+02 2.271000000000000085e+01 3.117000000000000171e+01
-7.882300000000000182e+02 3.527000000000000313e+01 4.299999999999999822e+00
-7.883600000000000136e+02 2.725000000000000000e+01 2.916000000000000014e+01
-7.877000000000000455e+02 1.394999999999999929e+01 2.694999999999999929e+01
-7.884500000000000455e+02 1.151999999999999957e+01 4.442000000000000171e+01
-7.884900000000000091e+02 5.079999999999999716e+01 3.279999999999999716e+01
-7.880900000000000318e+02 2.305999999999999872e+01 1.200999999999999979e+01
-7.881200000000000045e+02 3.200999999999999801e+01 6.030000000000000249e+00
-7.884299999999999500e+02 3.465999999999999659e+01 3.825000000000000000e+01
-7.884199999999999591e+02 6.080000000000000071e+00 4.564000000000000057e+01
