-7.882899999999999636e+02 2.360999999999999943e+01 1.405000000000000071e+01
-7.883099999999999454e+02 2.551999999999999957e+01 1.472000000000000064e+01
-7.880599999999999454e+02 3.005999999999999872e+01 4.049999999999999822e+00
-7.880599999999999454e+02 2.444000000000000128e+01 8.070000000000000284e+00
-7.881900000000000546e+02 1.885000000000000142e+01 3.062000000000000099e+01
-7.878999999999999773e+02 2.771999999999999886e+01 4.209999999999999964e+00
-7.880000000000000000e+02 3.878000000000000114e+01 0.000000000000000000e+00
-7.883899999999999864e+02 2.937000000000000099e+01 2.935000000000000142e+01
-7.883099999999999454e+02 1.436999999999999922e+01 3.148000000000000043e+01
-7.885800000000000409e+02 2.376999999999999957e+01 4.721999999999999886e+01
-7.878700000000000045e+02 1.334999999999999964e+01 3.329999999999999716e+01
-7.883999999999999773e+02 8.519999999999999574e+00 4.339000000000000057e+01
-7.880599999999999454e+02 1.978999999999999915e+01 1.751000000000000156e+01
-7.882799999999999727e+02 4.599999999999999645e+00 4.410999999999999943e+01
-7.883899999999999864e+02 1.535999999999999943e+01 3.807000000000000028e+01
-7.885000000000000000e+02 1.591000000000000014e+01 4.642999999999999972e+01
-7.885000000000000000e+02 2.403999999999999915e+01 4.272999999999999687e+01
-7.882999999999999545e+02 2.062000000000000099e+01 2.794000000000000128e+01
-7.884199999999999591e+02 3.857999999999999829e+01 3.500999999999999801e+01
-7.881299999999999955e+02 3.625999999999999801e+01 4.280000000000000249e+00
-7.876799999999999500e+02 1.468999999999999950e+01 2.394999999999999929e+01
-7.883400000000000318e+02 2.367999999999999972e+01 1.803999999999999915e+01
-7.879299999999999500e+02 1.994000000000000128e+01 8.779999999999999361e+00
-7.880199999999999818e+02 1.921999999999999886e+01 1.313000000000000078e+01
-7.877599999999999909e+02 2.308999999999999986e+01 4.559999999999999609e+00
-7.881399999999999864e+02 3.060000000000000142e+01 8.839999999999999858e+00
-7.877799999999999727e+02 2.701000000000000156e+01 3.699999999999999956e-01
-7.882899999999999636e+02 2.660999999999999943e+01 1.051999999999999957e+01
-7.878600000000000136e+02 3.403000000000000114e+01 5.999999999999999778e-02
-7.882200000000000273e+02 3.810999999999999943e+01 4.190000000000000391e+00
-7.884800000000000182e+02 8.480000000000000426e+00 4.811999999999999744e+01
-7.884800000000000182e+02 4.928000000000000114e+01 2.883999999999999986e+01
-7.883999999999999773e+02 2.192999999999999972e+01 3.288000000000000256e+01
-7.882999999999999545e+02 8.490000000000000213e+00 3.731000000000000227e+01
-7.885000000000000000e+02 3.518999999999999773e+01 4.088000000000000256e+01
-7.878500000000000227e+02 1.617999999999999972e+01 2.210999999999999943e+01
-7.881399999999999864e+02 4.200000000000000000e+01 0.000000000000000000e+00
-7.882899999999999636e+02 2.017000000000000171e+01 2.066000000000000014e+01
-7.877200000000000273e+02 1.323000000000000043e+01 3.232999999999999829e+01
-7.879600000000000364e+02 1.708999999999999986e+01 2.828000000000000114e+01
-7.882599999999999909e+02 3.083999999999999986e+01 7.059999999999999609e+00
-7.883999999999999773e+02 2.140000000000000124e+00 4.688000000000000256e+01
-7.885599999999999454e+02 4.210000000000000142e+01 4.349000000000000199e+01
-7.886100000000000136e+02 3.432000000000000028e+01 4.682000000000000028e+01
-7.881000000000000227e+02 2.482000000000000028e+01 1.253999999999999915e+01
-7.883999999999999773e+02 3.556000000000000227e+01 2.608999999999999986e+01
-7.880800000000000409e+02 2.153000000000000114e+01 1.541999999999999993e+01
-7.878400000000000318e+02 1.458000000000000007e+01 2.973000000000000043e+01
-7.884299999999999500e+02 3.818999999999999773e+01 3.625000000000000000e+01
-7.879600000000000364e+02 1.700000000000000000e+01 3.041000000000000014e+01
-7.879400000000000546e+02 2.482999999999999829e+01 5.700000000000000178e+00
-7.884700000000000273e+02 1.814999999999999858e+01 4.300999999999999801e+01
-7.881100000000000136e+02 2.844999999999999929e+01 7.900000000000000355e+00
-7.883099999999999454e+02 2.544999999999999929e+01 1.484999999999999964e+01
-7.880700000000000500e+02 2.194000000000000128e+01 1.228999999999999915e+01
-7.880800000000000409e+02 2.432999999999999829e+01 1.114000000000000057e+01
-7.882599999999999909e+02 3.207000000000000028e+01 5.490000000000000213e+00
-7.883200000000000500e+02 1.908999999999999986e+01 2.960000000000000142e+01
-7.882999999999999545e+02 2.533999999999999986e+01 1.491000000000000014e+01
-7.885499999999999545e+02 2.923000000000000043e+01 4.467999999999999972e+01
-7.882300000000000182e+02 3.527000000000000313e+01 4.299999999999999822e+00
-7.880499999999999545e+02 2.955000000000000071e+01 4.259999999999999787e+00
-7.883799999999999955e+02 2.944999999999999929e+01 2.823000000000000043e+01
-7.880099999999999909e+02 2.730000000000000071e+01 5.849999999999999645e+00
-7.884800000000000182e+02 1.198000000000000043e+01 4.725000000000000000e+01
-7.880599999999999454e+02 3.547999999999999687e+01 1.120000000000000107e+00
-7.884299999999999500e+02 3.931000000000000227e+01 2.614000000000000057e+01
-7.884299999999999500e+02 3.465999999999999659e+01 3.825000000000000000e+01
-7.876900000000000546e+02 1.567999999999999972e+01 2.532000000000000028e+01
-7.884099999999999682e+02 2.990000000000000213e+00 4.645000000000000284e+01
-7.884400000000000546e+02 1.135999999999999943e+01 4.425000000000000000e+01
-7.877699999999999818e+02 2.319000000000000128e+01 4.629999999999999893e+00
-7.885800000000000409e+02 2.339999999999999858e+01 4.732999999999999829e+01
-7.880599999999999454e+02 4.186999999999999744e+01 0.000000000000000000e+00
-7.883500000000000227e+02 2.503000000000000114e+01 1.805999999999999872e+01
-7.882799999999999727e+02 2.682000000000000028e+01 1.028999999999999915e+01
-7.884099999999999682e+02 2.033999999999999986e+01 3.735999999999999943e+01
-7.883300000000000409e+02 1.122000000000000064e+01 3.675999999999999801e+01
-7.883099999999999454e+02 3.669999999999999929e+00 4.489999999999999858e+01
-7.885700000000000500e+02 2.762000000000000099e+01 4.563000000000000256e+01
-7.877999999999999545e+02 3.060000000000000142e+01 2.700000000000000178e-01
-7.878200000000000500e+02 3.285999999999999943e+01 8.000000000000000167e-02
-7.884700000000000273e+02 4.867000000000000171e+01 2.942000000000000171e+01
-7.885299999999999727e+02 4.246999999999999886e+01 4.327000000000000313e+01
-7.879600000000000364e+02 2.101999999999999957e+01 8.529999999999999361e+00
-7.881000000000000227e+02 3.550000000000000000e+01 2.669999999999999929e+00
-7.882999999999999545e+02 1.363000000000000078e+01 3.247999999999999687e+01
-7.883799999999999955e+02 1.385999999999999943e+01 4.067999999999999972e+01
-7.879600000000000364e+02 2.471999999999999886e+01 5.790000000000000036e+00
-7.883300000000000409e+02 1.796999999999999886e+01 3.073999999999999844e+01
-7.877400000000000091e+02 2.180999999999999872e+01 7.639999999999999680e+00
-7.882000000000000455e+02 3.814999999999999858e+01 4.120000000000000107e+00
-7.883899999999999864e+02 3.629999999999999893e+00 4.589999999999999858e+01
-7.885800000000000409e+02 2.741000000000000014e+01 4.614000000000000057e+01
-7.884500000000000455e+02 2.105000000000000071e+01 4.071000000000000085e+01
-7.884600000000000364e+02 8.019999999999999574e+00 4.743999999999999773e+01
-7.883099999999999454e+02 3.919999999999999929e+00 4.471999999999999886e+01
-7.881499999999999773e+02 4.164999999999999858e+01 2.390000000000000124e+00
-7.884299999999999500e+02 1.744000000000000128e+01 4.375000000000000000e+01
-7.884600000000000364e+02 3.927000000000000313e+01 4.002000000000000313e+01
-7.884800000000000182e+02 1.290000000000000036e+01 4.724000000000000199e+01
-7.885700000000000500e+02 2.951999999999999957e+01 4.539999999999999858e+01
-7.883600000000000136e+02 2.600000000000000000e+01 2.898000000000000043e+01
-7.880900000000000318e+02 2.246000000000000085e+01 1.544999999999999929e+01
-7.883200000000000500e+02 2.273999999999999844e+01 1.508000000000000007e+01
-7.877699999999999818e+02 2.830000000000000071e+01 8.000000000000000167e-02
-7.883600000000000136e+02 1.789999999999999858e+01 3.302000000000000313e+01
-7.880800000000000409e+02 2.480000000000000071e+01 9.039999999999999147e+00
-7.882699999999999818e+02 2.494999999999999929e+01 1.244999999999999929e+01
-7.884700000000000273e+02 4.178000000000000114e+01 4.038000000000000256e+01
-7.880399999999999636e+02 1.839000000000000057e+01 2.382000000000000028e+01
-7.877000000000000455e+02 1.394999999999999929e+01 2.694999999999999929e+01
-7.884199999999999591e+02 9.539999999999999147e+00 4.492000000000000171e+01
-7.881100000000000136e+02 2.905000000000000071e+01 6.650000000000000355e+00
-7.885700000000000500e+02 4.046999999999999886e+01 4.400999999999999801e+01
-7.880499999999999545e+02 3.993999999999999773e+01 8.599999999999999867e-01
-7.883099999999999454e+02 2.087999999999999901e+01 2.839000000000000057e+01
-7.883600000000000136e+02 2.887999999999999901e+01 2.091000000000000014e+01
-7.877899999999999636e+02 1.450000000000000000e+01 3.121999999999999886e+01
-7.884600000000000364e+02 4.839000000000000057e+01 2.969000000000000128e+01
-7.880900000000000318e+02 3.252000000000000313e+01 3.899999999999999911e+00
-7.878300000000000409e+02 3.356000000000000227e+01 0.000000000000000000e+00
-7.880599999999999454e+02 2.005999999999999872e+01 1.284999999999999964e+01
-7.881000000000000227e+02 2.489999999999999858e+01 1.228999999999999915e+01
-7.881200000000000045e+02 3.792999999999999972e+01 3.890000000000000124e+00
-7.883799999999999955e+02 3.142000000000000171e+01 2.400000000000000000e+01
-7.883300000000000409e+02 1.008999999999999986e+01 3.679999999999999716e+01
-7.879600000000000364e+02 2.255000000000000071e+01 6.889999999999999680e+00
