-7.882999999999999545e+02 3.609999999999999876e+00 4.485999999999999943e+01
-7.882999999999999545e+02 2.014999999999999858e+01 2.732999999999999829e+01
-7.883999999999999773e+02 8.519999999999999574e+00 4.339000000000000057e+01
-7.880199999999999818e+02 1.921999999999999886e+01 1.313000000000000078e+01
-7.886100000000000136e+02 3.432000000000000028e+01 4.682000000000000028e+01
-7.883400000000000318e+02 2.367999999999999972e+01 1.803999999999999915e+01
-7.877599999999999909e+02 2.308999999999999986e+01 4.559999999999999609e+00
-7.878600000000000136e+02 2.721999999999999886e+01 4.110000000000000320e+00
-7.882400000000000091e+02 3.375999999999999801e+01 4.160000000000000142e+00
-7.884600000000000364e+02 3.454999999999999716e+01 4.025999999999999801e+01
-7.884800000000000182e+02 8.480000000000000426e+00 4.811999999999999744e+01
-7.884299999999999500e+02 3.818999999999999773e+01 3.625000000000000000e+01
-7.880399999999999636e+02 2.405999999999999872e+01 8.589999999999999858e+00
-7.883899999999999864e+02 1.535999999999999943e+01 3.807000000000000028e+01
-7.879600000000000364e+02 1.708999999999999986e+01 2.828000000000000114e+01
-7.883999999999999773e+02 1.919999999999999929e+00 4.696000000000000085e+01
-7.884800000000000182e+02 4.928000000000000114e+01 2.883999999999999986e+01
-7.882899999999999636e+02 2.660999999999999943e+01 1.051999999999999957e+01
-7.882799999999999727e+02 2.039000000000000057e+01 1.869000000000000128e+01
-7.878300000000000409e+02 3.356000000000000227e+01 0.000000000000000000e+00
-7.877799999999999727e+02 2.701000000000000156e+01 3.699999999999999956e-01
-7.885599999999999454e+02 4.210000000000000142e+01 4.349000000000000199e+01
-7.880599999999999454e+02 3.005999999999999872e+01 4.049999999999999822e+00
-7.880599999999999454e+02 1.978999999999999915e+01 1.751000000000000156e+01
-7.883099999999999454e+02 1.436999999999999922e+01 3.148000000000000043e+01
-7.881200000000000045e+02 2.898000000000000043e+01 8.359999999999999432e+00
-7.885000000000000000e+02 1.591000000000000014e+01 4.642999999999999972e+01
-7.881499999999999773e+02 4.042000000000000171e+01 9.899999999999999911e-01
-7.883799999999999955e+02 2.814000000000000057e+01 2.925000000000000000e+01
-7.883099999999999454e+02 2.551999999999999957e+01 1.472000000000000064e+01
-7.881000000000000227e+02 2.482000000000000028e+01 1.253999999999999915e+01
-7.882599999999999909e+02 3.083999999999999986e+01 7.059999999999999609e+00
-7.885000000000000000e+02 2.378999999999999915e+01 4.267000000000000171e+01
-7.883999999999999773e+02 2.192999999999999972e+01 3.288000000000000256e+01
-7.878500000000000227e+02 1.617999999999999972e+01 2.210999999999999943e+01
-7.883999999999999773e+02 3.590999999999999659e+01 2.605999999999999872e+01
-7.882799999999999727e+02 2.353999999999999915e+01 1.425000000000000000e+01
-7.882999999999999545e+02 8.490000000000000213e+00 3.731000000000000227e+01
-7.880000000000000000e+02 3.878000000000000114e+01 0.000000000000000000e+00
-7.877200000000000273e+02 1.323000000000000043e+01 3.232999999999999829e+01
-7.879299999999999500e+02 1.994000000000000128e+01 8.779999999999999361e+00
-7.885800000000000409e+02 2.376999999999999957e+01 4.721999999999999886e+01
-7.883400000000000318e+02 8.400000000000000355e+00 4.017000000000000171e+01
-7.884700000000000273e+02 1.807000000000000028e+01 4.292999999999999972e+01
-7.883300000000000409e+02 1.118999999999999950e+01 3.606000000000000227e+01
-7.883700000000000045e+02 1.478999999999999915e+01 3.581000000000000227e+01
-7.877899999999999636e+02 1.450000000000000000e+01 3.121999999999999886e+01
-7.883200000000000500e+02 1.803999999999999915e+01 3.051000000000000156e+01
-7.879199999999999591e+02 1.522000000000000064e+01 2.900000000000000000e+01
-7.880499999999999545e+02 3.078000000000000114e+01 3.069999999999999840e+00
-7.881599999999999682e+02 4.078999999999999915e+01 8.199999999999999512e-01
-7.880000000000000000e+02 2.460999999999999943e+01 6.219999999999999751e+00
-7.884700000000000273e+02 1.994000000000000128e+01 4.207999999999999829e+01
-7.880900000000000318e+02 2.462999999999999901e+01 1.057000000000000028e+01
-7.881100000000000136e+02 2.787000000000000099e+01 9.640000000000000568e+00
-7.882899999999999636e+02 2.017000000000000171e+01 2.066000000000000014e+01
-7.877699999999999818e+02 2.319000000000000128e+01 4.629999999999999893e+00
-7.878400000000000318e+02 2.687999999999999901e+01 1.449999999999999956e+00
-7.884199999999999591e+02 3.731000000000000227e+01 3.439000000000000057e+01
-7.884600000000000364e+02 8.019999999999999574e+00 4.743999999999999773e+01
-7.883999999999999773e+02 3.556000000000000227e+01 2.608999999999999986e+01
-7.884600000000000364e+02 4.839000000000000057e+01 2.969000000000000128e+01
-7.883999999999999773e+02 4.790000000000000036e+00 4.540999999999999659e+01
-7.876699999999999591e+02 1.383999999999999986e+01 2.680999999999999872e+01
-7.883099999999999454e+02 2.544999999999999929e+01 1.484999999999999964e+01
-7.878999999999999773e+02 2.771999999999999886e+01 4.209999999999999964e+00
-7.882699999999999818e+02 2.494999999999999929e+01 1.244999999999999929e+01
-7.882400000000000091e+02 3.215999999999999659e+01 5.349999999999999645e+00
-7.883300000000000409e+02 1.894000000000000128e+01 2.971999999999999886e+01
-7.885700000000000500e+02 2.503000000000000114e+01 4.657999999999999829e+01
-7.883400000000000318e+02 2.014000000000000057e+01 3.064999999999999858e+01
-7.882899999999999636e+02 2.360999999999999943e+01 1.405000000000000071e+01
-7.880499999999999545e+02 1.910000000000000142e+01 1.803999999999999915e+01
-7.883600000000000136e+02 2.757000000000000028e+01 2.835999999999999943e+01
-7.877999999999999545e+02 3.080999999999999872e+01 0.000000000000000000e+00
-7.885700000000000500e+02 4.046999999999999886e+01 4.400999999999999801e+01
-7.883200000000000500e+02 5.309999999999999609e+00 4.178999999999999915e+01
-7.883099999999999454e+02 2.335999999999999943e+01 2.496000000000000085e+01
-7.880199999999999818e+02 3.517000000000000171e+01 8.699999999999999956e-01
-7.884900000000000091e+02 3.536999999999999744e+01 4.075000000000000000e+01
-7.879600000000000364e+02 2.101999999999999957e+01 8.529999999999999361e+00
-7.882300000000000182e+02 3.452000000000000313e+01 2.589999999999999858e+00
-7.880299999999999727e+02 1.926000000000000156e+01 1.323000000000000043e+01
-7.885599999999999454e+02 3.162000000000000099e+01 4.510999999999999943e+01
-7.882899999999999636e+02 8.150000000000000355e+00 3.993999999999999773e+01
-7.884500000000000455e+02 7.740000000000000213e+00 4.677000000000000313e+01
-7.883600000000000136e+02 1.524000000000000021e+01 3.296999999999999886e+01
-7.884700000000000273e+02 1.637999999999999901e+01 4.352000000000000313e+01
-7.883300000000000409e+02 1.937000000000000099e+01 2.926000000000000156e+01
-7.882999999999999545e+02 2.455000000000000071e+01 1.450000000000000000e+01
-7.880599999999999454e+02 3.835000000000000142e+01 8.199999999999999512e-01
-7.885499999999999545e+02 2.923000000000000043e+01 4.467999999999999972e+01
-7.881000000000000227e+02 2.367999999999999972e+01 1.401999999999999957e+01
-7.882699999999999818e+02 2.475000000000000000e+01 1.271000000000000085e+01
-7.883600000000000136e+02 2.860000000000000142e+01 2.794000000000000128e+01
-7.880700000000000500e+02 2.757000000000000028e+01 7.290000000000000036e+00
-7.879600000000000364e+02 1.700000000000000000e+01 3.041000000000000014e+01
-7.878700000000000045e+02 1.558000000000000007e+01 2.469999999999999929e+01
-7.883999999999999773e+02 3.514999999999999858e+01 2.621999999999999886e+01
-7.885599999999999454e+02 3.817999999999999972e+01 4.450000000000000000e+01
-7.878200000000000500e+02 3.285999999999999943e+01 8.000000000000000167e-02
-7.878400000000000318e+02 2.467999999999999972e+01 2.279999999999999805e+00
-7.877999999999999545e+02 1.366999999999999993e+01 3.176999999999999957e+01
-7.884500000000000455e+02 2.287000000000000099e+01 4.031000000000000227e+01
-7.883899999999999864e+02 6.790000000000000036e+00 4.364000000000000057e+01
-7.885700000000000500e+02 2.580000000000000071e+01 4.600999999999999801e+01
-7.884700000000000273e+02 4.867000000000000171e+01 2.942000000000000171e+01
-7.883799999999999955e+02 1.289000000000000057e+01 3.709000000000000341e+01
-7.880599999999999454e+02 3.250000000000000000e+01 2.919999999999999929e+00
-7.884099999999999682e+02 2.990000000000000213e+00 4.645000000000000284e+01
-7.883500000000000227e+02 2.503000000000000114e+01 1.805999999999999872e+01
-7.877899999999999636e+02 2.421000000000000085e+01 3.720000000000000195e+00
-7.882699999999999818e+02 2.923999999999999844e+01 7.500000000000000000e+00
-7.883099999999999454e+02 3.529999999999999805e+00 4.489000000000000057e+01
-7.880299999999999727e+02 2.041000000000000014e+01 1.233999999999999986e+01
-7.881499999999999773e+02 4.047999999999999687e+01 9.799999999999999822e-01
-7.884099999999999682e+02 2.203999999999999915e+01 3.892000000000000171e+01
-7.880900000000000318e+02 2.580000000000000071e+01 9.490000000000000213e+00
-7.880599999999999454e+02 2.380000000000000071e+01 9.250000000000000000e+00
-7.881699999999999591e+02 4.000999999999999801e+01 1.199999999999999956e+00
-7.883300000000000409e+02 1.380000000000000071e+01 3.234000000000000341e+01
-7.884700000000000273e+02 9.689999999999999503e+00 4.696000000000000085e+01
-7.885099999999999909e+02 2.185000000000000142e+01 4.817999999999999972e+01
-7.883600000000000136e+02 2.742999999999999972e+01 2.842999999999999972e+01
-7.883899999999999864e+02 1.789000000000000057e+01 3.600000000000000000e+01
-7.880599999999999454e+02 3.037000000000000099e+01 3.899999999999999911e+00
-7.880299999999999727e+02 3.393999999999999773e+01 1.570000000000000062e+00
-7.878400000000000318e+02 2.557999999999999829e+01 1.620000000000000107e+00
