-7.882400000000000091e+02 3.250999999999999801e+01 4.929999999999999716e+00
-7.883999999999999773e+02 1.919999999999999929e+00 4.696000000000000085e+01
-7.882799999999999727e+02 2.353999999999999915e+01 1.425000000000000000e+01
-7.885800000000000409e+02 2.376999999999999957e+01 4.721999999999999886e+01
-7.884400000000000546e+02 4.357999999999999829e+01 3.768999999999999773e+01
-7.884600000000000364e+02 3.396999999999999886e+01 4.024000000000000199e+01
-7.883099999999999454e+02 3.410000000000000142e+00 4.470000000000000284e+01
-7.883999999999999773e+02 8.519999999999999574e+00 4.339000000000000057e+01
-7.877200000000000273e+02 1.323000000000000043e+01 3.232999999999999829e+01
-7.885800000000000409e+02 4.295000000000000284e+01 4.538000000000000256e+01
-7.883799999999999955e+02 1.448000000000000043e+01 3.875000000000000000e+01
-7.881200000000000045e+02 2.898000000000000043e+01 8.359999999999999432e+00
-7.878500000000000227e+02 3.482000000000000028e+01 0.000000000000000000e+00
-7.882999999999999545e+02 2.017000000000000171e+01 2.730000000000000071e+01
-7.879600000000000364e+02 1.708999999999999986e+01 2.828000000000000114e+01
-7.878500000000000227e+02 1.617999999999999972e+01 2.210999999999999943e+01
-7.882599999999999909e+02 2.623000000000000043e+01 1.096000000000000085e+01
-7.881000000000000227e+02 2.482000000000000028e+01 1.253999999999999915e+01
-7.882899999999999636e+02 2.012999999999999901e+01 1.932999999999999829e+01
-7.884800000000000182e+02 4.872999999999999687e+01 2.960000000000000142e+01
-7.883099999999999454e+02 2.469999999999999929e+01 1.396000000000000085e+01
-7.879299999999999500e+02 1.994000000000000128e+01 8.779999999999999361e+00
-7.883899999999999864e+02 2.039999999999999858e+01 3.325999999999999801e+01
-7.883899999999999864e+02 3.647999999999999687e+01 2.605000000000000071e+01
-7.883099999999999454e+02 1.436999999999999922e+01 3.148000000000000043e+01
-7.877599999999999909e+02 2.287999999999999901e+01 4.629999999999999893e+00
-7.883799999999999955e+02 2.814000000000000057e+01 2.925000000000000000e+01
-7.882699999999999818e+02 3.039000000000000057e+01 6.240000000000000213e+00
-7.885000000000000000e+02 1.591000000000000014e+01 4.642999999999999972e+01
-7.880199999999999818e+02 1.921999999999999886e+01 1.313000000000000078e+01
-7.878600000000000136e+02 2.721999999999999886e+01 4.110000000000000320e+00
-7.884800000000000182e+02 8.480000000000000426e+00 4.811999999999999744e+01
-7.882400000000000091e+02 3.353000000000000114e+01 3.850000000000000089e+00
-7.880299999999999727e+02 2.946000000000000085e+01 3.560000000000000053e+00
-7.882999999999999545e+02 8.490000000000000213e+00 3.731000000000000227e+01
-7.879700000000000273e+02 3.835999999999999943e+01 0.000000000000000000e+00
-7.877799999999999727e+02 2.698999999999999844e+01 3.699999999999999956e-01
-7.881000000000000227e+02 4.043999999999999773e+01 0.000000000000000000e+00
-7.880599999999999454e+02 1.978999999999999915e+01 1.751000000000000156e+01
-7.885000000000000000e+02 2.346999999999999886e+01 4.260999999999999943e+01
-7.880399999999999636e+02 2.405999999999999872e+01 8.589999999999999858e+00
-7.883400000000000318e+02 2.367999999999999972e+01 1.803999999999999915e+01
-7.886100000000000136e+02 3.428999999999999915e+01 4.684000000000000341e+01
-7.877599999999999909e+02 2.308999999999999986e+01 4.559999999999999609e+00
-7.880900000000000318e+02 3.182000000000000028e+01 5.419999999999999929e+00
-7.878500000000000227e+02 1.369999999999999929e+01 3.275000000000000000e+01
-7.885199999999999818e+02 4.442999999999999972e+01 4.214999999999999858e+01
-7.876799999999999500e+02 1.272000000000000064e+01 2.787000000000000099e+01
-7.883300000000000409e+02 1.084999999999999964e+01 3.739999999999999858e+01
-7.881900000000000546e+02 3.915999999999999659e+01 8.599999999999999867e-01
-7.885599999999999454e+02 4.210000000000000142e+01 4.349000000000000199e+01
-7.882799999999999727e+02 2.210999999999999943e+01 1.694000000000000128e+01
-7.883300000000000409e+02 2.319000000000000128e+01 2.730999999999999872e+01
-7.885800000000000409e+02 2.501000000000000156e+01 4.714999999999999858e+01
-7.882699999999999818e+02 2.923999999999999844e+01 7.500000000000000000e+00
-7.878700000000000045e+02 3.067000000000000171e+01 2.600000000000000089e+00
-7.880700000000000500e+02 3.343999999999999773e+01 2.549999999999999822e+00
-7.883300000000000409e+02 6.690000000000000391e+00 4.150000000000000000e+01
-7.879800000000000182e+02 2.323999999999999844e+01 7.110000000000000320e+00
-7.880700000000000500e+02 2.417000000000000171e+01 1.093999999999999950e+01
-7.882999999999999545e+02 2.026999999999999957e+01 1.805000000000000071e+01
-7.884299999999999500e+02 1.644000000000000128e+01 4.168999999999999773e+01
-7.876699999999999591e+02 1.466000000000000014e+01 2.601999999999999957e+01
-7.883700000000000045e+02 2.771000000000000085e+01 2.941000000000000014e+01
-7.883700000000000045e+02 2.276000000000000156e+01 3.256000000000000227e+01
-7.882300000000000182e+02 3.452000000000000313e+01 2.589999999999999858e+00
-7.884700000000000273e+02 4.882999999999999829e+01 2.603999999999999915e+01
-7.883200000000000500e+02 2.391000000000000014e+01 1.626999999999999957e+01
-7.884500000000000455e+02 2.287000000000000099e+01 4.031000000000000227e+01
-7.883200000000000500e+02 1.500999999999999979e+01 3.117999999999999972e+01
-7.885299999999999727e+02 3.270000000000000284e+01 4.357000000000000028e+01
-7.884099999999999682e+02 3.925000000000000000e+01 2.655999999999999872e+01
-7.884099999999999682e+02 2.990000000000000213e+00 4.645000000000000284e+01
-7.882999999999999545e+02 5.080000000000000071e+00 4.288000000000000256e+01
-7.878300000000000409e+02 2.857999999999999829e+01 0.000000000000000000e+00
-7.884700000000000273e+02 9.550000000000000711e+00 4.760999999999999943e+01
-7.877999999999999545e+02 2.369999999999999929e+01 4.879999999999999893e+00
-7.880299999999999727e+02 1.928000000000000114e+01 1.228999999999999915e+01
-7.885499999999999545e+02 2.908999999999999986e+01 4.428999999999999915e+01
-7.882599999999999909e+02 2.621000000000000085e+01 1.098000000000000043e+01
-7.881000000000000227e+02 2.846999999999999886e+01 8.669999999999999929e+00
-7.885199999999999818e+02 1.664999999999999858e+01 4.703999999999999915e+01
-7.879600000000000364e+02 2.098000000000000043e+01 8.470000000000000639e+00
-7.880499999999999545e+02 2.157999999999999829e+01 1.723999999999999844e+01
-7.883999999999999773e+02 4.790000000000000036e+00 4.540999999999999659e+01
-7.885499999999999545e+02 3.021999999999999886e+01 4.424000000000000199e+01
-7.884299999999999500e+02 3.818999999999999773e+01 3.625000000000000000e+01
-7.882999999999999545e+02 2.014999999999999858e+01 2.732999999999999829e+01
-7.884700000000000273e+02 4.867000000000000171e+01 2.942000000000000171e+01
-7.882899999999999636e+02 5.000000000000000000e+00 4.284000000000000341e+01
-7.885299999999999727e+02 2.012999999999999901e+01 4.743999999999999773e+01
-7.877999999999999545e+02 1.366999999999999993e+01 3.176999999999999957e+01
-7.883999999999999773e+02 8.640000000000000568e+00 4.329999999999999716e+01
-7.885800000000000409e+02 2.648999999999999844e+01 4.646999999999999886e+01
-7.878500000000000227e+02 1.535999999999999943e+01 2.876000000000000156e+01
-7.883799999999999955e+02 2.871999999999999886e+01 2.891000000000000014e+01
-7.877999999999999545e+02 2.762000000000000099e+01 2.200000000000000011e-01
-7.879800000000000182e+02 2.057999999999999829e+01 9.730000000000000426e+00
-7.880599999999999454e+02 3.250000000000000000e+01 2.919999999999999929e+00
-7.884600000000000364e+02 1.165000000000000036e+01 4.647999999999999687e+01
-7.885299999999999727e+02 2.857999999999999829e+01 4.531000000000000227e+01
-7.882400000000000091e+02 3.215999999999999659e+01 5.349999999999999645e+00
-7.884099999999999682e+02 2.894999999999999929e+01 3.768999999999999773e+01
-7.880399999999999636e+02 1.939000000000000057e+01 1.735000000000000142e+01
-7.883500000000000227e+02 1.698000000000000043e+01 3.263000000000000256e+01
-7.881799999999999500e+02 3.959000000000000341e+01 5.300000000000000266e-01
-7.882999999999999545e+02 2.291000000000000014e+01 1.486999999999999922e+01
-7.883200000000000500e+02 2.305000000000000071e+01 1.644999999999999929e+01
-7.885700000000000500e+02 4.046999999999999886e+01 4.400999999999999801e+01
-7.883300000000000409e+02 1.835000000000000142e+01 3.178999999999999915e+01
-7.883999999999999773e+02 3.556000000000000227e+01 2.608999999999999986e+01
-7.880599999999999454e+02 2.380000000000000071e+01 9.250000000000000000e+00
-7.883300000000000409e+02 2.453000000000000114e+01 1.662999999999999901e+01
-7.881000000000000227e+02 2.367999999999999972e+01 1.401999999999999957e+01
-7.882599999999999909e+02 2.553000000000000114e+01 1.175999999999999979e+01
-7.881100000000000136e+02 2.755999999999999872e+01 9.810000000000000497e+00
-7.880800000000000409e+02 3.356000000000000227e+01 2.520000000000000018e+00
-7.877899999999999636e+02 2.314000000000000057e+01 4.620000000000000107e+00
-7.878400000000000318e+02 1.574000000000000021e+01 2.203000000000000114e+01
-7.878999999999999773e+02 2.771999999999999886e+01 4.209999999999999964e+00
-7.884299999999999500e+02 1.639999999999999858e+01 4.200000000000000000e+01
-7.883200000000000500e+02 9.099999999999999645e+00 3.692999999999999972e+01
-7.883500000000000227e+02 1.175000000000000000e+01 3.760000000000000142e+01
-7.884900000000000091e+02 3.536999999999999744e+01 4.075000000000000000e+01
-7.877899999999999636e+02 1.311999999999999922e+01 3.282999999999999829e+01
-7.883300000000000409e+02 5.389999999999999680e+00 4.214999999999999858e+01
-7.883300000000000409e+02 2.410999999999999943e+01 1.680999999999999872e+01
-7.885700000000000500e+02 3.062999999999999901e+01 4.490999999999999659e+01
