-7.882899999999999636e+02 2.012999999999999901e+01 1.932999999999999829e+01
-7.881100000000000136e+02 3.954999999999999716e+01 0.000000000000000000e+00
-7.882899999999999636e+02 5.000000000000000000e+00 4.284000000000000341e+01
-7.879800000000000182e+02 3.435000000000000142e+01 1.409999999999999920e+00
-7.882400000000000091e+02 3.353000000000000114e+01 3.850000000000000089e+00
-7.884600000000000364e+02 4.750999999999999801e+01 3.089000000000000057e+01
-7.885299999999999727e+02 3.169999999999999929e+01 4.367000000000000171e+01
-7.883799999999999955e+02 3.107000000000000028e+01 2.444000000000000128e+01
-7.880000000000000000e+02 2.262999999999999901e+01 8.269999999999999574e+00
-7.884700000000000273e+02 4.882999999999999829e+01 2.603999999999999915e+01
-7.885000000000000000e+02 1.591000000000000014e+01 4.642999999999999972e+01
-7.885000000000000000e+02 2.178999999999999915e+01 4.347999999999999687e+01
-7.880800000000000409e+02 2.267000000000000171e+01 1.348000000000000043e+01
-7.878799999999999955e+02 2.901000000000000156e+01 3.620000000000000107e+00
-7.882799999999999727e+02 1.950000000000000000e+01 3.021000000000000085e+01
-7.883999999999999773e+02 8.480000000000000426e+00 4.342999999999999972e+01
-7.881000000000000227e+02 2.846999999999999886e+01 8.669999999999999929e+00
-7.877999999999999545e+02 2.369999999999999929e+01 4.879999999999999893e+00
-7.878300000000000409e+02 2.857999999999999829e+01 0.000000000000000000e+00
-7.880399999999999636e+02 1.907000000000000028e+01 1.819999999999999929e+01
-7.877699999999999818e+02 1.271000000000000085e+01 2.821000000000000085e+01
-7.885800000000000409e+02 4.295000000000000284e+01 4.538000000000000256e+01
-7.882699999999999818e+02 2.923999999999999844e+01 7.500000000000000000e+00
-7.884800000000000182e+02 8.480000000000000426e+00 4.811999999999999744e+01
-7.883899999999999864e+02 2.694000000000000128e+01 2.962000000000000099e+01
-7.886000000000000227e+02 2.891000000000000014e+01 4.684000000000000341e+01
-7.881799999999999500e+02 3.960000000000000142e+01 1.600000000000000033e-01
-7.878500000000000227e+02 1.535999999999999943e+01 2.876000000000000156e+01
-7.883099999999999454e+02 1.436999999999999922e+01 3.148000000000000043e+01
-7.883999999999999773e+02 1.919999999999999929e+00 4.696000000000000085e+01
-7.878400000000000318e+02 1.574000000000000021e+01 2.203000000000000114e+01
-7.882599999999999909e+02 2.553000000000000114e+01 1.175999999999999979e+01
-7.884299999999999500e+02 3.818999999999999773e+01 3.625000000000000000e+01
-7.882999999999999545e+02 8.490000000000000213e+00 3.731000000000000227e+01
-7.880199999999999818e+02 1.921999999999999886e+01 1.313000000000000078e+01
-7.885800000000000409e+02 2.376999999999999957e+01 4.721999999999999886e+01
-7.880900000000000318e+02 3.182000000000000028e+01 5.419999999999999929e+00
-7.879199999999999591e+02 1.967999999999999972e+01 9.359999999999999432e+00
-7.877799999999999727e+02 1.271000000000000085e+01 3.549000000000000199e+01
-7.883300000000000409e+02 2.453000000000000114e+01 1.662999999999999901e+01
-7.883799999999999955e+02 1.448000000000000043e+01 3.875000000000000000e+01
-7.882799999999999727e+02 2.210999999999999943e+01 1.694000000000000128e+01
-7.883700000000000045e+02 2.035999999999999943e+01 3.440999999999999659e+01
-7.883899999999999864e+02 3.647999999999999687e+01 2.605000000000000071e+01
-7.884199999999999591e+02 3.825999999999999801e+01 3.621999999999999886e+01
-7.877799999999999727e+02 2.698999999999999844e+01 3.699999999999999956e-01
-7.880099999999999909e+02 2.714999999999999858e+01 6.549999999999999822e+00
-7.878500000000000227e+02 1.369999999999999929e+01 3.275000000000000000e+01
-7.878500000000000227e+02 2.723999999999999844e+01 4.089999999999999858e+00
-7.882699999999999818e+02 2.594000000000000128e+01 1.126999999999999957e+01
-7.879299999999999500e+02 2.196999999999999886e+01 7.080000000000000071e+00
-7.883799999999999955e+02 2.871999999999999886e+01 2.891000000000000014e+01
-7.882899999999999636e+02 2.032999999999999829e+01 1.798999999999999844e+01
-7.885499999999999545e+02 2.351000000000000156e+01 4.800999999999999801e+01
-7.876699999999999591e+02 1.434999999999999964e+01 2.610000000000000142e+01
-7.884700000000000273e+02 4.875999999999999801e+01 2.605000000000000071e+01
-7.884700000000000273e+02 9.050000000000000711e+00 4.778999999999999915e+01
-7.876799999999999500e+02 1.272000000000000064e+01 2.787000000000000099e+01
-7.879299999999999500e+02 1.994000000000000128e+01 8.779999999999999361e+00
-7.881399999999999864e+02 4.063000000000000256e+01 2.000000000000000042e-02
-7.880800000000000409e+02 2.175000000000000000e+01 1.407000000000000028e+01
-7.880700000000000500e+02 2.969999999999999929e+01 4.599999999999999645e+00
-7.880299999999999727e+02 1.928000000000000114e+01 1.228999999999999915e+01
-7.883200000000000500e+02 9.099999999999999645e+00 3.692999999999999972e+01
-7.881000000000000227e+02 2.639999999999999858e+01 9.359999999999999432e+00
-7.883200000000000500e+02 1.500999999999999979e+01 3.117999999999999972e+01
-7.880700000000000500e+02 3.588000000000000256e+01 1.379999999999999893e+00
-7.884299999999999500e+02 2.619000000000000128e+01 3.861999999999999744e+01
-7.882999999999999545e+02 2.371000000000000085e+01 1.391999999999999993e+01
-7.883700000000000045e+02 5.280000000000000249e+00 4.347999999999999687e+01
-7.882999999999999545e+02 5.080000000000000071e+00 4.288000000000000256e+01
-7.883899999999999864e+02 3.069999999999999840e+00 4.446000000000000085e+01
-7.885800000000000409e+02 2.501000000000000156e+01 4.714999999999999858e+01
-7.885199999999999818e+02 3.843999999999999773e+01 4.204999999999999716e+01
-7.884700000000000273e+02 4.763000000000000256e+01 3.067999999999999972e+01
-7.882999999999999545e+02 2.017000000000000171e+01 2.730000000000000071e+01
-7.878500000000000227e+02 3.482000000000000028e+01 0.000000000000000000e+00
-7.883600000000000136e+02 1.450999999999999979e+01 3.271000000000000085e+01
-7.882699999999999818e+02 3.028999999999999915e+01 6.339999999999999858e+00
-7.885700000000000500e+02 2.714999999999999858e+01 4.603000000000000114e+01
-7.883799999999999955e+02 2.255000000000000071e+01 3.157000000000000028e+01
-7.885199999999999818e+02 1.664999999999999858e+01 4.703999999999999915e+01
-7.881200000000000045e+02 3.756000000000000227e+01 3.000000000000000000e+00
-7.880000000000000000e+02 1.891000000000000014e+01 2.362000000000000099e+01
-7.883300000000000409e+02 2.410999999999999943e+01 1.680999999999999872e+01
-7.877100000000000364e+02 1.267999999999999972e+01 3.349000000000000199e+01
-7.884500000000000455e+02 3.693999999999999773e+01 3.903999999999999915e+01
-7.885700000000000500e+02 4.046999999999999886e+01 4.400999999999999801e+01
-7.879900000000000091e+02 2.182000000000000028e+01 9.679999999999999716e+00
-7.881299999999999955e+02 2.907000000000000028e+01 7.740000000000000213e+00
-7.880499999999999545e+02 1.932000000000000028e+01 1.760999999999999943e+01
-7.877899999999999636e+02 2.314999999999999858e+01 5.259999999999999787e+00
-7.880599999999999454e+02 2.898000000000000043e+01 4.700000000000000178e+00
-7.877200000000000273e+02 1.846999999999999886e+01 1.885999999999999943e+01
-7.877999999999999545e+02 2.762000000000000099e+01 2.200000000000000011e-01
-7.878200000000000500e+02 1.546000000000000085e+01 2.564999999999999858e+01
-7.885499999999999545e+02 2.269000000000000128e+01 4.804999999999999716e+01
-7.884900000000000091e+02 1.250999999999999979e+01 4.642000000000000171e+01
-7.884099999999999682e+02 2.990000000000000213e+00 4.645000000000000284e+01
-7.883099999999999454e+02 2.030000000000000071e+01 3.003000000000000114e+01
-7.882599999999999909e+02 2.623000000000000043e+01 1.096000000000000085e+01
-7.884700000000000273e+02 4.867000000000000171e+01 2.942000000000000171e+01
-7.883600000000000136e+02 2.744999999999999929e+01 1.957000000000000028e+01
-7.881000000000000227e+02 2.367999999999999972e+01 1.401999999999999957e+01
-7.884800000000000182e+02 1.028999999999999915e+01 4.778999999999999915e+01
-7.882599999999999909e+02 3.185999999999999943e+01 5.429999999999999716e+00
-7.879600000000000364e+02 1.708999999999999986e+01 2.828000000000000114e+01
-7.886000000000000227e+02 3.206000000000000227e+01 4.671000000000000085e+01
-7.882999999999999545e+02 2.026999999999999957e+01 1.805000000000000071e+01
-7.880700000000000500e+02 3.343999999999999773e+01 2.549999999999999822e+00
-7.885000000000000000e+02 2.323999999999999844e+01 4.346000000000000085e+01
-7.883899999999999864e+02 1.705000000000000071e+01 3.917000000000000171e+01
-7.882699999999999818e+02 2.751000000000000156e+01 9.460000000000000853e+00
-7.880099999999999909e+02 3.822999999999999687e+01 0.000000000000000000e+00
-7.880000000000000000e+02 3.735999999999999943e+01 0.000000000000000000e+00
-7.883999999999999773e+02 8.519999999999999574e+00 4.339000000000000057e+01
-7.885299999999999727e+02 3.270000000000000284e+01 4.357000000000000028e+01
-7.884199999999999591e+02 2.382000000000000028e+01 3.624000000000000199e+01
-7.881799999999999500e+02 3.959000000000000341e+01 5.300000000000000266e-01
-7.883700000000000045e+02 2.814000000000000057e+01 2.844000000000000128e+01
-7.884600000000000364e+02 3.396999999999999886e+01 4.024000000000000199e+01
-7.879099999999999682e+02 2.105999999999999872e+01 8.320000000000000284e+00
-7.883899999999999864e+02 3.500999999999999801e+01 2.616000000000000014e+01
-7.884500000000000455e+02 4.703000000000000114e+01 3.400999999999999801e+01
-7.883400000000000318e+02 2.367999999999999972e+01 1.803999999999999915e+01
-7.885299999999999727e+02 2.012999999999999901e+01 4.743999999999999773e+01
-7.880599999999999454e+02 2.369000000000000128e+01 1.115000000000000036e+01
-7.885800000000000409e+02 4.335000000000000142e+01 4.486999999999999744e+01
