-7.883400000000000318e+02 2.305999999999999872e+01 3.101000000000000156e+01
-7.882899999999999636e+02 2.012999999999999901e+01 1.932999999999999829e+01
-7.880499999999999545e+02 1.860000000000000142e+01 1.632000000000000028e+01
-7.878500000000000227e+02 2.457999999999999829e+01 4.620000000000000107e+00
-7.883600000000000136e+02 2.744999999999999929e+01 1.957000000000000028e+01
-7.883400000000000318e+02 1.549000000000000021e+01 3.192000000000000171e+01
-7.885299999999999727e+02 1.667999999999999972e+01 4.749000000000000199e+01
-7.877400000000000091e+02 1.500000000000000000e+01 2.841000000000000014e+01
-7.884500000000000455e+02 3.693999999999999773e+01 3.903999999999999915e+01
-7.882599999999999909e+02 1.405000000000000071e+01 3.350000000000000000e+01
-7.878400000000000318e+02 2.783999999999999986e+01 0.000000000000000000e+00
-7.879199999999999591e+02 1.967999999999999972e+01 9.359999999999999432e+00
-7.880299999999999727e+02 1.921000000000000085e+01 1.234999999999999964e+01
-7.884500000000000455e+02 2.344999999999999929e+01 3.975000000000000000e+01
-7.880800000000000409e+02 3.167000000000000171e+01 5.540000000000000036e+00
-7.883899999999999864e+02 3.350999999999999801e+01 2.623999999999999844e+01
-7.880099999999999909e+02 2.817000000000000171e+01 4.620000000000000107e+00
-7.880099999999999909e+02 3.350999999999999801e+01 8.000000000000000444e-01
-7.879500000000000455e+02 1.733999999999999986e+01 2.751999999999999957e+01
-7.879400000000000546e+02 1.568999999999999950e+01 3.071000000000000085e+01
-7.885800000000000409e+02 3.137000000000000099e+01 4.561999999999999744e+01
-7.885700000000000500e+02 4.396999999999999886e+01 4.450000000000000000e+01
-7.881000000000000227e+02 2.519999999999999929e+01 1.442999999999999972e+01
-7.883500000000000227e+02 1.297000000000000064e+01 3.907999999999999829e+01
-7.884600000000000364e+02 1.098000000000000043e+01 4.578000000000000114e+01
-7.877999999999999545e+02 1.541999999999999993e+01 2.264000000000000057e+01
-7.882799999999999727e+02 2.919999999999999929e+01 7.790000000000000036e+00
-7.884700000000000273e+02 4.875999999999999801e+01 2.605000000000000071e+01
-7.880199999999999818e+02 2.282000000000000028e+01 8.740000000000000213e+00
-7.882999999999999545e+02 8.490000000000000213e+00 3.731000000000000227e+01
-7.883999999999999773e+02 1.919999999999999929e+00 4.695000000000000284e+01
-7.876699999999999591e+02 1.434999999999999964e+01 2.610000000000000142e+01
-7.881200000000000045e+02 3.582999999999999829e+01 3.400000000000000244e-01
-7.884600000000000364e+02 7.049999999999999822e+00 4.789999999999999858e+01
-7.884500000000000455e+02 1.826000000000000156e+01 4.250999999999999801e+01
-7.885800000000000409e+02 2.616000000000000014e+01 4.665999999999999659e+01
-7.882899999999999636e+02 2.544000000000000128e+01 1.188000000000000078e+01
-7.880900000000000318e+02 2.760000000000000142e+01 8.080000000000000071e+00
-7.884299999999999500e+02 3.850000000000000089e+00 4.813000000000000256e+01
-7.882799999999999727e+02 2.232000000000000028e+01 1.557000000000000028e+01
-7.883700000000000045e+02 6.519999999999999574e+00 4.290999999999999659e+01
-7.883700000000000045e+02 2.967000000000000171e+01 2.858999999999999986e+01
-7.882400000000000091e+02 3.353000000000000114e+01 3.850000000000000089e+00
-7.878099999999999454e+02 2.500000000000000000e+01 4.339999999999999858e+00
-7.884600000000000364e+02 4.532000000000000028e+01 2.962000000000000099e+01
-7.878899999999999864e+02 2.919000000000000128e+01 2.500000000000000000e+00
-7.885299999999999727e+02 1.592999999999999972e+01 4.753999999999999915e+01
-7.883600000000000136e+02 5.709999999999999964e+00 4.286999999999999744e+01
-7.880099999999999909e+02 3.267000000000000171e+01 2.089999999999999858e+00
-7.879600000000000364e+02 1.708999999999999986e+01 2.828000000000000114e+01
-7.883200000000000500e+02 2.071000000000000085e+01 2.808999999999999986e+01
-7.882799999999999727e+02 2.210999999999999943e+01 1.694000000000000128e+01
-7.880399999999999636e+02 1.807000000000000028e+01 1.349000000000000021e+01
-7.884199999999999591e+02 1.125999999999999979e+01 4.339000000000000057e+01
-7.882000000000000455e+02 3.625999999999999801e+01 0.000000000000000000e+00
-7.881100000000000136e+02 2.946999999999999886e+01 6.379999999999999893e+00
-7.885700000000000500e+02 2.351000000000000156e+01 4.725999999999999801e+01
-7.878600000000000136e+02 1.646999999999999886e+01 2.478000000000000114e+01
-7.881000000000000227e+02 2.989000000000000057e+01 5.660000000000000142e+00
-7.883899999999999864e+02 3.328000000000000114e+01 2.630000000000000071e+01
-7.884299999999999500e+02 2.566000000000000014e+01 3.867000000000000171e+01
-7.884500000000000455e+02 6.910000000000000142e+00 4.713000000000000256e+01
-7.880499999999999545e+02 2.610999999999999943e+01 6.959999999999999964e+00
-7.882599999999999909e+02 2.594000000000000128e+01 1.128999999999999915e+01
-7.884500000000000455e+02 1.832999999999999829e+01 4.249000000000000199e+01
-7.885399999999999636e+02 4.471999999999999886e+01 4.263000000000000256e+01
-7.880900000000000318e+02 2.367999999999999972e+01 1.366000000000000014e+01
-7.879400000000000546e+02 2.085000000000000142e+01 8.509999999999999787e+00
-7.879700000000000273e+02 2.426000000000000156e+01 6.290000000000000036e+00
-7.884299999999999500e+02 3.910000000000000142e+00 4.810000000000000142e+01
-7.882899999999999636e+02 1.221000000000000085e+01 3.510999999999999943e+01
-7.884099999999999682e+02 2.029999999999999805e+00 4.724000000000000199e+01
-7.885199999999999818e+02 3.200999999999999801e+01 4.215999999999999659e+01
-7.878500000000000227e+02 1.369999999999999929e+01 3.275000000000000000e+01
-7.883600000000000136e+02 1.782000000000000028e+01 3.340999999999999659e+01
-7.883700000000000045e+02 2.901999999999999957e+01 2.871000000000000085e+01
-7.882699999999999818e+02 3.028999999999999915e+01 6.339999999999999858e+00
-7.884600000000000364e+02 4.132000000000000028e+01 4.035999999999999943e+01
-7.883600000000000136e+02 2.682999999999999829e+01 1.985000000000000142e+01
-7.882200000000000273e+02 3.379999999999999716e+01 2.500000000000000000e+00
-7.885499999999999545e+02 4.381000000000000227e+01 4.359000000000000341e+01
-7.880700000000000500e+02 2.153000000000000114e+01 1.098000000000000043e+01
-7.877899999999999636e+02 2.567999999999999972e+01 2.310000000000000053e+00
-7.883700000000000045e+02 3.231000000000000227e+01 2.685000000000000142e+01
-7.882999999999999545e+02 2.026999999999999957e+01 1.805000000000000071e+01
-7.883300000000000409e+02 2.453000000000000114e+01 1.662999999999999901e+01
-7.884800000000000182e+02 2.194999999999999929e+01 4.239999999999999858e+01
-7.882400000000000091e+02 3.370000000000000284e+01 3.069999999999999840e+00
-7.884400000000000546e+02 4.400999999999999801e+01 2.605000000000000071e+01
-7.885800000000000409e+02 3.137000000000000099e+01 4.561999999999999744e+01
-7.878500000000000227e+02 2.230000000000000071e+01 7.500000000000000000e+00
-7.882699999999999818e+02 2.923999999999999844e+01 7.500000000000000000e+00
-7.884099999999999682e+02 2.990000000000000213e+00 4.645000000000000284e+01
-7.885000000000000000e+02 2.528999999999999915e+01 4.236999999999999744e+01
-7.880700000000000500e+02 2.844999999999999929e+01 7.490000000000000213e+00
-7.878400000000000318e+02 1.509999999999999964e+01 2.894000000000000128e+01
-7.884099999999999682e+02 3.759000000000000341e+01 3.460000000000000142e+01
-7.882200000000000273e+02 3.500999999999999801e+01 1.310000000000000053e+00
-7.882999999999999545e+02 1.860999999999999943e+01 3.058999999999999986e+01
-7.881100000000000136e+02 2.982000000000000028e+01 6.040000000000000036e+00
-7.885800000000000409e+02 2.344000000000000128e+01 4.728999999999999915e+01
-7.883700000000000045e+02 1.466000000000000014e+01 3.389999999999999858e+01
-7.880800000000000409e+02 2.187000000000000099e+01 1.119999999999999929e+01
-7.882999999999999545e+02 9.359999999999999432e+00 3.661999999999999744e+01
-7.884600000000000364e+02 1.091999999999999993e+01 4.578999999999999915e+01
-7.884299999999999500e+02 5.870000000000000107e+00 4.627000000000000313e+01
-7.879900000000000091e+02 1.921000000000000085e+01 1.084999999999999964e+01
-7.883999999999999773e+02 2.742000000000000171e+01 3.155000000000000071e+01
-7.882899999999999636e+02 2.608999999999999986e+01 1.110999999999999943e+01
-7.877799999999999727e+02 2.698999999999999844e+01 3.699999999999999956e-01
-7.883200000000000500e+02 5.500000000000000000e+00 4.147999999999999687e+01
-7.880199999999999818e+02 2.678000000000000114e+01 6.330000000000000071e+00
-7.880399999999999636e+02 2.605000000000000071e+01 6.780000000000000249e+00
-7.883099999999999454e+02 7.690000000000000391e+00 4.040999999999999659e+01
-7.884299999999999500e+02 3.112000000000000099e+01 3.835999999999999943e+01
-7.880399999999999636e+02 1.966000000000000014e+01 1.153999999999999915e+01
-7.883700000000000045e+02 2.846000000000000085e+01 2.907999999999999829e+01
-7.882599999999999909e+02 3.215999999999999659e+01 4.980000000000000426e+00
-7.883799999999999955e+02 2.510999999999999943e+01 3.279999999999999716e+01
-7.877799999999999727e+02 2.378999999999999915e+01 4.559999999999999609e+00
-7.885599999999999454e+02 2.312000000000000099e+01 4.709000000000000341e+01
-7.885099999999999909e+02 2.612000000000000099e+01 4.209000000000000341e+01
-7.882699999999999818e+02 1.598000000000000043e+01 3.133999999999999986e+01
-7.885700000000000500e+02 4.375999999999999801e+01 4.479999999999999716e+01
-7.885800000000000409e+02 3.119000000000000128e+01 4.563000000000000256e+01
-7.878600000000000136e+02 2.898000000000000043e+01 2.049999999999999822e+00
-7.884900000000000091e+02 1.967000000000000171e+01 4.342000000000000171e+01
-7.884500000000000455e+02 1.051999999999999957e+01 4.597999999999999687e+01
