-7.877400000000000091e+02 1.498000000000000043e+01 2.842000000000000171e+01
-7.882599999999999909e+02 2.907000000000000028e+01 7.740000000000000213e+00
-7.882100000000000364e+02 3.577000000000000313e+01 3.900000000000000133e-01
-7.882799999999999727e+02 2.210999999999999943e+01 1.694000000000000128e+01
-7.883400000000000318e+02 5.370000000000000107e+00 4.193999999999999773e+01
-7.883500000000000227e+02 2.776999999999999957e+01 1.914999999999999858e+01
-7.884600000000000364e+02 1.739000000000000057e+01 4.289999999999999858e+01
-7.879600000000000364e+02 1.757000000000000028e+01 2.739999999999999858e+01
-7.879900000000000091e+02 3.126000000000000156e+01 1.679999999999999938e+00
-7.880800000000000409e+02 2.187000000000000099e+01 1.119999999999999929e+01
-7.884700000000000273e+02 3.346999999999999886e+01 4.134000000000000341e+01
-7.885299999999999727e+02 1.553999999999999915e+01 4.736999999999999744e+01
-7.885700000000000500e+02 4.396999999999999886e+01 4.450000000000000000e+01
-7.883200000000000500e+02 2.071000000000000085e+01 2.808999999999999986e+01
-7.880800000000000409e+02 2.592000000000000171e+01 7.919999999999999929e+00
-7.881200000000000045e+02 3.582999999999999829e+01 3.400000000000000244e-01
-7.882200000000000273e+02 1.049000000000000021e+01 3.581000000000000227e+01
-7.882899999999999636e+02 2.544000000000000128e+01 1.188000000000000078e+01
-7.883999999999999773e+02 1.919999999999999929e+00 4.695000000000000284e+01
-7.878500000000000227e+02 2.398999999999999844e+01 4.849999999999999645e+00
-7.879299999999999500e+02 1.964999999999999858e+01 8.949999999999999289e+00
-7.884199999999999591e+02 4.592000000000000171e+01 2.603999999999999915e+01
-7.883099999999999454e+02 2.144000000000000128e+01 2.003000000000000114e+01
-7.878400000000000318e+02 2.783999999999999986e+01 0.000000000000000000e+00
-7.880000000000000000e+02 2.600000000000000000e+01 4.820000000000000284e+00
-7.877999999999999545e+02 1.541999999999999993e+01 2.264000000000000057e+01
-7.884500000000000455e+02 2.462000000000000099e+01 4.149000000000000199e+01
-7.883300000000000409e+02 1.019999999999999929e+01 3.652000000000000313e+01
-7.884900000000000091e+02 4.820000000000000284e+01 3.157999999999999829e+01
-7.882400000000000091e+02 3.353000000000000114e+01 3.850000000000000089e+00
-7.879800000000000182e+02 1.812999999999999901e+01 1.218999999999999950e+01
-7.880599999999999454e+02 3.091000000000000014e+01 4.030000000000000249e+00
-7.883500000000000227e+02 1.544999999999999929e+01 3.198000000000000043e+01
-7.885800000000000409e+02 2.450000000000000000e+01 4.717999999999999972e+01
-7.886100000000000136e+02 3.425000000000000000e+01 4.710000000000000142e+01
-7.884800000000000182e+02 1.141999999999999993e+01 4.700999999999999801e+01
-7.880499999999999545e+02 1.844000000000000128e+01 1.633999999999999986e+01
-7.884600000000000364e+02 4.385000000000000142e+01 3.452000000000000313e+01
-7.882899999999999636e+02 2.012999999999999901e+01 1.932999999999999829e+01
-7.884500000000000455e+02 6.570000000000000284e+00 4.785999999999999943e+01
-7.879800000000000182e+02 2.289999999999999858e+01 7.400000000000000355e+00
-7.883099999999999454e+02 2.392000000000000171e+01 1.407000000000000028e+01
-7.883700000000000045e+02 2.901999999999999957e+01 2.871000000000000085e+01
-7.886000000000000227e+02 3.303000000000000114e+01 4.642999999999999972e+01
-7.878400000000000318e+02 1.509999999999999964e+01 2.894000000000000128e+01
-7.882300000000000182e+02 1.052999999999999936e+01 3.539000000000000057e+01
-7.883999999999999773e+02 3.756000000000000227e+01 2.607000000000000028e+01
-7.880099999999999909e+02 1.960000000000000142e+01 1.055000000000000071e+01
-7.882400000000000091e+02 3.250999999999999801e+01 3.870000000000000107e+00
-7.884299999999999500e+02 2.942999999999999972e+01 3.907999999999999829e+01
-7.879500000000000455e+02 1.685000000000000142e+01 3.044999999999999929e+01
-7.880199999999999818e+02 1.842000000000000171e+01 1.601999999999999957e+01
-7.883400000000000318e+02 2.730999999999999872e+01 1.894000000000000128e+01
-7.885800000000000409e+02 4.221999999999999886e+01 4.520000000000000284e+01
-7.879900000000000091e+02 2.362999999999999901e+01 6.549999999999999822e+00
-7.885199999999999818e+02 2.282000000000000028e+01 4.478999999999999915e+01
-7.880800000000000409e+02 2.519999999999999929e+01 8.259999999999999787e+00
-7.877999999999999545e+02 2.348000000000000043e+01 6.929999999999999716e+00
-7.878099999999999454e+02 2.614999999999999858e+01 1.799999999999999933e-01
-7.883200000000000500e+02 9.080000000000000071e+00 3.746999999999999886e+01
-7.878899999999999864e+02 2.919000000000000128e+01 2.500000000000000000e+00
-7.884400000000000546e+02 6.610000000000000320e+00 4.743999999999999773e+01
-7.885000000000000000e+02 1.898000000000000043e+01 4.611999999999999744e+01
-7.881100000000000136e+02 2.982000000000000028e+01 6.040000000000000036e+00
-7.882000000000000455e+02 3.614000000000000057e+01 0.000000000000000000e+00
-7.883799999999999955e+02 1.662999999999999901e+01 3.565999999999999659e+01
-7.880900000000000318e+02 2.242000000000000171e+01 1.058999999999999986e+01
-7.882799999999999727e+02 2.894999999999999929e+01 7.839999999999999858e+00
-7.883500000000000227e+02 2.526999999999999957e+01 3.025000000000000000e+01
-7.881499999999999773e+02 3.575000000000000000e+01 4.099999999999999756e-01
-7.883899999999999864e+02 2.750000000000000000e+00 4.606000000000000227e+01
-7.882799999999999727e+02 2.244000000000000128e+01 1.543999999999999950e+01
-7.883899999999999864e+02 5.160000000000000142e+00 4.534000000000000341e+01
-7.878500000000000227e+02 1.637999999999999901e+01 2.542999999999999972e+01
-7.884700000000000273e+02 5.092999999999999972e+01 2.719999999999999929e+01
-7.880099999999999909e+02 3.347999999999999687e+01 7.399999999999999911e-01
-7.884099999999999682e+02 2.151000000000000156e+01 3.757999999999999829e+01
-7.884800000000000182e+02 9.830000000000000071e+00 4.752000000000000313e+01
-7.883799999999999955e+02 3.221999999999999886e+01 2.482999999999999829e+01
-7.879900000000000091e+02 1.921000000000000085e+01 1.084999999999999964e+01
-7.879500000000000455e+02 1.710000000000000142e+01 2.635999999999999943e+01
-7.876699999999999591e+02 1.441000000000000014e+01 2.605999999999999872e+01
-7.883600000000000136e+02 9.669999999999999929e+00 4.079999999999999716e+01
-7.883700000000000045e+02 2.846000000000000085e+01 2.907999999999999829e+01
-7.883899999999999864e+02 1.687999999999999901e+01 3.545000000000000284e+01
-7.881699999999999591e+02 3.595000000000000284e+01 1.799999999999999933e-01
-7.882999999999999545e+02 2.532999999999999829e+01 1.200999999999999979e+01
-7.884500000000000455e+02 1.106000000000000050e+01 4.492000000000000171e+01
-7.881000000000000227e+02 2.989000000000000057e+01 5.660000000000000142e+00
-7.880000000000000000e+02 2.500000000000000000e+01 6.990000000000000213e+00
-7.878200000000000500e+02 2.619000000000000128e+01 4.099999999999999756e-01
-7.885700000000000500e+02 2.289000000000000057e+01 4.725000000000000000e+01
-7.880499999999999545e+02 1.860000000000000142e+01 1.632000000000000028e+01
-7.880900000000000318e+02 2.780000000000000071e+01 6.809999999999999609e+00
-7.886000000000000227e+02 3.386999999999999744e+01 4.639999999999999858e+01
-7.886000000000000227e+02 4.017000000000000171e+01 4.614999999999999858e+01
-7.884600000000000364e+02 1.626000000000000156e+01 4.322999999999999687e+01
-7.878600000000000136e+02 1.646999999999999886e+01 2.478000000000000114e+01
-7.885299999999999727e+02 3.703000000000000114e+01 4.317000000000000171e+01
-7.882100000000000364e+02 3.567999999999999972e+01 4.899999999999999911e-01
-7.878500000000000227e+02 2.230000000000000071e+01 7.500000000000000000e+00
-7.883300000000000409e+02 2.137000000000000099e+01 2.701999999999999957e+01
-7.885399999999999636e+02 2.855000000000000071e+01 4.425999999999999801e+01
-7.882200000000000273e+02 3.379999999999999716e+01 2.500000000000000000e+00
-7.882899999999999636e+02 2.789000000000000057e+01 1.033999999999999986e+01
-7.884099999999999682e+02 2.990000000000000213e+00 4.645000000000000284e+01
-7.884099999999999682e+02 4.049999999999999822e+00 4.600000000000000000e+01
-7.883400000000000318e+02 5.009999999999999787e+00 4.200999999999999801e+01
-7.884600000000000364e+02 4.909000000000000341e+01 2.603000000000000114e+01
-7.880299999999999727e+02 2.269000000000000128e+01 8.550000000000000711e+00
-7.883200000000000500e+02 2.371999999999999886e+01 1.541999999999999993e+01
-7.880199999999999818e+02 3.141000000000000014e+01 2.439999999999999947e+00
-7.883899999999999864e+02 3.350999999999999801e+01 2.623999999999999844e+01
-7.885000000000000000e+02 1.857999999999999829e+01 4.654999999999999716e+01
-7.883600000000000136e+02 2.567999999999999972e+01 2.901999999999999957e+01
-7.885499999999999545e+02 3.249000000000000199e+01 4.409000000000000341e+01
-7.883899999999999864e+02 8.820000000000000284e+00 4.260999999999999943e+01
-7.883300000000000409e+02 2.430000000000000071e+01 1.646000000000000085e+01
-7.879900000000000091e+02 1.916000000000000014e+01 1.090000000000000036e+01
-7.883600000000000136e+02 1.751999999999999957e+01 3.496999999999999886e+01
-7.879600000000000364e+02 1.708999999999999986e+01 2.828000000000000114e+01
-7.878600000000000136e+02 1.646000000000000085e+01 2.478999999999999915e+01
-7.881200000000000045e+02 2.739999999999999858e+01 1.126999999999999957e+01
-7.883099999999999454e+02 2.062999999999999901e+01 2.832999999999999829e+01
-7.883400000000000318e+02 1.155000000000000071e+01 3.785000000000000142e+01
-7.883999999999999773e+02 3.910000000000000142e+00 4.599000000000000199e+01
-7.884199999999999591e+02 2.339999999999999858e+01 3.890999999999999659e+01
-7.884199999999999591e+02 3.932000000000000028e+01 2.623000000000000043e+01
