-7.878500000000000227e+02 1.228999999999999915e+01 3.440999999999999659e+01
-7.884600000000000364e+02 2.503999999999999915e+01 4.061999999999999744e+01
-7.880900000000000318e+02 2.219000000000000128e+01 1.159999999999999964e+01
-7.882599999999999909e+02 2.907000000000000028e+01 7.740000000000000213e+00
-7.879500000000000455e+02 1.689999999999999858e+01 2.717000000000000171e+01
-7.885700000000000500e+02 4.396999999999999886e+01 4.450000000000000000e+01
-7.882799999999999727e+02 2.210999999999999943e+01 1.694000000000000128e+01
-7.879800000000000182e+02 1.812999999999999901e+01 1.218999999999999950e+01
-7.884500000000000455e+02 6.570000000000000284e+00 4.785999999999999943e+01
-7.883400000000000318e+02 5.419999999999999929e+00 4.184000000000000341e+01
-7.877899999999999636e+02 2.519999999999999929e+01 4.030000000000000249e+00
-7.885800000000000409e+02 2.450000000000000000e+01 4.717999999999999972e+01
-7.879900000000000091e+02 3.126000000000000156e+01 1.679999999999999938e+00
-7.884199999999999591e+02 1.679999999999999938e+00 4.797999999999999687e+01
-7.883500000000000227e+02 2.776999999999999957e+01 1.914999999999999858e+01
-7.883899999999999864e+02 2.501000000000000156e+01 3.055999999999999872e+01
-7.880599999999999454e+02 3.035000000000000142e+01 4.000000000000000000e+00
-7.882500000000000000e+02 2.432999999999999829e+01 1.316999999999999993e+01
-7.880499999999999545e+02 1.844000000000000128e+01 1.633999999999999986e+01
-7.878099999999999454e+02 1.569999999999999929e+01 2.278999999999999915e+01
-7.877300000000000182e+02 1.455000000000000071e+01 2.853000000000000114e+01
-7.883099999999999454e+02 2.062999999999999901e+01 2.830000000000000071e+01
-7.883899999999999864e+02 2.140000000000000124e+00 4.697999999999999687e+01
-7.882200000000000273e+02 3.593999999999999773e+01 2.200000000000000011e-01
-7.884199999999999591e+02 4.592000000000000171e+01 2.603999999999999915e+01
-7.878200000000000500e+02 2.619000000000000128e+01 4.099999999999999756e-01
-7.885299999999999727e+02 1.553999999999999915e+01 4.736999999999999744e+01
-7.880800000000000409e+02 2.592000000000000171e+01 7.919999999999999929e+00
-7.884199999999999591e+02 3.818999999999999773e+01 2.971999999999999886e+01
-7.884600000000000364e+02 1.115000000000000036e+01 4.689000000000000057e+01
-7.879800000000000182e+02 2.189999999999999858e+01 8.480000000000000426e+00
-7.886100000000000136e+02 3.425000000000000000e+01 4.710000000000000142e+01
-7.882200000000000273e+02 1.049000000000000021e+01 3.581000000000000227e+01
-7.881200000000000045e+02 3.582999999999999829e+01 3.400000000000000244e-01
-7.883300000000000409e+02 1.016000000000000014e+01 3.647999999999999687e+01
-7.883300000000000409e+02 1.465000000000000036e+01 3.279999999999999716e+01
-7.879800000000000182e+02 2.642999999999999972e+01 4.330000000000000071e+00
-7.883500000000000227e+02 2.689999999999999858e+01 2.650000000000000000e+01
-7.884600000000000364e+02 1.739000000000000057e+01 4.289999999999999858e+01
-7.882500000000000000e+02 3.265999999999999659e+01 3.729999999999999982e+00
-7.885099999999999909e+02 2.694999999999999929e+01 4.303000000000000114e+01
-7.885900000000000318e+02 3.310000000000000142e+01 4.621999999999999886e+01
-7.882100000000000364e+02 3.421000000000000085e+01 2.040000000000000036e+00
-7.883500000000000227e+02 2.291000000000000014e+01 3.008999999999999986e+01
-7.884199999999999591e+02 4.222999999999999687e+01 2.610000000000000142e+01
-7.884400000000000546e+02 2.753999999999999915e+01 3.849000000000000199e+01
-7.883999999999999773e+02 3.910000000000000142e+00 4.599000000000000199e+01
-7.883099999999999454e+02 2.392000000000000171e+01 1.407000000000000028e+01
-7.882200000000000273e+02 3.586999999999999744e+01 2.800000000000000266e-01
-7.883600000000000136e+02 3.107000000000000028e+01 2.251000000000000156e+01
-7.882500000000000000e+02 2.962999999999999901e+01 7.059999999999999609e+00
-7.878500000000000227e+02 1.233999999999999986e+01 3.371999999999999886e+01
-7.880499999999999545e+02 1.860000000000000142e+01 1.632000000000000028e+01
-7.879900000000000091e+02 2.514000000000000057e+01 6.169999999999999929e+00
-7.885800000000000409e+02 4.221999999999999886e+01 4.520000000000000284e+01
-7.883400000000000318e+02 5.009999999999999787e+00 4.200999999999999801e+01
-7.883099999999999454e+02 8.240000000000000213e+00 3.995000000000000284e+01
-7.883099999999999454e+02 2.144000000000000128e+01 2.003000000000000114e+01
-7.882899999999999636e+02 1.407000000000000028e+01 3.449000000000000199e+01
-7.881000000000000227e+02 2.380999999999999872e+01 1.221000000000000085e+01
-7.882300000000000182e+02 1.052999999999999936e+01 3.539000000000000057e+01
-7.880800000000000409e+02 2.748999999999999844e+01 7.379999999999999893e+00
-7.880099999999999909e+02 3.347999999999999687e+01 7.399999999999999911e-01
-7.881299999999999955e+02 3.395000000000000284e+01 2.319999999999999840e+00
-7.880399999999999636e+02 2.976000000000000156e+01 4.950000000000000178e+00
-7.879900000000000091e+02 2.164999999999999858e+01 8.839999999999999858e+00
-7.885700000000000500e+02 2.646000000000000085e+01 4.653000000000000114e+01
-7.878099999999999454e+02 2.614999999999999858e+01 1.799999999999999933e-01
-7.882799999999999727e+02 2.078000000000000114e+01 1.807000000000000028e+01
-7.883899999999999864e+02 2.750000000000000000e+00 4.606000000000000227e+01
-7.884900000000000091e+02 1.168999999999999950e+01 4.729999999999999716e+01
-7.880299999999999727e+02 1.978000000000000114e+01 1.096000000000000085e+01
-7.878600000000000136e+02 1.646000000000000085e+01 2.478999999999999915e+01
-7.877999999999999545e+02 2.587000000000000099e+01 3.540000000000000036e+00
-7.884700000000000273e+02 4.414999999999999858e+01 3.534000000000000341e+01
-7.876699999999999591e+02 1.441000000000000014e+01 2.605999999999999872e+01
-7.885000000000000000e+02 2.046999999999999886e+01 4.456000000000000227e+01
-7.879500000000000455e+02 1.685000000000000142e+01 3.044999999999999929e+01
-7.877400000000000091e+02 1.490000000000000036e+01 2.796000000000000085e+01
-7.884600000000000364e+02 4.385000000000000142e+01 3.452000000000000313e+01
-7.883899999999999864e+02 3.850000000000000089e+00 4.553000000000000114e+01
-7.885299999999999727e+02 2.269000000000000128e+01 4.488000000000000256e+01
-7.885399999999999636e+02 3.797999999999999687e+01 4.346999999999999886e+01
-7.880399999999999636e+02 3.550000000000000000e+01 6.899999999999999467e-01
-7.883600000000000136e+02 1.828000000000000114e+01 3.050000000000000000e+01
-7.882799999999999727e+02 2.244000000000000128e+01 1.543999999999999950e+01
-7.882300000000000182e+02 3.392000000000000171e+01 2.370000000000000107e+00
-7.877999999999999545e+02 2.348000000000000043e+01 6.929999999999999716e+00
-7.882599999999999909e+02 1.158999999999999986e+01 3.507999999999999829e+01
-7.883500000000000227e+02 1.568999999999999950e+01 3.173999999999999844e+01
-7.883400000000000318e+02 2.730999999999999872e+01 1.894000000000000128e+01
-7.883600000000000136e+02 4.080000000000000071e+00 4.467999999999999972e+01
-7.878999999999999773e+02 1.475000000000000000e+01 2.994000000000000128e+01
-7.886000000000000227e+02 3.389000000000000057e+01 4.631000000000000227e+01
-7.880099999999999909e+02 2.505000000000000071e+01 8.349999999999999645e+00
-7.885700000000000500e+02 4.321999999999999886e+01 4.472999999999999687e+01
-7.880900000000000318e+02 3.368999999999999773e+01 3.700000000000000178e+00
-7.882799999999999727e+02 2.894999999999999929e+01 7.839999999999999858e+00
-7.880399999999999636e+02 1.821999999999999886e+01 1.502999999999999936e+01
-7.883400000000000318e+02 1.155000000000000071e+01 3.785000000000000142e+01
-7.883999999999999773e+02 1.853999999999999915e+01 3.964999999999999858e+01
-7.880599999999999454e+02 2.573000000000000043e+01 7.049999999999999822e+00
-7.883099999999999454e+02 2.448000000000000043e+01 1.301999999999999957e+01
-7.884500000000000455e+02 2.210999999999999943e+01 4.047999999999999687e+01
-7.884099999999999682e+02 4.000000000000000000e+01 2.610000000000000142e+01
-7.879900000000000091e+02 1.916000000000000014e+01 1.090000000000000036e+01
-7.883500000000000227e+02 2.541000000000000014e+01 2.789000000000000057e+01
-7.877000000000000455e+02 1.466000000000000014e+01 2.451999999999999957e+01
-7.884500000000000455e+02 7.280000000000000249e+00 4.785000000000000142e+01
-7.880399999999999636e+02 2.641000000000000014e+01 5.290000000000000036e+00
-7.878600000000000136e+02 2.876000000000000156e+01 4.500000000000000111e-01
-7.884500000000000455e+02 1.102999999999999936e+01 4.503999999999999915e+01
-7.880499999999999545e+02 2.017000000000000171e+01 1.164000000000000057e+01
-7.882100000000000364e+02 3.567999999999999972e+01 4.899999999999999911e-01
-7.878600000000000136e+02 1.257000000000000028e+01 3.130999999999999872e+01
-7.877999999999999545e+02 1.541999999999999993e+01 2.264000000000000057e+01
-7.883899999999999864e+02 6.120000000000000107e+00 4.354999999999999716e+01
-7.883300000000000409e+02 2.137000000000000099e+01 2.701999999999999957e+01
-7.883799999999999955e+02 2.950000000000000000e+01 2.846000000000000085e+01
-7.884299999999999500e+02 1.141000000000000014e+01 4.364000000000000057e+01
-7.883999999999999773e+02 1.858999999999999986e+01 3.711999999999999744e+01
-7.883200000000000500e+02 9.160000000000000142e+00 3.732000000000000028e+01
-7.883999999999999773e+02 2.337000000000000099e+01 3.155000000000000071e+01
-7.880800000000000409e+02 2.173000000000000043e+01 1.144999999999999929e+01
-7.880399999999999636e+02 2.644000000000000128e+01 5.110000000000000320e+00
-7.882999999999999545e+02 2.330000000000000071e+01 1.441000000000000014e+01
-7.881599999999999682e+02 2.882999999999999829e+01 9.849999999999999645e+00
-7.880299999999999727e+02 2.269000000000000128e+01 8.550000000000000711e+00
