-7.879800000000000182e+02 2.189999999999999858e+01 8.480000000000000426e+00
-7.877400000000000091e+02 1.330000000000000071e+01 2.769000000000000128e+01
-7.885299999999999727e+02 1.553999999999999915e+01 4.736999999999999744e+01
-7.883500000000000227e+02 2.776999999999999957e+01 1.914999999999999858e+01
-7.877999999999999545e+02 2.373000000000000043e+01 5.830000000000000071e+00
-7.879500000000000455e+02 1.689999999999999858e+01 2.717000000000000171e+01
-7.883300000000000409e+02 1.465000000000000036e+01 3.279999999999999716e+01
-7.880800000000000409e+02 2.592000000000000171e+01 7.919999999999999929e+00
-7.882500000000000000e+02 2.442000000000000171e+01 1.307000000000000028e+01
-7.884500000000000455e+02 6.570000000000000284e+00 4.785999999999999943e+01
-7.878500000000000227e+02 1.228999999999999915e+01 3.440999999999999659e+01
-7.882599999999999909e+02 2.907000000000000028e+01 7.740000000000000213e+00
-7.882799999999999727e+02 2.210999999999999943e+01 1.694000000000000128e+01
-7.878200000000000500e+02 2.619000000000000128e+01 4.099999999999999756e-01
-7.884600000000000364e+02 1.739000000000000057e+01 4.289999999999999858e+01
-7.883300000000000409e+02 1.016000000000000014e+01 3.647999999999999687e+01
-7.885800000000000409e+02 2.450000000000000000e+01 4.717999999999999972e+01
-7.883400000000000318e+02 5.419999999999999929e+00 4.184000000000000341e+01
-7.879800000000000182e+02 1.812999999999999901e+01 1.218999999999999950e+01
-7.880599999999999454e+02 3.035000000000000142e+01 4.000000000000000000e+00
-7.884199999999999591e+02 3.818999999999999773e+01 2.971999999999999886e+01
-7.882300000000000182e+02 1.052999999999999936e+01 3.539000000000000057e+01
-7.884600000000000364e+02 2.503999999999999915e+01 4.061999999999999744e+01
-7.886100000000000136e+02 3.425000000000000000e+01 4.710000000000000142e+01
-7.884600000000000364e+02 1.115000000000000036e+01 4.689000000000000057e+01
-7.880900000000000318e+02 2.219000000000000128e+01 1.159999999999999964e+01
-7.882500000000000000e+02 3.265999999999999659e+01 3.729999999999999982e+00
-7.883799999999999955e+02 2.509999999999999787e+00 4.614000000000000057e+01
-7.882200000000000273e+02 3.593999999999999773e+01 2.200000000000000011e-01
-7.879900000000000091e+02 3.126000000000000156e+01 1.679999999999999938e+00
-7.880499999999999545e+02 1.844000000000000128e+01 1.633999999999999986e+01
-7.879800000000000182e+02 2.642999999999999972e+01 4.330000000000000071e+00
-7.884199999999999591e+02 1.679999999999999938e+00 4.797999999999999687e+01
-7.877999999999999545e+02 1.575000000000000000e+01 2.255999999999999872e+01
-7.884700000000000273e+02 4.842999999999999972e+01 3.404999999999999716e+01
-7.884199999999999591e+02 4.592000000000000171e+01 2.603999999999999915e+01
-7.883099999999999454e+02 2.062999999999999901e+01 2.830000000000000071e+01
-7.883500000000000227e+02 2.689999999999999858e+01 2.650000000000000000e+01
-7.881200000000000045e+02 3.574000000000000199e+01 4.400000000000000022e-01
-7.883899999999999864e+02 2.501000000000000156e+01 3.055999999999999872e+01
-7.885700000000000500e+02 4.396999999999999886e+01 4.450000000000000000e+01
-7.882400000000000091e+02 3.139999999999999858e+01 5.099999999999999645e+00
-7.885099999999999909e+02 1.490000000000000036e+01 4.792000000000000171e+01
-7.879700000000000273e+02 2.469999999999999929e+01 6.330000000000000071e+00
-7.881200000000000045e+02 3.582999999999999829e+01 3.400000000000000244e-01
-7.885099999999999909e+02 2.694999999999999929e+01 4.303000000000000114e+01
-7.876699999999999591e+02 1.441000000000000014e+01 2.605999999999999872e+01
-7.883899999999999864e+02 2.140000000000000124e+00 4.697999999999999687e+01
-7.880399999999999636e+02 1.787000000000000099e+01 1.403999999999999915e+01
-7.884099999999999682e+02 4.000000000000000000e+01 2.610000000000000142e+01
-7.883500000000000227e+02 2.541000000000000014e+01 2.789000000000000057e+01
-7.880099999999999909e+02 3.347999999999999687e+01 7.399999999999999911e-01
-7.885900000000000318e+02 3.310000000000000142e+01 4.621999999999999886e+01
-7.883500000000000227e+02 7.089999999999999858e+00 4.185999999999999943e+01
-7.883999999999999773e+02 2.337000000000000099e+01 3.155000000000000071e+01
-7.885800000000000409e+02 4.221999999999999886e+01 4.520000000000000284e+01
-7.882500000000000000e+02 2.432999999999999829e+01 1.316999999999999993e+01
-7.883999999999999773e+02 3.910000000000000142e+00 4.599000000000000199e+01
-7.882500000000000000e+02 2.962999999999999901e+01 7.059999999999999609e+00
-7.885000000000000000e+02 2.046999999999999886e+01 4.456000000000000227e+01
-7.880499999999999545e+02 1.921000000000000085e+01 1.522000000000000064e+01
-7.882999999999999545e+02 2.330000000000000071e+01 1.441000000000000014e+01
-7.880800000000000409e+02 2.471999999999999886e+01 8.980000000000000426e+00
-7.878600000000000136e+02 2.876000000000000156e+01 4.500000000000000111e-01
-7.885399999999999636e+02 2.285000000000000142e+01 4.507999999999999829e+01
-7.878200000000000500e+02 1.603999999999999915e+01 2.289999999999999858e+01
-7.882599999999999909e+02 1.158999999999999986e+01 3.507999999999999829e+01
-7.882799999999999727e+02 2.053999999999999915e+01 1.841000000000000014e+01
-7.880499999999999545e+02 2.001000000000000156e+01 1.215000000000000036e+01
-7.878999999999999773e+02 1.475000000000000000e+01 2.994000000000000128e+01
-7.878500000000000227e+02 1.233999999999999986e+01 3.371999999999999886e+01
-7.883799999999999955e+02 3.157000000000000028e+01 2.441000000000000014e+01
-7.883899999999999864e+02 2.217999999999999972e+01 3.173000000000000043e+01
-7.877999999999999545e+02 2.587000000000000099e+01 3.540000000000000036e+00
-7.883400000000000318e+02 8.710000000000000853e+00 3.967000000000000171e+01
-7.883500000000000227e+02 1.568999999999999950e+01 3.173999999999999844e+01
-7.881399999999999864e+02 3.234000000000000341e+01 4.070000000000000284e+00
-7.880000000000000000e+02 2.050000000000000000e+01 9.449999999999999289e+00
-7.882200000000000273e+02 3.586999999999999744e+01 2.800000000000000266e-01
-7.878500000000000227e+02 1.244999999999999929e+01 3.119999999999999929e+01
-7.879500000000000455e+02 1.685000000000000142e+01 3.044999999999999929e+01
-7.882200000000000273e+02 3.279999999999999716e+01 3.560000000000000053e+00
-7.883500000000000227e+02 2.714000000000000057e+01 2.508999999999999986e+01
-7.877999999999999545e+02 1.541999999999999993e+01 2.264000000000000057e+01
-7.883899999999999864e+02 3.850000000000000089e+00 4.553000000000000114e+01
-7.885399999999999636e+02 2.942000000000000171e+01 4.397999999999999687e+01
-7.881399999999999864e+02 3.554999999999999716e+01 6.400000000000000133e-01
-7.884199999999999591e+02 4.222999999999999687e+01 2.610000000000000142e+01
-7.883899999999999864e+02 6.120000000000000107e+00 4.354999999999999716e+01
-7.880599999999999454e+02 2.573000000000000043e+01 7.049999999999999822e+00
-7.885299999999999727e+02 2.269000000000000128e+01 4.488000000000000256e+01
-7.884800000000000182e+02 3.960999999999999943e+01 4.136999999999999744e+01
-7.880499999999999545e+02 1.919999999999999929e+01 1.575999999999999979e+01
-7.883099999999999454e+02 2.392000000000000171e+01 1.407000000000000028e+01
-7.883500000000000227e+02 2.291000000000000014e+01 3.008999999999999986e+01
-7.884700000000000273e+02 1.506000000000000050e+01 4.610000000000000142e+01
-7.880599999999999454e+02 2.064999999999999858e+01 1.182000000000000028e+01
-7.885000000000000000e+02 2.396999999999999886e+01 4.299000000000000199e+01
-7.884700000000000273e+02 4.414999999999999858e+01 3.534000000000000341e+01
-7.884900000000000091e+02 4.025999999999999801e+01 4.170000000000000284e+01
-7.882699999999999818e+02 1.100999999999999979e+01 3.543999999999999773e+01
-7.880099999999999909e+02 2.739000000000000057e+01 4.519999999999999574e+00
-7.880099999999999909e+02 3.307000000000000028e+01 1.919999999999999929e+00
-7.883400000000000318e+02 1.319999999999999929e+01 3.281000000000000227e+01
-7.879900000000000091e+02 1.916000000000000014e+01 1.090000000000000036e+01
-7.883999999999999773e+02 9.000000000000000000e+00 4.320000000000000284e+01
-7.883600000000000136e+02 3.012000000000000099e+01 2.167999999999999972e+01
-7.884500000000000455e+02 4.950000000000000178e+00 4.810000000000000142e+01
-7.879500000000000455e+02 2.282000000000000028e+01 6.599999999999999645e+00
-7.882799999999999727e+02 2.078000000000000114e+01 1.807000000000000028e+01
-7.882799999999999727e+02 2.894999999999999929e+01 7.839999999999999858e+00
-7.878099999999999454e+02 2.614999999999999858e+01 1.799999999999999933e-01
-7.877899999999999636e+02 2.573999999999999844e+01 3.629999999999999893e+00
-7.877799999999999727e+02 2.273999999999999844e+01 6.209999999999999964e+00
-7.880599999999999454e+02 1.885000000000000142e+01 1.616000000000000014e+01
-7.883099999999999454e+02 2.448000000000000043e+01 1.301999999999999957e+01
-7.883899999999999864e+02 2.750000000000000000e+00 4.606000000000000227e+01
-7.880399999999999636e+02 2.644000000000000128e+01 5.110000000000000320e+00
-7.882899999999999636e+02 2.869000000000000128e+01 8.150000000000000355e+00
-7.885800000000000409e+02 2.946000000000000085e+01 4.625000000000000000e+01
-7.883899999999999864e+02 6.059999999999999609e+00 4.384000000000000341e+01
-7.883799999999999955e+02 1.667999999999999972e+01 3.795000000000000284e+01
-7.880399999999999636e+02 1.912999999999999901e+01 1.228999999999999915e+01
-7.881299999999999955e+02 2.864000000000000057e+01 9.589999999999999858e+00
-7.880399999999999636e+02 2.976000000000000156e+01 4.950000000000000178e+00
-7.884900000000000091e+02 2.576999999999999957e+01 4.238000000000000256e+01
-7.884199999999999591e+02 4.053000000000000114e+01 2.771999999999999886e+01
-7.879500000000000455e+02 2.273000000000000043e+01 6.660000000000000142e+00
