-7.880599999999999454e+02 3.035000000000000142e+01 4.000000000000000000e+00
-7.879299999999999500e+02 2.778000000000000114e+01 4.000000000000000000e+00
-7.883099999999999454e+02 2.005999999999999872e+01 2.898000000000000043e+01
-7.883300000000000409e+02 1.465000000000000036e+01 3.279999999999999716e+01
-7.883400000000000318e+02 2.685000000000000142e+01 1.860999999999999943e+01
-7.884600000000000364e+02 2.503999999999999915e+01 4.061999999999999744e+01
-7.884700000000000273e+02 4.842999999999999972e+01 3.404999999999999716e+01
-7.880900000000000318e+02 2.219000000000000128e+01 1.159999999999999964e+01
-7.878200000000000500e+02 2.619000000000000128e+01 4.099999999999999756e-01
-7.877200000000000273e+02 1.213000000000000078e+01 2.992000000000000171e+01
-7.881200000000000045e+02 3.574000000000000199e+01 4.400000000000000022e-01
-7.884199999999999591e+02 4.592000000000000171e+01 2.603999999999999915e+01
-7.882000000000000455e+02 1.789000000000000057e+01 3.092999999999999972e+01
-7.882799999999999727e+02 2.210999999999999943e+01 1.694000000000000128e+01
-7.885299999999999727e+02 1.553999999999999915e+01 4.736999999999999744e+01
-7.883400000000000318e+02 5.419999999999999929e+00 4.184000000000000341e+01
-7.877999999999999545e+02 2.373000000000000043e+01 5.830000000000000071e+00
-7.879800000000000182e+02 2.189999999999999858e+01 8.480000000000000426e+00
-7.884099999999999682e+02 3.385000000000000142e+01 3.722999999999999687e+01
-7.885800000000000409e+02 2.450000000000000000e+01 4.717999999999999972e+01
-7.877999999999999545e+02 1.575000000000000000e+01 2.255999999999999872e+01
-7.884600000000000364e+02 1.739000000000000057e+01 4.289999999999999858e+01
-7.883500000000000227e+02 2.689999999999999858e+01 2.650000000000000000e+01
-7.879500000000000455e+02 1.689999999999999858e+01 2.717000000000000171e+01
-7.884600000000000364e+02 1.115000000000000036e+01 4.689000000000000057e+01
-7.883799999999999955e+02 2.509999999999999787e+00 4.614000000000000057e+01
-7.880499999999999545e+02 1.844000000000000128e+01 1.633999999999999986e+01
-7.883300000000000409e+02 1.016000000000000014e+01 3.647999999999999687e+01
-7.878500000000000227e+02 1.228999999999999915e+01 3.440999999999999659e+01
-7.884299999999999500e+02 3.829999999999999716e+01 3.089999999999999858e+01
-7.882500000000000000e+02 3.265999999999999659e+01 3.729999999999999982e+00
-7.882599999999999909e+02 2.907000000000000028e+01 7.740000000000000213e+00
-7.879800000000000182e+02 1.812999999999999901e+01 1.218999999999999950e+01
-7.885800000000000409e+02 4.578999999999999915e+01 4.500000000000000000e+01
-7.882300000000000182e+02 1.052999999999999936e+01 3.539000000000000057e+01
-7.882200000000000273e+02 3.593999999999999773e+01 2.200000000000000011e-01
-7.882500000000000000e+02 2.442000000000000171e+01 1.307000000000000028e+01
-7.880800000000000409e+02 2.664000000000000057e+01 7.700000000000000178e+00
-7.878799999999999955e+02 3.203999999999999915e+01 1.469999999999999973e+00
-7.884199999999999591e+02 7.600000000000000089e-01 4.814000000000000057e+01
-7.886100000000000136e+02 3.425000000000000000e+01 4.710000000000000142e+01
-7.884500000000000455e+02 5.830000000000000071e+00 4.795000000000000284e+01
-7.885399999999999636e+02 2.367999999999999972e+01 4.500000000000000000e+01
-7.883099999999999454e+02 2.448000000000000043e+01 1.301999999999999957e+01
-7.885000000000000000e+02 2.046999999999999886e+01 4.456000000000000227e+01
-7.885199999999999818e+02 1.581000000000000050e+01 4.706000000000000227e+01
-7.883500000000000227e+02 2.776999999999999957e+01 1.914999999999999858e+01
-7.881100000000000136e+02 2.573000000000000043e+01 1.275000000000000000e+01
-7.883300000000000409e+02 1.830000000000000071e+01 3.019000000000000128e+01
-7.879900000000000091e+02 3.126000000000000156e+01 1.679999999999999938e+00
-7.877999999999999545e+02 2.587000000000000099e+01 3.540000000000000036e+00
-7.877200000000000273e+02 1.174000000000000021e+01 3.026000000000000156e+01
-7.878400000000000318e+02 2.678999999999999915e+01 5.500000000000000444e-01
-7.880199999999999818e+02 2.339000000000000057e+01 8.939999999999999503e+00
-7.883799999999999955e+02 6.379999999999999893e+00 4.274000000000000199e+01
-7.884500000000000455e+02 3.811999999999999744e+01 3.971999999999999886e+01
-7.881399999999999864e+02 3.554999999999999716e+01 6.400000000000000133e-01
-7.878500000000000227e+02 1.233999999999999986e+01 3.371999999999999886e+01
-7.885099999999999909e+02 1.426999999999999957e+01 4.728000000000000114e+01
-7.879900000000000091e+02 1.916000000000000014e+01 1.090000000000000036e+01
-7.882200000000000273e+02 3.586999999999999744e+01 2.800000000000000266e-01
-7.883400000000000318e+02 1.319999999999999929e+01 3.281000000000000227e+01
-7.882400000000000091e+02 3.275999999999999801e+01 3.609999999999999876e+00
-7.886000000000000227e+02 3.146000000000000085e+01 4.661999999999999744e+01
-7.885800000000000409e+02 4.221999999999999886e+01 4.520000000000000284e+01
-7.884199999999999591e+02 3.846000000000000085e+01 2.632999999999999829e+01
-7.884199999999999591e+02 5.370000000000000107e+00 4.610999999999999943e+01
-7.878600000000000136e+02 2.605000000000000071e+01 4.469999999999999751e+00
-7.880900000000000318e+02 2.796999999999999886e+01 7.339999999999999858e+00
-7.884199999999999591e+02 1.679999999999999938e+00 4.797999999999999687e+01
-7.881399999999999864e+02 3.234000000000000341e+01 4.070000000000000284e+00
-7.883500000000000227e+02 9.970000000000000639e+00 4.185000000000000142e+01
-7.883899999999999864e+02 2.140000000000000124e+00 4.697999999999999687e+01
-7.880499999999999545e+02 1.919999999999999929e+01 1.575999999999999979e+01
-7.883600000000000136e+02 2.839999999999999858e+01 2.955999999999999872e+01
-7.883799999999999955e+02 3.151000000000000156e+01 2.407000000000000028e+01
-7.878200000000000500e+02 1.547000000000000064e+01 2.400000000000000000e+01
-7.879099999999999682e+02 1.574000000000000021e+01 3.023000000000000043e+01
-7.882799999999999727e+02 2.078000000000000114e+01 1.807000000000000028e+01
-7.882699999999999818e+02 2.960999999999999943e+01 7.120000000000000107e+00
-7.885000000000000000e+02 2.471000000000000085e+01 4.282999999999999829e+01
-7.882599999999999909e+02 1.158999999999999986e+01 3.467000000000000171e+01
-7.877999999999999545e+02 1.541999999999999993e+01 2.264000000000000057e+01
-7.883099999999999454e+02 7.299999999999999822e+00 4.032999999999999829e+01
-7.879400000000000546e+02 1.614999999999999858e+01 2.621999999999999886e+01
-7.882899999999999636e+02 2.869000000000000128e+01 8.150000000000000355e+00
-7.882500000000000000e+02 1.757999999999999829e+01 3.112000000000000099e+01
-7.883200000000000500e+02 1.134999999999999964e+01 3.567000000000000171e+01
-7.884900000000000091e+02 4.025999999999999801e+01 4.170000000000000284e+01
-7.883600000000000136e+02 1.452999999999999936e+01 3.407999999999999829e+01
-7.877899999999999636e+02 2.478000000000000114e+01 2.770000000000000018e+00
-7.876699999999999591e+02 1.325999999999999979e+01 2.646000000000000085e+01
-7.884700000000000273e+02 4.543999999999999773e+01 3.492999999999999972e+01
-7.878600000000000136e+02 2.876000000000000156e+01 4.500000000000000111e-01
-7.884299999999999500e+02 4.425000000000000000e+01 2.733999999999999986e+01
-7.883999999999999773e+02 2.337000000000000099e+01 3.155000000000000071e+01
-7.885499999999999545e+02 2.241000000000000014e+01 4.664999999999999858e+01
-7.883899999999999864e+02 2.129999999999999893e+00 4.699000000000000199e+01
-7.879299999999999500e+02 2.255000000000000071e+01 6.750000000000000000e+00
-7.883500000000000227e+02 2.714000000000000057e+01 2.508999999999999986e+01
-7.885000000000000000e+02 2.250000000000000000e+01 4.303000000000000114e+01
-7.882799999999999727e+02 2.760000000000000142e+01 1.226999999999999957e+01
-7.882100000000000364e+02 3.513000000000000256e+01 1.560000000000000053e+00
-7.880399999999999636e+02 2.644000000000000128e+01 5.110000000000000320e+00
-7.886000000000000227e+02 3.144000000000000128e+01 4.664000000000000057e+01
-7.880599999999999454e+02 2.064999999999999858e+01 1.182000000000000028e+01
-7.880099999999999909e+02 3.307000000000000028e+01 1.919999999999999929e+00
-7.882799999999999727e+02 2.053999999999999915e+01 1.841000000000000014e+01
-7.879800000000000182e+02 1.835999999999999943e+01 1.177999999999999936e+01
-7.883999999999999773e+02 3.910000000000000142e+00 4.599000000000000199e+01
-7.883099999999999454e+02 2.392000000000000171e+01 1.407000000000000028e+01
-7.880499999999999545e+02 1.921000000000000085e+01 1.522000000000000064e+01
-7.882400000000000091e+02 3.139999999999999858e+01 5.099999999999999645e+00
-7.878500000000000227e+02 1.244999999999999929e+01 3.119999999999999929e+01
-7.881000000000000227e+02 2.730000000000000071e+01 8.130000000000000782e+00
-7.885099999999999909e+02 1.308000000000000007e+01 4.804999999999999716e+01
-7.885299999999999727e+02 1.905000000000000071e+01 4.695000000000000284e+01
-7.880199999999999818e+02 3.488000000000000256e+01 1.070000000000000062e+00
-7.879500000000000455e+02 1.685000000000000142e+01 3.044999999999999929e+01
-7.883899999999999864e+02 3.850000000000000089e+00 4.553000000000000114e+01
-7.880399999999999636e+02 1.912999999999999901e+01 1.228999999999999915e+01
-7.884700000000000273e+02 4.414999999999999858e+01 3.534000000000000341e+01
-7.883300000000000409e+02 1.488000000000000078e+01 3.264999999999999858e+01
-7.881900000000000546e+02 3.407999999999999829e+01 2.169999999999999929e+00
-7.885399999999999636e+02 2.869999999999999929e+01 4.471999999999999886e+01
-7.877799999999999727e+02 2.273999999999999844e+01 6.209999999999999964e+00
-7.880599999999999454e+02 1.992999999999999972e+01 1.356000000000000050e+01
-7.884600000000000364e+02 1.322000000000000064e+01 4.595000000000000284e+01
