-7.878799999999999955e+02 3.203999999999999915e+01 1.469999999999999973e+00
-7.882599999999999909e+02 2.907000000000000028e+01 7.740000000000000213e+00
-7.880499999999999545e+02 1.844000000000000128e+01 1.633999999999999986e+01
-7.878099999999999454e+02 2.650000000000000000e+01 0.000000000000000000e+00
-7.882500000000000000e+02 2.442000000000000171e+01 1.307000000000000028e+01
-7.879800000000000182e+02 4.328000000000000114e+01 0.000000000000000000e+00
-7.877999999999999545e+02 2.387000000000000099e+01 4.530000000000000249e+00
-7.877200000000000273e+02 1.213000000000000078e+01 2.992000000000000171e+01
-7.882000000000000455e+02 1.785999999999999943e+01 3.098999999999999844e+01
-7.877999999999999545e+02 1.575000000000000000e+01 2.255999999999999872e+01
-7.885800000000000409e+02 2.450000000000000000e+01 4.717999999999999972e+01
-7.880800000000000409e+02 3.087999999999999901e+01 3.689999999999999947e+00
-7.882200000000000273e+02 3.593999999999999773e+01 2.200000000000000011e-01
-7.884600000000000364e+02 2.503999999999999915e+01 4.061999999999999744e+01
-7.879299999999999500e+02 2.778000000000000114e+01 4.000000000000000000e+00
-7.878500000000000227e+02 1.233999999999999986e+01 3.371999999999999886e+01
-7.883300000000000409e+02 9.929999999999999716e+00 3.617000000000000171e+01
-7.883799999999999955e+02 2.509999999999999787e+00 4.614000000000000057e+01
-7.885299999999999727e+02 1.555000000000000071e+01 4.732999999999999829e+01
-7.883999999999999773e+02 3.085999999999999943e+01 3.432999999999999829e+01
-7.884600000000000364e+02 1.115000000000000036e+01 4.689000000000000057e+01
-7.879800000000000182e+02 1.812999999999999901e+01 1.218999999999999950e+01
-7.883400000000000318e+02 5.419999999999999929e+00 4.184000000000000341e+01
-7.884600000000000364e+02 1.739000000000000057e+01 4.289999999999999858e+01
-7.886100000000000136e+02 3.425000000000000000e+01 4.710000000000000142e+01
-7.884199999999999591e+02 4.592000000000000171e+01 2.603999999999999915e+01
-7.884299999999999500e+02 3.829999999999999716e+01 3.089999999999999858e+01
-7.884800000000000182e+02 4.928000000000000114e+01 3.482000000000000028e+01
-7.883099999999999454e+02 2.296000000000000085e+01 2.557000000000000028e+01
-7.884500000000000455e+02 5.830000000000000071e+00 4.795000000000000284e+01
-7.884199999999999591e+02 7.600000000000000089e-01 4.814000000000000057e+01
-7.883099999999999454e+02 2.005999999999999872e+01 2.898000000000000043e+01
-7.879500000000000455e+02 1.689999999999999858e+01 2.717000000000000171e+01
-7.885800000000000409e+02 4.574000000000000199e+01 4.507999999999999829e+01
-7.883300000000000409e+02 1.364000000000000057e+01 3.257000000000000028e+01
-7.882500000000000000e+02 3.265999999999999659e+01 3.729999999999999982e+00
-7.879800000000000182e+02 2.189999999999999858e+01 8.480000000000000426e+00
-7.882300000000000182e+02 1.052999999999999936e+01 3.539000000000000057e+01
-7.882799999999999727e+02 2.196999999999999886e+01 1.712999999999999901e+01
-7.880800000000000409e+02 2.194999999999999929e+01 1.338000000000000078e+01
-7.883500000000000227e+02 2.760999999999999943e+01 1.914999999999999858e+01
-7.880900000000000318e+02 2.573999999999999844e+01 8.449999999999999289e+00
-7.883700000000000045e+02 2.080000000000000071e+01 3.157999999999999829e+01
-7.878600000000000136e+02 2.876999999999999957e+01 5.500000000000000444e-01
-7.877300000000000182e+02 1.213000000000000078e+01 3.000000000000000000e+01
-7.885700000000000500e+02 2.807999999999999829e+01 4.567000000000000171e+01
-7.882999999999999545e+02 2.587000000000000099e+01 1.139000000000000057e+01
-7.885000000000000000e+02 3.725999999999999801e+01 4.161999999999999744e+01
-7.881000000000000227e+02 2.637999999999999901e+01 9.119999999999999218e+00
-7.883799999999999955e+02 2.589999999999999858e+00 4.602000000000000313e+01
-7.883200000000000500e+02 2.307000000000000028e+01 1.468999999999999950e+01
-7.878500000000000227e+02 1.525999999999999979e+01 2.873999999999999844e+01
-7.882699999999999818e+02 2.960999999999999943e+01 7.120000000000000107e+00
-7.882799999999999727e+02 2.219000000000000128e+01 1.573000000000000043e+01
-7.881399999999999864e+02 3.470000000000000284e+01 1.949999999999999956e+00
-7.884700000000000273e+02 2.278000000000000114e+01 4.192000000000000171e+01
-7.882200000000000273e+02 3.514000000000000057e+01 1.060000000000000053e+00
-7.882000000000000455e+02 1.789000000000000057e+01 3.092999999999999972e+01
-7.883700000000000045e+02 9.189999999999999503e+00 4.203999999999999915e+01
-7.884299999999999500e+02 6.860000000000000320e+00 4.697999999999999687e+01
-7.884199999999999591e+02 1.762000000000000099e+01 4.178999999999999915e+01
-7.880700000000000500e+02 2.182000000000000028e+01 1.258000000000000007e+01
-7.885099999999999909e+02 2.082000000000000028e+01 4.450999999999999801e+01
-7.885800000000000409e+02 4.578999999999999915e+01 4.500000000000000000e+01
-7.878300000000000409e+02 1.541999999999999993e+01 2.373999999999999844e+01
-7.882500000000000000e+02 3.051000000000000156e+01 6.110000000000000320e+00
-7.885299999999999727e+02 1.553999999999999915e+01 4.736999999999999744e+01
-7.879500000000000455e+02 3.167999999999999972e+01 2.939999999999999947e+00
-7.884600000000000364e+02 4.925999999999999801e+01 3.388000000000000256e+01
-7.883099999999999454e+02 7.299999999999999822e+00 4.032999999999999829e+01
-7.884099999999999682e+02 1.820000000000000062e+00 4.742999999999999972e+01
-7.884299999999999500e+02 4.232999999999999829e+01 2.630999999999999872e+01
-7.880199999999999818e+02 2.726999999999999957e+01 5.629999999999999893e+00
-7.883799999999999955e+02 9.189999999999999503e+00 4.282000000000000028e+01
-7.877799999999999727e+02 2.444999999999999929e+01 3.620000000000000107e+00
-7.879600000000000364e+02 2.551000000000000156e+01 7.709999999999999964e+00
-7.880800000000000409e+02 2.887000000000000099e+01 5.620000000000000107e+00
-7.880499999999999545e+02 1.921000000000000085e+01 1.522000000000000064e+01
-7.883600000000000136e+02 1.513000000000000078e+01 3.350000000000000000e+01
-7.879900000000000091e+02 1.851999999999999957e+01 1.240000000000000036e+01
-7.883899999999999864e+02 3.414999999999999858e+01 2.996000000000000085e+01
-7.878500000000000227e+02 1.244999999999999929e+01 3.119999999999999929e+01
-7.883600000000000136e+02 2.900000000000000000e+01 2.808999999999999986e+01
-7.882200000000000273e+02 3.317999999999999972e+01 3.169999999999999929e+00
-7.878400000000000318e+02 1.524000000000000021e+01 2.866000000000000014e+01
-7.883600000000000136e+02 1.003999999999999915e+01 4.129999999999999716e+01
-7.885199999999999818e+02 1.559999999999999964e+01 4.715999999999999659e+01
-7.883899999999999864e+02 2.128000000000000114e+01 3.890999999999999659e+01
-7.879099999999999682e+02 2.587999999999999901e+01 5.980000000000000426e+00
-7.878300000000000409e+02 2.242999999999999972e+01 6.440000000000000391e+00
-7.876699999999999591e+02 1.325999999999999979e+01 2.646000000000000085e+01
-7.885599999999999454e+02 4.260999999999999943e+01 4.418999999999999773e+01
-7.882799999999999727e+02 2.210999999999999943e+01 1.694000000000000128e+01
-7.882000000000000455e+02 3.663000000000000256e+01 1.199999999999999956e-01
-7.882699999999999818e+02 2.962000000000000099e+01 7.059999999999999609e+00
-7.884199999999999591e+02 3.881000000000000227e+01 2.612999999999999901e+01
-7.883200000000000500e+02 1.366000000000000014e+01 3.239999999999999858e+01
-7.883700000000000045e+02 3.135999999999999943e+01 2.789999999999999858e+01
-7.883099999999999454e+02 2.392000000000000171e+01 1.407000000000000028e+01
-7.880800000000000409e+02 2.664000000000000057e+01 7.700000000000000178e+00
-7.884700000000000273e+02 4.842999999999999972e+01 3.404999999999999716e+01
-7.882799999999999727e+02 1.935999999999999943e+01 3.039999999999999858e+01
-7.880399999999999636e+02 1.885999999999999943e+01 1.257000000000000028e+01
-7.878200000000000500e+02 1.528999999999999915e+01 2.357000000000000028e+01
-7.878600000000000136e+02 1.283999999999999986e+01 3.103000000000000114e+01
-7.881000000000000227e+02 2.864999999999999858e+01 6.370000000000000107e+00
-7.883500000000000227e+02 2.519999999999999929e+01 2.917999999999999972e+01
-7.878400000000000318e+02 2.678999999999999915e+01 5.500000000000000444e-01
-7.885599999999999454e+02 2.912999999999999901e+01 4.513000000000000256e+01
-7.883999999999999773e+02 2.879999999999999893e+00 4.692000000000000171e+01
-7.885199999999999818e+02 1.919000000000000128e+01 4.671000000000000085e+01
-7.885800000000000409e+02 2.360999999999999943e+01 4.734000000000000341e+01
-7.884099999999999682e+02 1.610000000000000098e+00 4.750000000000000000e+01
-7.879900000000000091e+02 2.130999999999999872e+01 1.036999999999999922e+01
-7.884400000000000546e+02 6.120000000000000107e+00 4.752000000000000313e+01
-7.880499999999999545e+02 1.871999999999999886e+01 1.572000000000000064e+01
-7.881399999999999864e+02 3.565999999999999659e+01 4.899999999999999911e-01
-7.883899999999999864e+02 7.849999999999999645e+00 4.350000000000000000e+01
-7.884900000000000091e+02 1.440000000000000036e+01 4.632999999999999829e+01
-7.879400000000000546e+02 3.446999999999999886e+01 1.600000000000000089e+00
-7.880599999999999454e+02 2.185000000000000142e+01 1.091999999999999993e+01
-7.884900000000000091e+02 3.395000000000000284e+01 4.278999999999999915e+01
-7.877999999999999545e+02 1.541999999999999993e+01 2.264000000000000057e+01
-7.882799999999999727e+02 2.053999999999999915e+01 1.841000000000000014e+01
-7.885199999999999818e+02 1.581000000000000050e+01 4.706000000000000227e+01
-7.884299999999999500e+02 6.990000000000000213e+00 4.692000000000000171e+01
-7.885800000000000409e+02 3.279999999999999716e+01 4.593999999999999773e+01
-7.884600000000000364e+02 3.632000000000000028e+01 3.936999999999999744e+01
