-7.882200000000000273e+02 3.593999999999999773e+01 2.200000000000000011e-01
-7.884700000000000273e+02 5.830000000000000071e+00 4.852000000000000313e+01
-7.886100000000000136e+02 3.425000000000000000e+01 4.710000000000000142e+01
-7.885299999999999727e+02 1.555000000000000071e+01 4.732999999999999829e+01
-7.877200000000000273e+02 1.213000000000000078e+01 2.992000000000000171e+01
-7.884600000000000364e+02 1.115000000000000036e+01 4.689000000000000057e+01
-7.882799999999999727e+02 2.196999999999999886e+01 1.712999999999999901e+01
-7.885800000000000409e+02 2.360999999999999943e+01 4.734000000000000341e+01
-7.882400000000000091e+02 3.246999999999999886e+01 3.930000000000000160e+00
-7.880900000000000318e+02 2.573999999999999844e+01 8.449999999999999289e+00
-7.877999999999999545e+02 2.387000000000000099e+01 4.530000000000000249e+00
-7.878600000000000136e+02 1.272000000000000064e+01 3.382000000000000028e+01
-7.883300000000000409e+02 1.364000000000000057e+01 3.257000000000000028e+01
-7.884299999999999500e+02 3.829999999999999716e+01 3.089999999999999858e+01
-7.884600000000000364e+02 1.739000000000000057e+01 4.289999999999999858e+01
-7.882000000000000455e+02 1.785999999999999943e+01 3.098999999999999844e+01
-7.883400000000000318e+02 5.419999999999999929e+00 4.184000000000000341e+01
-7.882599999999999909e+02 2.907000000000000028e+01 7.740000000000000213e+00
-7.879800000000000182e+02 2.189999999999999858e+01 8.480000000000000426e+00
-7.883600000000000136e+02 2.905999999999999872e+01 2.801999999999999957e+01
-7.882300000000000182e+02 1.052999999999999936e+01 3.539000000000000057e+01
-7.879800000000000182e+02 4.210999999999999943e+01 0.000000000000000000e+00
-7.879800000000000182e+02 1.812999999999999901e+01 1.218999999999999950e+01
-7.884800000000000182e+02 4.928000000000000114e+01 3.482000000000000028e+01
-7.880800000000000409e+02 3.087999999999999901e+01 3.689999999999999947e+00
-7.884600000000000364e+02 2.503999999999999915e+01 4.061999999999999744e+01
-7.883300000000000409e+02 9.929999999999999716e+00 3.617000000000000171e+01
-7.883099999999999454e+02 2.005999999999999872e+01 2.898000000000000043e+01
-7.878700000000000045e+02 3.309000000000000341e+01 8.599999999999999867e-01
-7.882500000000000000e+02 2.485000000000000142e+01 1.258000000000000007e+01
-7.878300000000000409e+02 1.712999999999999901e+01 2.175000000000000000e+01
-7.884199999999999591e+02 7.600000000000000089e-01 4.814000000000000057e+01
-7.880800000000000409e+02 2.194999999999999929e+01 1.338000000000000078e+01
-7.885800000000000409e+02 4.574000000000000199e+01 4.507999999999999829e+01
-7.883799999999999955e+02 2.459999999999999964e+00 4.585000000000000142e+01
-7.878099999999999454e+02 2.650000000000000000e+01 0.000000000000000000e+00
-7.884199999999999591e+02 4.592000000000000171e+01 2.603999999999999915e+01
-7.884199999999999591e+02 2.933999999999999986e+01 3.813000000000000256e+01
-7.879500000000000455e+02 1.689999999999999858e+01 2.717000000000000171e+01
-7.880499999999999545e+02 1.814999999999999858e+01 1.835999999999999943e+01
-7.879299999999999500e+02 2.778000000000000114e+01 4.000000000000000000e+00
-7.883500000000000227e+02 2.760999999999999943e+01 1.914999999999999858e+01
-7.882799999999999727e+02 2.219000000000000128e+01 1.573000000000000043e+01
-7.878600000000000136e+02 1.746999999999999886e+01 2.405000000000000071e+01
-7.885800000000000409e+02 2.635000000000000142e+01 4.700000000000000000e+01
-7.880700000000000500e+02 2.094999999999999929e+01 1.236999999999999922e+01
-7.879900000000000091e+02 1.851999999999999957e+01 1.240000000000000036e+01
-7.882400000000000091e+02 3.550999999999999801e+01 8.800000000000000044e-01
-7.881399999999999864e+02 3.549000000000000199e+01 6.700000000000000400e-01
-7.884400000000000546e+02 3.777000000000000313e+01 3.952000000000000313e+01
-7.878500000000000227e+02 2.503999999999999915e+01 3.629999999999999893e+00
-7.878700000000000045e+02 1.678000000000000114e+01 2.942000000000000171e+01
-7.883200000000000500e+02 2.307000000000000028e+01 1.468999999999999950e+01
-7.883500000000000227e+02 1.394999999999999929e+01 3.417999999999999972e+01
-7.878500000000000227e+02 2.692000000000000171e+01 1.469999999999999973e+00
-7.884500000000000455e+02 4.503000000000000114e+01 2.619999999999999929e+01
-7.885199999999999818e+02 2.826000000000000156e+01 4.342999999999999972e+01
-7.880499999999999545e+02 1.844000000000000128e+01 1.633999999999999986e+01
-7.883799999999999955e+02 3.014999999999999858e+01 2.894999999999999929e+01
-7.884800000000000182e+02 1.182000000000000028e+01 4.660000000000000142e+01
-7.885299999999999727e+02 1.553999999999999915e+01 4.736999999999999744e+01
-7.876699999999999591e+02 1.325999999999999979e+01 2.646000000000000085e+01
-7.883999999999999773e+02 3.870000000000000107e+00 4.578000000000000114e+01
-7.883700000000000045e+02 3.349000000000000199e+01 2.639999999999999858e+01
-7.880399999999999636e+02 3.003000000000000114e+01 4.360000000000000320e+00
-7.883300000000000409e+02 6.160000000000000142e+00 4.095000000000000284e+01
-7.885099999999999909e+02 2.457000000000000028e+01 4.363000000000000256e+01
-7.881799999999999500e+02 3.389999999999999858e+01 2.399999999999999911e+00
-7.882000000000000455e+02 1.789000000000000057e+01 3.092999999999999972e+01
-7.878300000000000409e+02 3.148999999999999844e+01 0.000000000000000000e+00
-7.881000000000000227e+02 2.514000000000000057e+01 9.009999999999999787e+00
-7.885800000000000409e+02 4.292999999999999972e+01 4.545000000000000284e+01
-7.882699999999999818e+02 2.962000000000000099e+01 7.059999999999999609e+00
-7.883999999999999773e+02 8.800000000000000044e-01 4.804999999999999716e+01
-7.882899999999999636e+02 8.500000000000000000e+00 3.995000000000000284e+01
-7.880099999999999909e+02 2.607000000000000028e+01 5.540000000000000036e+00
-7.882699999999999818e+02 1.776000000000000156e+01 3.126999999999999957e+01
-7.878600000000000136e+02 1.285999999999999943e+01 3.060000000000000142e+01
-7.878600000000000136e+02 2.292000000000000171e+01 8.099999999999999645e+00
-7.884099999999999682e+02 1.820000000000000062e+00 4.742999999999999972e+01
-7.883700000000000045e+02 1.383999999999999986e+01 4.079999999999999716e+01
-7.882500000000000000e+02 2.442000000000000171e+01 1.307000000000000028e+01
-7.876499999999999773e+02 1.698999999999999844e+01 2.267999999999999972e+01
-7.884099999999999682e+02 7.299999999999999822e-01 4.814000000000000057e+01
-7.881000000000000227e+02 2.860000000000000142e+01 6.509999999999999787e+00
-7.883700000000000045e+02 1.964999999999999858e+01 3.180999999999999872e+01
-7.882999999999999545e+02 2.587000000000000099e+01 1.139000000000000057e+01
-7.883099999999999454e+02 2.392000000000000171e+01 1.407000000000000028e+01
-7.885099999999999909e+02 1.898000000000000043e+01 4.657999999999999829e+01
-7.883999999999999773e+02 2.879999999999999893e+00 4.692000000000000171e+01
-7.885499999999999545e+02 4.413000000000000256e+01 4.397999999999999687e+01
-7.884299999999999500e+02 4.232999999999999829e+01 2.630999999999999872e+01
-7.883799999999999955e+02 9.189999999999999503e+00 4.282000000000000028e+01
-7.881399999999999864e+02 3.565999999999999659e+01 4.899999999999999911e-01
-7.883899999999999864e+02 2.346000000000000085e+01 3.021000000000000085e+01
-7.878400000000000318e+02 1.524000000000000021e+01 2.866000000000000014e+01
-7.883799999999999955e+02 3.417999999999999972e+01 2.605999999999999872e+01
-7.882999999999999545e+02 2.160000000000000142e+01 1.735000000000000142e+01
-7.877699999999999818e+02 1.100999999999999979e+01 3.472999999999999687e+01
-7.882699999999999818e+02 2.960999999999999943e+01 7.120000000000000107e+00
-7.878300000000000409e+02 2.242999999999999972e+01 6.440000000000000391e+00
-7.883700000000000045e+02 9.189999999999999503e+00 4.203999999999999915e+01
-7.885700000000000500e+02 2.528999999999999915e+01 4.700000000000000000e+01
-7.878799999999999955e+02 3.203999999999999915e+01 1.469999999999999973e+00
-7.882100000000000364e+02 3.615999999999999659e+01 2.000000000000000042e-02
-7.883899999999999864e+02 7.849999999999999645e+00 4.350000000000000000e+01
-7.882200000000000273e+02 3.317999999999999972e+01 3.169999999999999929e+00
-7.878600000000000136e+02 2.876999999999999957e+01 5.500000000000000444e-01
-7.880399999999999636e+02 1.819000000000000128e+01 1.275999999999999979e+01
-7.885199999999999818e+02 1.455000000000000071e+01 4.740999999999999659e+01
-7.884400000000000546e+02 6.120000000000000107e+00 4.752000000000000313e+01
-7.879900000000000091e+02 2.092999999999999972e+01 1.007000000000000028e+01
-7.881000000000000227e+02 2.635000000000000142e+01 8.640000000000000568e+00
-7.877300000000000182e+02 1.213000000000000078e+01 3.000000000000000000e+01
-7.883700000000000045e+02 3.003999999999999915e+01 2.894999999999999929e+01
-7.883899999999999864e+02 2.058999999999999986e+01 3.934000000000000341e+01
-7.880399999999999636e+02 1.953000000000000114e+01 1.180000000000000071e+01
-7.883200000000000500e+02 1.366000000000000014e+01 3.239999999999999858e+01
-7.880499999999999545e+02 1.871999999999999886e+01 1.572000000000000064e+01
-7.885700000000000500e+02 2.807999999999999829e+01 4.567000000000000171e+01
-7.879700000000000273e+02 2.514000000000000057e+01 6.009999999999999787e+00
-7.877899999999999636e+02 1.124000000000000021e+01 3.422999999999999687e+01
-7.882699999999999818e+02 1.855000000000000071e+01 3.010000000000000142e+01
-7.879900000000000091e+02 4.338000000000000256e+01 0.000000000000000000e+00
-7.878500000000000227e+02 1.525999999999999979e+01 2.873999999999999844e+01
-7.879800000000000182e+02 1.962000000000000099e+01 1.066999999999999993e+01
-7.882300000000000182e+02 3.214999999999999858e+01 4.280000000000000249e+00
-7.878400000000000318e+02 2.678999999999999915e+01 5.500000000000000444e-01
