-7.884099999999999682e+02 2.753999999999999915e+01 3.302000000000000313e+01
-7.884600000000000364e+02 2.457000000000000028e+01 4.071000000000000085e+01
-7.882400000000000091e+02 3.246999999999999886e+01 3.930000000000000160e+00
-7.883400000000000318e+02 5.419999999999999929e+00 4.184000000000000341e+01
-7.884199999999999591e+02 7.500000000000000000e-01 4.814000000000000057e+01
-7.879900000000000091e+02 1.791000000000000014e+01 1.292999999999999972e+01
-7.885299999999999727e+02 1.555000000000000071e+01 4.732999999999999829e+01
-7.883300000000000409e+02 9.929999999999999716e+00 3.617000000000000171e+01
-7.878600000000000136e+02 1.272000000000000064e+01 3.382000000000000028e+01
-7.879800000000000182e+02 2.189999999999999858e+01 8.480000000000000426e+00
-7.884600000000000364e+02 1.115000000000000036e+01 4.689000000000000057e+01
-7.882300000000000182e+02 3.615999999999999659e+01 7.600000000000000089e-01
-7.882599999999999909e+02 2.901999999999999957e+01 7.790000000000000036e+00
-7.882500000000000000e+02 2.485000000000000142e+01 1.258000000000000007e+01
-7.883799999999999955e+02 2.459999999999999964e+00 4.585000000000000142e+01
-7.879299999999999500e+02 2.778000000000000114e+01 4.000000000000000000e+00
-7.884500000000000455e+02 1.676999999999999957e+01 4.279999999999999716e+01
-7.885800000000000409e+02 4.574000000000000199e+01 4.507999999999999829e+01
-7.878300000000000409e+02 1.712999999999999901e+01 2.175000000000000000e+01
-7.882000000000000455e+02 1.785999999999999943e+01 3.098999999999999844e+01
-7.882300000000000182e+02 1.111999999999999922e+01 3.482000000000000028e+01
-7.879800000000000182e+02 4.210999999999999943e+01 0.000000000000000000e+00
-7.885800000000000409e+02 2.371999999999999886e+01 4.728000000000000114e+01
-7.880800000000000409e+02 3.087999999999999901e+01 3.689999999999999947e+00
-7.877200000000000273e+02 1.213000000000000078e+01 2.992000000000000171e+01
-7.883300000000000409e+02 1.364000000000000057e+01 3.257000000000000028e+01
-7.880499999999999545e+02 1.814999999999999858e+01 1.835999999999999943e+01
-7.886100000000000136e+02 3.425000000000000000e+01 4.710000000000000142e+01
-7.880800000000000409e+02 2.194999999999999929e+01 1.338000000000000078e+01
-7.878700000000000045e+02 3.309000000000000341e+01 8.599999999999999867e-01
-7.884700000000000273e+02 5.669999999999999929e+00 4.850000000000000000e+01
-7.884299999999999500e+02 3.829999999999999716e+01 3.089999999999999858e+01
-7.878099999999999454e+02 2.650000000000000000e+01 0.000000000000000000e+00
-7.884199999999999591e+02 4.592000000000000171e+01 2.603999999999999915e+01
-7.883500000000000227e+02 2.760999999999999943e+01 1.914999999999999858e+01
-7.883600000000000136e+02 2.878000000000000114e+01 2.816000000000000014e+01
-7.877999999999999545e+02 2.387000000000000099e+01 4.530000000000000249e+00
-7.882799999999999727e+02 2.196999999999999886e+01 1.712999999999999901e+01
-7.880900000000000318e+02 2.573999999999999844e+01 8.449999999999999289e+00
-7.879500000000000455e+02 1.689999999999999858e+01 2.717000000000000171e+01
-7.883099999999999454e+02 2.005999999999999872e+01 2.898000000000000043e+01
-7.878500000000000227e+02 1.256000000000000050e+01 3.210999999999999943e+01
-7.882300000000000182e+02 1.052999999999999936e+01 3.539000000000000057e+01
-7.884500000000000455e+02 5.620000000000000107e+00 4.807999999999999829e+01
-7.880599999999999454e+02 2.182000000000000028e+01 1.142999999999999972e+01
-7.882699999999999818e+02 1.855000000000000071e+01 3.010000000000000142e+01
-7.879800000000000182e+02 1.967000000000000171e+01 1.091999999999999993e+01
-7.883799999999999955e+02 3.014999999999999858e+01 2.894999999999999929e+01
-7.885800000000000409e+02 2.635000000000000142e+01 4.700000000000000000e+01
-7.885199999999999818e+02 1.455000000000000071e+01 4.740999999999999659e+01
-7.880499999999999545e+02 2.726999999999999957e+01 5.910000000000000142e+00
-7.880499999999999545e+02 1.871999999999999886e+01 1.572000000000000064e+01
-7.880199999999999818e+02 2.326000000000000156e+01 7.440000000000000391e+00
-7.878500000000000227e+02 2.503999999999999915e+01 3.629999999999999893e+00
-7.884600000000000364e+02 1.739000000000000057e+01 4.289999999999999858e+01
-7.882699999999999818e+02 2.964000000000000057e+01 7.040000000000000036e+00
-7.880199999999999818e+02 3.446000000000000085e+01 1.120000000000000107e+00
-7.884600000000000364e+02 2.503999999999999915e+01 4.061999999999999744e+01
-7.883899999999999864e+02 2.353999999999999915e+01 3.019000000000000128e+01
-7.882799999999999727e+02 2.341000000000000014e+01 1.427999999999999936e+01
-7.880099999999999909e+02 2.607000000000000028e+01 5.540000000000000036e+00
-7.882000000000000455e+02 1.789000000000000057e+01 3.092999999999999972e+01
-7.878799999999999955e+02 3.203999999999999915e+01 1.469999999999999973e+00
-7.885800000000000409e+02 4.292999999999999972e+01 4.545000000000000284e+01
-7.883400000000000318e+02 2.500000000000000000e+01 1.732000000000000028e+01
-7.884800000000000182e+02 1.182000000000000028e+01 4.660000000000000142e+01
-7.883999999999999773e+02 8.800000000000000044e-01 4.804999999999999716e+01
-7.882999999999999545e+02 2.160000000000000142e+01 1.735000000000000142e+01
-7.880299999999999727e+02 2.819000000000000128e+01 5.540000000000000036e+00
-7.885199999999999818e+02 2.826000000000000156e+01 4.342999999999999972e+01
-7.878300000000000409e+02 1.500000000000000000e+01 3.010999999999999943e+01
-7.882300000000000182e+02 3.214999999999999858e+01 4.280000000000000249e+00
-7.876699999999999591e+02 1.325999999999999979e+01 2.646000000000000085e+01
-7.876499999999999773e+02 1.698999999999999844e+01 2.267999999999999972e+01
-7.883700000000000045e+02 1.183999999999999986e+01 4.328000000000000114e+01
-7.884199999999999591e+02 1.379999999999999893e+00 4.810999999999999943e+01
-7.883899999999999864e+02 3.939999999999999858e+01 2.601000000000000156e+01
-7.883700000000000045e+02 3.372999999999999687e+01 2.633999999999999986e+01
-7.878600000000000136e+02 2.876999999999999957e+01 5.500000000000000444e-01
-7.883700000000000045e+02 1.469999999999999929e+01 3.742999999999999972e+01
-7.882200000000000273e+02 3.593999999999999773e+01 2.200000000000000011e-01
-7.883200000000000500e+02 4.580000000000000071e+00 4.436999999999999744e+01
-7.884600000000000364e+02 9.009999999999999787e+00 4.725000000000000000e+01
-7.879199999999999591e+02 1.648000000000000043e+01 2.733999999999999986e+01
-7.883999999999999773e+02 8.100000000000000533e-01 4.809000000000000341e+01
-7.885299999999999727e+02 1.553999999999999915e+01 4.736999999999999744e+01
-7.879800000000000182e+02 2.771000000000000085e+01 4.139999999999999680e+00
-7.885800000000000409e+02 2.360999999999999943e+01 4.734000000000000341e+01
-7.883600000000000136e+02 2.905999999999999872e+01 2.801999999999999957e+01
-7.878300000000000409e+02 2.242999999999999972e+01 6.440000000000000391e+00
-7.882799999999999727e+02 2.219000000000000128e+01 1.573000000000000043e+01
-7.882400000000000091e+02 1.165000000000000036e+01 3.524000000000000199e+01
-7.880599999999999454e+02 2.514999999999999858e+01 7.019999999999999574e+00
-7.884400000000000546e+02 2.085999999999999943e+01 4.114999999999999858e+01
-7.882100000000000364e+02 3.615999999999999659e+01 2.000000000000000042e-02
-7.879800000000000182e+02 1.812999999999999901e+01 1.218999999999999950e+01
-7.884400000000000546e+02 6.120000000000000107e+00 4.752000000000000313e+01
-7.878400000000000318e+02 2.678999999999999915e+01 5.500000000000000444e-01
-7.883200000000000500e+02 2.307000000000000028e+01 1.468999999999999950e+01
-7.886000000000000227e+02 2.966000000000000014e+01 4.702000000000000313e+01
-7.883300000000000409e+02 1.678999999999999915e+01 3.185000000000000142e+01
-7.880499999999999545e+02 1.844000000000000128e+01 1.633999999999999986e+01
-7.879299999999999500e+02 4.146000000000000085e+01 0.000000000000000000e+00
-7.882500000000000000e+02 2.996999999999999886e+01 6.700000000000000178e+00
-7.877300000000000182e+02 1.316999999999999993e+01 2.937000000000000099e+01
-7.881000000000000227e+02 2.876999999999999957e+01 6.379999999999999893e+00
-7.880299999999999727e+02 2.360999999999999943e+01 7.280000000000000249e+00
-7.884900000000000091e+02 4.820000000000000284e+01 2.614999999999999858e+01
-7.883500000000000227e+02 5.900000000000000355e+00 4.218999999999999773e+01
-7.878400000000000318e+02 1.730000000000000071e+01 2.205000000000000071e+01
-7.882500000000000000e+02 9.119999999999999218e+00 4.082999999999999829e+01
-7.880599999999999454e+02 2.183999999999999986e+01 1.139000000000000057e+01
-7.878799999999999955e+02 3.247999999999999687e+01 1.409999999999999920e+00
-7.885499999999999545e+02 4.413000000000000256e+01 4.397999999999999687e+01
-7.883899999999999864e+02 3.406000000000000227e+01 2.610999999999999943e+01
-7.882000000000000455e+02 3.389999999999999858e+01 2.399999999999999911e+00
-7.877699999999999818e+02 1.100999999999999979e+01 3.472999999999999687e+01
-7.885000000000000000e+02 1.510999999999999943e+01 4.692000000000000171e+01
-7.882999999999999545e+02 2.587000000000000099e+01 1.139000000000000057e+01
-7.884099999999999682e+02 7.299999999999999822e-01 4.814000000000000057e+01
-7.884800000000000182e+02 3.610000000000000142e+01 4.200000000000000000e+01
-7.883200000000000500e+02 2.046999999999999886e+01 2.832000000000000028e+01
-7.879099999999999682e+02 1.582000000000000028e+01 2.853999999999999915e+01
-7.884299999999999500e+02 3.775000000000000000e+01 3.931000000000000227e+01
-7.879900000000000091e+02 1.982999999999999829e+01 1.115000000000000036e+01
-7.883799999999999955e+02 1.214000000000000057e+01 4.114999999999999858e+01
-7.883999999999999773e+02 1.110000000000000098e+00 4.797999999999999687e+01
-7.885700000000000500e+02 2.939000000000000057e+01 4.550000000000000000e+01
