-7.878799999999999955e+02 3.281000000000000227e+01 8.399999999999999689e-01
-7.883999999999999773e+02 2.035999999999999943e+01 3.885000000000000142e+01
-7.884900000000000091e+02 4.800000000000000000e+01 2.614999999999999858e+01
-7.882999999999999545e+02 9.390000000000000568e+00 3.607999999999999829e+01
-7.883999999999999773e+02 3.339999999999999858e+01 3.016000000000000014e+01
-7.883200000000000500e+02 4.490000000000000213e+00 4.238000000000000256e+01
-7.877400000000000091e+02 2.194999999999999929e+01 7.480000000000000426e+00
-7.877999999999999545e+02 2.387000000000000099e+01 4.530000000000000249e+00
-7.884199999999999591e+02 1.596000000000000085e+01 4.161999999999999744e+01
-7.876499999999999773e+02 1.698999999999999844e+01 2.267999999999999972e+01
-7.882799999999999727e+02 1.957999999999999829e+01 2.928000000000000114e+01
-7.878400000000000318e+02 2.678999999999999915e+01 5.500000000000000444e-01
-7.881100000000000136e+02 2.650000000000000000e+01 9.039999999999999147e+00
-7.882100000000000364e+02 3.615999999999999659e+01 2.000000000000000042e-02
-7.883300000000000409e+02 2.503000000000000114e+01 1.708999999999999986e+01
-7.884500000000000455e+02 5.620000000000000107e+00 4.807999999999999829e+01
-7.886000000000000227e+02 3.005000000000000071e+01 4.664999999999999858e+01
-7.879800000000000182e+02 2.771000000000000085e+01 4.139999999999999680e+00
-7.882400000000000091e+02 3.246999999999999886e+01 3.930000000000000160e+00
-7.876699999999999591e+02 1.325999999999999979e+01 2.646000000000000085e+01
-7.882699999999999818e+02 2.964000000000000057e+01 7.040000000000000036e+00
-7.880700000000000500e+02 2.071999999999999886e+01 1.769000000000000128e+01
-7.885299999999999727e+02 1.553999999999999915e+01 4.736999999999999744e+01
-7.884199999999999591e+02 7.500000000000000000e-01 4.814000000000000057e+01
-7.884600000000000364e+02 1.006000000000000050e+01 4.672999999999999687e+01
-7.877699999999999818e+02 1.100999999999999979e+01 3.472999999999999687e+01
-7.880800000000000409e+02 2.194999999999999929e+01 1.338000000000000078e+01
-7.884099999999999682e+02 2.753999999999999915e+01 3.302000000000000313e+01
-7.885800000000000409e+02 2.369999999999999929e+01 4.729999999999999716e+01
-7.877300000000000182e+02 1.496000000000000085e+01 2.962000000000000099e+01
-7.880199999999999818e+02 1.750000000000000000e+01 1.642000000000000171e+01
-7.884400000000000546e+02 4.471999999999999886e+01 2.603000000000000114e+01
-7.882999999999999545e+02 2.587000000000000099e+01 1.139000000000000057e+01
-7.884800000000000182e+02 4.643999999999999773e+01 3.375000000000000000e+01
-7.880299999999999727e+02 2.307999999999999829e+01 8.240000000000000213e+00
-7.880800000000000409e+02 3.087999999999999901e+01 3.689999999999999947e+00
-7.883300000000000409e+02 1.364000000000000057e+01 3.257000000000000028e+01
-7.879900000000000091e+02 1.923999999999999844e+01 1.231000000000000050e+01
-7.885900000000000318e+02 4.297999999999999687e+01 4.546000000000000085e+01
-7.883300000000000409e+02 1.217999999999999972e+01 3.563000000000000256e+01
-7.885700000000000500e+02 2.476000000000000156e+01 4.710000000000000142e+01
-7.878600000000000136e+02 1.682999999999999829e+01 2.360999999999999943e+01
-7.880700000000000500e+02 2.067999999999999972e+01 1.880000000000000071e+01
-7.882100000000000364e+02 3.367000000000000171e+01 2.629999999999999893e+00
-7.883799999999999955e+02 3.535000000000000142e+01 2.612999999999999901e+01
-7.885700000000000500e+02 4.686999999999999744e+01 4.442000000000000171e+01
-7.880299999999999727e+02 2.767000000000000171e+01 5.879999999999999893e+00
-7.882599999999999909e+02 2.930000000000000071e+01 7.419999999999999929e+00
-7.882899999999999636e+02 2.123000000000000043e+01 1.689000000000000057e+01
-7.882500000000000000e+02 2.485000000000000142e+01 1.258000000000000007e+01
-7.878799999999999955e+02 3.247999999999999687e+01 1.409999999999999920e+00
-7.879700000000000273e+02 2.267999999999999972e+01 8.039999999999999147e+00
-7.885099999999999909e+02 1.600000000000000000e+01 4.686999999999999744e+01
-7.885800000000000409e+02 2.737999999999999901e+01 4.686999999999999744e+01
-7.878600000000000136e+02 1.726999999999999957e+01 2.176000000000000156e+01
-7.883700000000000045e+02 3.279999999999999805e+00 4.582000000000000028e+01
-7.883300000000000409e+02 1.360999999999999943e+01 3.275000000000000000e+01
-7.884199999999999591e+02 2.555999999999999872e+01 3.915999999999999659e+01
-7.884500000000000455e+02 4.639000000000000057e+01 2.601999999999999957e+01
-7.880199999999999818e+02 1.846000000000000085e+01 1.249000000000000021e+01
-7.883899999999999864e+02 8.710000000000000853e+00 4.274000000000000199e+01
-7.882999999999999545e+02 1.135999999999999943e+01 3.550999999999999801e+01
-7.884199999999999591e+02 1.800000000000000044e+00 4.782000000000000028e+01
-7.883200000000000500e+02 1.892999999999999972e+01 2.980000000000000071e+01
-7.877400000000000091e+02 1.201999999999999957e+01 2.994000000000000128e+01
-7.883500000000000227e+02 5.900000000000000355e+00 4.218999999999999773e+01
-7.884600000000000364e+02 3.078999999999999915e+01 4.060000000000000142e+01
-7.880700000000000500e+02 2.196000000000000085e+01 1.331000000000000050e+01
-7.880800000000000409e+02 3.062999999999999901e+01 3.919999999999999929e+00
-7.878300000000000409e+02 2.600000000000000000e+01 4.699999999999999734e-01
-7.878500000000000227e+02 2.503999999999999915e+01 3.629999999999999893e+00
-7.880800000000000409e+02 2.732000000000000028e+01 6.389999999999999680e+00
-7.878099999999999454e+02 2.650000000000000000e+01 0.000000000000000000e+00
-7.884400000000000546e+02 2.453999999999999915e+01 4.065999999999999659e+01
-7.882799999999999727e+02 2.192999999999999972e+01 1.625000000000000000e+01
-7.879800000000000182e+02 2.210999999999999943e+01 8.439999999999999503e+00
-7.877000000000000455e+02 1.473000000000000043e+01 2.548000000000000043e+01
-7.884299999999999500e+02 4.519999999999999574e+00 4.782999999999999829e+01
-7.879800000000000182e+02 1.812000000000000099e+01 1.285999999999999943e+01
-7.882000000000000455e+02 1.785999999999999943e+01 3.098999999999999844e+01
-7.883400000000000318e+02 5.419999999999999929e+00 4.184000000000000341e+01
-7.882400000000000091e+02 1.165000000000000036e+01 3.524000000000000199e+01
-7.882400000000000091e+02 3.191000000000000014e+01 4.559999999999999609e+00
-7.883899999999999864e+02 3.302000000000000313e+01 3.153000000000000114e+01
-7.880199999999999818e+02 2.569000000000000128e+01 6.059999999999999609e+00
-7.882300000000000182e+02 1.111999999999999922e+01 3.482000000000000028e+01
-7.878799999999999955e+02 3.203999999999999915e+01 1.469999999999999973e+00
-7.884400000000000546e+02 1.369999999999999929e+01 4.392999999999999972e+01
-7.885499999999999545e+02 2.925000000000000000e+01 4.456000000000000227e+01
-7.878500000000000227e+02 1.256000000000000050e+01 3.210999999999999943e+01
-7.880900000000000318e+02 2.855000000000000071e+01 6.519999999999999574e+00
-7.882699999999999818e+02 2.917999999999999972e+01 8.570000000000000284e+00
-7.883999999999999773e+02 1.580000000000000071e+00 4.735999999999999943e+01
-7.885299999999999727e+02 1.555000000000000071e+01 4.732999999999999829e+01
-7.878300000000000409e+02 1.712000000000000099e+01 2.162000000000000099e+01
-7.883300000000000409e+02 2.298000000000000043e+01 3.225999999999999801e+01
-7.884600000000000364e+02 8.839999999999999858e+00 4.700999999999999801e+01
-7.885700000000000500e+02 2.551999999999999957e+01 4.709000000000000341e+01
-7.882200000000000273e+02 3.593999999999999773e+01 2.200000000000000011e-01
-7.885599999999999454e+02 4.338000000000000256e+01 4.495000000000000284e+01
-7.880299999999999727e+02 1.932999999999999829e+01 1.660999999999999943e+01
-7.878600000000000136e+02 2.408999999999999986e+01 6.320000000000000284e+00
-7.879900000000000091e+02 1.791000000000000014e+01 1.292999999999999972e+01
-7.885599999999999454e+02 2.655000000000000071e+01 4.610000000000000142e+01
-7.883899999999999864e+02 2.087000000000000099e+01 3.238000000000000256e+01
-7.884800000000000182e+02 1.286999999999999922e+01 4.689000000000000057e+01
-7.880299999999999727e+02 2.360999999999999943e+01 7.280000000000000249e+00
-7.884500000000000455e+02 1.676999999999999957e+01 4.279999999999999716e+01
-7.882599999999999909e+02 2.901999999999999957e+01 7.790000000000000036e+00
-7.880299999999999727e+02 3.075000000000000000e+01 3.240000000000000213e+00
-7.878600000000000136e+02 2.876999999999999957e+01 5.500000000000000444e-01
-7.882100000000000364e+02 3.624000000000000199e+01 0.000000000000000000e+00
-7.883999999999999773e+02 8.100000000000000533e-01 4.809000000000000341e+01
-7.883300000000000409e+02 1.255000000000000071e+01 3.546999999999999886e+01
-7.881200000000000045e+02 2.685000000000000142e+01 1.066000000000000014e+01
-7.883200000000000500e+02 6.129999999999999893e+00 4.011999999999999744e+01
-7.884099999999999682e+02 6.309999999999999609e+00 4.510000000000000142e+01
-7.879099999999999682e+02 1.582000000000000028e+01 2.853999999999999915e+01
-7.883400000000000318e+02 1.160999999999999943e+01 3.786999999999999744e+01
-7.883300000000000409e+02 2.326999999999999957e+01 3.016000000000000014e+01
-7.885700000000000500e+02 4.415999999999999659e+01 4.461999999999999744e+01
-7.885099999999999909e+02 1.427999999999999936e+01 4.696999999999999886e+01
-7.883400000000000318e+02 2.500000000000000000e+01 1.732000000000000028e+01
-7.885800000000000409e+02 2.371999999999999886e+01 4.728000000000000114e+01
-7.883200000000000500e+02 2.066000000000000014e+01 2.796000000000000085e+01
-7.880499999999999545e+02 1.814999999999999858e+01 1.835999999999999943e+01
-7.882000000000000455e+02 3.357999999999999829e+01 2.759999999999999787e+00
-7.877200000000000273e+02 1.213000000000000078e+01 2.992000000000000171e+01
