-7.880299999999999727e+02 2.307999999999999829e+01 8.240000000000000213e+00
-7.884199999999999591e+02 7.500000000000000000e-01 4.814000000000000057e+01
-7.878200000000000500e+02 2.341000000000000014e+01 3.979999999999999982e+00
-7.886000000000000227e+02 3.228999999999999915e+01 4.650999999999999801e+01
-7.879800000000000182e+02 2.771000000000000085e+01 4.139999999999999680e+00
-7.885299999999999727e+02 1.546000000000000085e+01 4.763000000000000256e+01
-7.884800000000000182e+02 4.643999999999999773e+01 3.375000000000000000e+01
-7.883999999999999773e+02 3.339999999999999858e+01 3.016000000000000014e+01
-7.882799999999999727e+02 1.957999999999999829e+01 2.928000000000000114e+01
-7.884400000000000546e+02 4.471999999999999886e+01 2.603000000000000114e+01
-7.882400000000000091e+02 3.246999999999999886e+01 3.930000000000000160e+00
-7.881100000000000136e+02 2.523999999999999844e+01 1.107000000000000028e+01
-7.882699999999999818e+02 2.964000000000000057e+01 7.040000000000000036e+00
-7.884199999999999591e+02 1.596000000000000085e+01 4.161999999999999744e+01
-7.880700000000000500e+02 2.062000000000000099e+01 1.507000000000000028e+01
-7.884900000000000091e+02 4.800000000000000000e+01 2.614999999999999858e+01
-7.879199999999999591e+02 3.103000000000000114e+01 2.899999999999999800e-01
-7.876699999999999591e+02 1.491999999999999993e+01 2.255999999999999872e+01
-7.881900000000000546e+02 3.486999999999999744e+01 1.370000000000000107e+00
-7.881100000000000136e+02 2.882000000000000028e+01 7.900000000000000355e+00
-7.884099999999999682e+02 2.753999999999999915e+01 3.302000000000000313e+01
-7.883099999999999454e+02 1.367999999999999972e+01 3.234000000000000341e+01
-7.877799999999999727e+02 1.546000000000000085e+01 2.562000000000000099e+01
-7.884099999999999682e+02 2.042999999999999972e+01 4.046000000000000085e+01
-7.882999999999999545e+02 9.390000000000000568e+00 3.607999999999999829e+01
-7.880800000000000409e+02 3.087999999999999901e+01 3.689999999999999947e+00
-7.882999999999999545e+02 2.587000000000000099e+01 1.139000000000000057e+01
-7.878099999999999454e+02 2.048999999999999844e+01 9.310000000000000497e+00
-7.878400000000000318e+02 2.678999999999999915e+01 5.500000000000000444e-01
-7.877699999999999818e+02 1.100999999999999979e+01 3.472999999999999687e+01
-7.880000000000000000e+02 1.862000000000000099e+01 1.200000000000000000e+01
-7.885900000000000318e+02 4.297999999999999687e+01 4.546000000000000085e+01
-7.876699999999999591e+02 1.325999999999999979e+01 2.646000000000000085e+01
-7.884400000000000546e+02 1.024000000000000021e+01 4.511999999999999744e+01
-7.883300000000000409e+02 2.503000000000000114e+01 1.708999999999999986e+01
-7.885800000000000409e+02 2.369999999999999929e+01 4.729999999999999716e+01
-7.883200000000000500e+02 4.639999999999999680e+00 4.232999999999999829e+01
-7.884500000000000455e+02 5.620000000000000107e+00 4.807999999999999829e+01
-7.880199999999999818e+02 1.750000000000000000e+01 1.642000000000000171e+01
-7.884500000000000455e+02 4.607999999999999829e+01 2.601999999999999957e+01
-7.878099999999999454e+02 2.650000000000000000e+01 0.000000000000000000e+00
-7.882599999999999909e+02 2.901999999999999957e+01 7.790000000000000036e+00
-7.877999999999999545e+02 1.586999999999999922e+01 2.478999999999999915e+01
-7.882200000000000273e+02 3.353000000000000114e+01 2.779999999999999805e+00
-7.882599999999999909e+02 1.363000000000000078e+01 3.564999999999999858e+01
-7.882500000000000000e+02 2.485000000000000142e+01 1.258000000000000007e+01
-7.882999999999999545e+02 1.748999999999999844e+01 3.112000000000000099e+01
-7.885099999999999909e+02 1.508999999999999986e+01 4.715999999999999659e+01
-7.884600000000000364e+02 8.839999999999999858e+00 4.700999999999999801e+01
-7.885499999999999545e+02 2.235999999999999943e+01 4.621999999999999886e+01
-7.881200000000000045e+02 2.685000000000000142e+01 1.066000000000000014e+01
-7.882300000000000182e+02 1.111999999999999922e+01 3.482000000000000028e+01
-7.877899999999999636e+02 1.150000000000000000e+01 3.470000000000000284e+01
-7.880000000000000000e+02 2.953999999999999915e+01 3.640000000000000124e+00
-7.885599999999999454e+02 4.571000000000000085e+01 4.379999999999999716e+01
-7.882200000000000273e+02 3.567000000000000171e+01 4.899999999999999911e-01
-7.882400000000000091e+02 3.178999999999999915e+01 4.690000000000000391e+00
-7.877400000000000091e+02 2.164000000000000057e+01 7.570000000000000284e+00
-7.884600000000000364e+02 2.687999999999999901e+01 4.189000000000000057e+01
-7.880499999999999545e+02 2.176000000000000156e+01 1.243999999999999950e+01
-7.883899999999999864e+02 1.979999999999999982e+00 4.704999999999999716e+01
-7.880499999999999545e+02 1.814999999999999858e+01 1.835999999999999943e+01
-7.879800000000000182e+02 2.223000000000000043e+01 8.259999999999999787e+00
-7.882899999999999636e+02 2.123000000000000043e+01 1.689000000000000057e+01
-7.880499999999999545e+02 2.239000000000000057e+01 1.167999999999999972e+01
-7.884400000000000546e+02 5.090999999999999659e+01 2.601000000000000156e+01
-7.885399999999999636e+02 2.851000000000000156e+01 4.443999999999999773e+01
-7.878799999999999955e+02 3.196000000000000085e+01 2.300000000000000100e-01
-7.883700000000000045e+02 2.698999999999999844e+01 2.867000000000000171e+01
-7.876499999999999773e+02 1.683999999999999986e+01 2.250000000000000000e+01
-7.883999999999999773e+02 3.689999999999999947e+00 4.614000000000000057e+01
-7.883400000000000318e+02 1.463000000000000078e+01 3.796000000000000085e+01
-7.883200000000000500e+02 4.490000000000000213e+00 4.238000000000000256e+01
-7.877699999999999818e+02 2.428999999999999915e+01 3.950000000000000178e+00
-7.884400000000000546e+02 4.074000000000000199e+01 3.928999999999999915e+01
-7.884299999999999500e+02 4.519999999999999574e+00 4.782999999999999829e+01
-7.884800000000000182e+02 1.286999999999999922e+01 4.689000000000000057e+01
-7.882200000000000273e+02 3.557999999999999829e+01 5.899999999999999689e-01
-7.879600000000000364e+02 2.792000000000000171e+01 3.359999999999999876e+00
-7.880099999999999909e+02 2.333999999999999986e+01 7.580000000000000071e+00
-7.883899999999999864e+02 2.710999999999999943e+01 3.210000000000000142e+01
-7.882200000000000273e+02 1.110999999999999943e+01 3.497999999999999687e+01
-7.884700000000000273e+02 5.092999999999999972e+01 2.601999999999999957e+01
-7.885099999999999909e+02 1.472000000000000064e+01 4.720000000000000284e+01
-7.878500000000000227e+02 2.503999999999999915e+01 3.589999999999999858e+00
-7.885599999999999454e+02 2.401999999999999957e+01 4.653000000000000114e+01
-7.882699999999999818e+02 2.864999999999999858e+01 8.199999999999999289e+00
-7.877400000000000091e+02 1.201999999999999957e+01 2.994000000000000128e+01
-7.884199999999999591e+02 2.555999999999999872e+01 3.915999999999999659e+01
-7.885399999999999636e+02 4.145000000000000284e+01 4.345000000000000284e+01
-7.885900000000000318e+02 2.998999999999999844e+01 4.649000000000000199e+01
-7.882000000000000455e+02 3.357999999999999829e+01 2.759999999999999787e+00
-7.883200000000000500e+02 6.129999999999999893e+00 4.011999999999999744e+01
-7.883400000000000318e+02 2.500000000000000000e+01 1.732000000000000028e+01
-7.880599999999999454e+02 1.996999999999999886e+01 1.413000000000000078e+01
-7.883099999999999454e+02 2.503000000000000114e+01 1.234999999999999964e+01
-7.880700000000000500e+02 2.282000000000000028e+01 1.059999999999999964e+01
-7.878300000000000409e+02 2.600000000000000000e+01 4.699999999999999734e-01
-7.880499999999999545e+02 1.807000000000000028e+01 1.910999999999999943e+01
-7.884099999999999682e+02 1.639999999999999902e+00 4.745000000000000284e+01
-7.884500000000000455e+02 4.585000000000000142e+01 2.698999999999999844e+01
-7.881100000000000136e+02 2.650000000000000000e+01 9.039999999999999147e+00
-7.881799999999999500e+02 2.096999999999999886e+01 2.880000000000000071e+01
-7.882400000000000091e+02 1.181000000000000050e+01 3.453000000000000114e+01
-7.883799999999999955e+02 1.342999999999999972e+01 3.953000000000000114e+01
-7.878600000000000136e+02 1.682999999999999829e+01 2.360999999999999943e+01
-7.883799999999999955e+02 3.289000000000000057e+01 2.985000000000000142e+01
-7.877400000000000091e+02 2.194999999999999929e+01 7.480000000000000426e+00
-7.883799999999999955e+02 3.535000000000000142e+01 2.612999999999999901e+01
-7.880700000000000500e+02 2.196000000000000085e+01 1.331000000000000050e+01
-7.883099999999999454e+02 7.320000000000000284e+00 3.907999999999999829e+01
-7.880299999999999727e+02 2.767000000000000171e+01 5.879999999999999893e+00
-7.878300000000000409e+02 1.401999999999999957e+01 3.182000000000000028e+01
-7.882100000000000364e+02 3.615999999999999659e+01 2.000000000000000042e-02
-7.883700000000000045e+02 5.690000000000000391e+00 4.338000000000000256e+01
-7.884800000000000182e+02 4.767999999999999972e+01 2.617000000000000171e+01
-7.885599999999999454e+02 2.176999999999999957e+01 4.720000000000000284e+01
-7.884199999999999591e+02 1.800000000000000044e+00 4.782000000000000028e+01
-7.885299999999999727e+02 1.555000000000000071e+01 4.732999999999999829e+01
-7.880900000000000318e+02 2.855000000000000071e+01 6.519999999999999574e+00
-7.879900000000000091e+02 2.167999999999999972e+01 9.689999999999999503e+00
-7.883300000000000409e+02 1.364000000000000057e+01 3.257000000000000028e+01
-7.883300000000000409e+02 2.471999999999999886e+01 2.807999999999999829e+01
-7.883300000000000409e+02 1.966000000000000014e+01 2.903000000000000114e+01
-7.882799999999999727e+02 2.192999999999999972e+01 1.625000000000000000e+01
-7.883899999999999864e+02 2.126000000000000156e+01 3.267000000000000171e+01
-7.883600000000000136e+02 7.830000000000000071e+00 4.203999999999999915e+01
-7.878600000000000136e+02 2.714000000000000057e+01 5.030000000000000249e+00
