-7.882599999999999909e+02 1.976000000000000156e+01 2.914999999999999858e+01
-7.881100000000000136e+02 2.523999999999999844e+01 1.107000000000000028e+01
-7.884099999999999682e+02 4.270000000000000284e+01 2.605000000000000071e+01
-7.882999999999999545e+02 9.390000000000000568e+00 3.607999999999999829e+01
-7.878099999999999454e+02 2.048999999999999844e+01 9.310000000000000497e+00
-7.885800000000000409e+02 2.369999999999999929e+01 4.729999999999999716e+01
-7.879299999999999500e+02 3.304999999999999716e+01 0.000000000000000000e+00
-7.881200000000000045e+02 2.844000000000000128e+01 8.750000000000000000e+00
-7.885299999999999727e+02 1.546000000000000085e+01 4.763000000000000256e+01
-7.880199999999999818e+02 1.750000000000000000e+01 1.642000000000000171e+01
-7.884099999999999682e+02 2.180999999999999872e+01 3.964999999999999858e+01
-7.880299999999999727e+02 2.307999999999999829e+01 8.240000000000000213e+00
-7.878500000000000227e+02 1.560999999999999943e+01 2.494000000000000128e+01
-7.883099999999999454e+02 1.365000000000000036e+01 3.235999999999999943e+01
-7.883200000000000500e+02 2.219999999999999929e+01 1.932999999999999829e+01
-7.877699999999999818e+02 1.100999999999999979e+01 3.472999999999999687e+01
-7.879800000000000182e+02 2.771000000000000085e+01 4.139999999999999680e+00
-7.878200000000000500e+02 2.341000000000000014e+01 3.979999999999999982e+00
-7.876699999999999591e+02 1.325999999999999979e+01 2.646000000000000085e+01
-7.882999999999999545e+02 2.189999999999999858e+01 1.605999999999999872e+01
-7.883200000000000500e+02 4.639999999999999680e+00 4.232999999999999829e+01
-7.878400000000000318e+02 2.678999999999999915e+01 5.500000000000000444e-01
-7.884800000000000182e+02 4.643999999999999773e+01 3.375000000000000000e+01
-7.876699999999999591e+02 1.491999999999999993e+01 2.255999999999999872e+01
-7.882799999999999727e+02 2.857000000000000028e+01 8.279999999999999361e+00
-7.884299999999999500e+02 9.759999999999999787e+00 4.468999999999999773e+01
-7.884199999999999591e+02 1.596000000000000085e+01 4.161999999999999744e+01
-7.885900000000000318e+02 4.297999999999999687e+01 4.546000000000000085e+01
-7.882400000000000091e+02 3.328999999999999915e+01 3.069999999999999840e+00
-7.882999999999999545e+02 2.587000000000000099e+01 1.139000000000000057e+01
-7.884400000000000546e+02 4.790000000000000036e+00 4.765999999999999659e+01
-7.884199999999999591e+02 7.500000000000000000e-01 4.814000000000000057e+01
-7.880800000000000409e+02 3.087999999999999901e+01 3.689999999999999947e+00
-7.880900000000000318e+02 4.138000000000000256e+01 0.000000000000000000e+00
-7.883999999999999773e+02 3.339999999999999858e+01 3.016000000000000014e+01
-7.884900000000000091e+02 4.800000000000000000e+01 2.614999999999999858e+01
-7.884099999999999682e+02 2.753999999999999915e+01 3.302000000000000313e+01
-7.880000000000000000e+02 1.866000000000000014e+01 1.186999999999999922e+01
-7.886000000000000227e+02 3.207999999999999829e+01 4.700000000000000000e+01
-7.877999999999999545e+02 1.586999999999999922e+01 2.478999999999999915e+01
-7.882400000000000091e+02 3.246999999999999886e+01 3.930000000000000160e+00
-7.884199999999999591e+02 2.850000000000000089e+00 4.745000000000000284e+01
-7.884600000000000364e+02 1.106000000000000050e+01 4.617999999999999972e+01
-7.884600000000000364e+02 1.746000000000000085e+01 4.214999999999999858e+01
-7.884800000000000182e+02 3.421999999999999886e+01 4.189999999999999858e+01
-7.885599999999999454e+02 4.206000000000000227e+01 4.413000000000000256e+01
-7.877899999999999636e+02 1.256000000000000050e+01 3.440999999999999659e+01
-7.879900000000000091e+02 2.360999999999999943e+01 7.139999999999999680e+00
-7.877799999999999727e+02 2.462000000000000099e+01 2.569999999999999840e+00
-7.882799999999999727e+02 1.962999999999999901e+01 2.923999999999999844e+01
-7.885499999999999545e+02 2.596000000000000085e+01 4.606000000000000227e+01
-7.883400000000000318e+02 1.022000000000000064e+01 3.946999999999999886e+01
-7.878300000000000409e+02 2.600000000000000000e+01 4.699999999999999734e-01
-7.878799999999999955e+02 3.196000000000000085e+01 2.300000000000000100e-01
-7.884099999999999682e+02 3.870000000000000284e+01 2.605999999999999872e+01
-7.880700000000000500e+02 2.737000000000000099e+01 5.870000000000000107e+00
-7.880700000000000500e+02 2.282000000000000028e+01 1.059999999999999964e+01
-7.883099999999999454e+02 7.320000000000000284e+00 3.907999999999999829e+01
-7.882999999999999545e+02 2.182999999999999829e+01 1.616000000000000014e+01
-7.880499999999999545e+02 1.814999999999999858e+01 1.835999999999999943e+01
-7.877400000000000091e+02 2.194999999999999929e+01 7.480000000000000426e+00
-7.883300000000000409e+02 1.364000000000000057e+01 3.257000000000000028e+01
-7.884800000000000182e+02 4.767999999999999972e+01 2.617000000000000171e+01
-7.881100000000000136e+02 2.776999999999999957e+01 7.169999999999999929e+00
-7.883099999999999454e+02 2.503000000000000114e+01 1.234999999999999964e+01
-7.882200000000000273e+02 3.629999999999999716e+01 4.099999999999999756e-01
-7.885800000000000409e+02 3.030999999999999872e+01 4.596000000000000085e+01
-7.885199999999999818e+02 1.639999999999999858e+01 4.713000000000000256e+01
-7.882500000000000000e+02 3.089000000000000057e+01 5.650000000000000355e+00
-7.877300000000000182e+02 1.532000000000000028e+01 2.182000000000000028e+01
-7.884199999999999591e+02 2.555999999999999872e+01 3.915999999999999659e+01
-7.884400000000000546e+02 3.972999999999999687e+01 3.831000000000000227e+01
-7.882699999999999818e+02 2.864999999999999858e+01 8.199999999999999289e+00
-7.884500000000000455e+02 5.990000000000000213e+00 4.803999999999999915e+01
-7.880099999999999909e+02 1.916000000000000014e+01 1.321000000000000085e+01
-7.880700000000000500e+02 2.196000000000000085e+01 1.331000000000000050e+01
-7.884600000000000364e+02 1.614999999999999858e+01 4.496000000000000085e+01
-7.878200000000000500e+02 2.162999999999999901e+01 1.064000000000000057e+01
-7.883099999999999454e+02 2.198000000000000043e+01 2.855000000000000071e+01
-7.882699999999999818e+02 2.964000000000000057e+01 7.040000000000000036e+00
-7.884099999999999682e+02 1.639999999999999902e+00 4.745000000000000284e+01
-7.883300000000000409e+02 2.503000000000000114e+01 1.708999999999999986e+01
-7.879600000000000364e+02 2.792000000000000171e+01 3.359999999999999876e+00
-7.885599999999999454e+02 2.401999999999999957e+01 4.653000000000000114e+01
-7.882899999999999636e+02 1.933999999999999986e+01 2.932999999999999829e+01
-7.877899999999999636e+02 1.288000000000000078e+01 3.409000000000000341e+01
-7.882200000000000273e+02 3.557999999999999829e+01 5.899999999999999689e-01
-7.878600000000000136e+02 1.682999999999999829e+01 2.360999999999999943e+01
-7.884600000000000364e+02 1.196000000000000085e+01 4.560999999999999943e+01
-7.884500000000000455e+02 4.382000000000000028e+01 4.121999999999999886e+01
-7.885099999999999909e+02 1.508999999999999986e+01 4.715999999999999659e+01
-7.878500000000000227e+02 2.623000000000000043e+01 1.379999999999999893e+00
-7.884700000000000273e+02 5.090999999999999659e+01 2.601999999999999957e+01
-7.885599999999999454e+02 4.571000000000000085e+01 4.379999999999999716e+01
-7.884600000000000364e+02 2.660000000000000142e+01 4.157999999999999829e+01
-7.884500000000000455e+02 7.389999999999999680e+00 4.775999999999999801e+01
-7.877699999999999818e+02 2.428999999999999915e+01 3.950000000000000178e+00
-7.882400000000000091e+02 3.176999999999999957e+01 4.690000000000000391e+00
-7.880299999999999727e+02 2.117000000000000171e+01 1.383000000000000007e+01
-7.884500000000000455e+02 4.607999999999999829e+01 2.601999999999999957e+01
-7.882500000000000000e+02 3.176999999999999957e+01 4.719999999999999751e+00
-7.885399999999999636e+02 2.851000000000000156e+01 4.443999999999999773e+01
-7.880000000000000000e+02 2.487000000000000099e+01 6.469999999999999751e+00
-7.883300000000000409e+02 7.349999999999999645e+00 4.047999999999999687e+01
-7.879199999999999591e+02 3.103000000000000114e+01 2.899999999999999800e-01
-7.883500000000000227e+02 1.455000000000000071e+01 3.436999999999999744e+01
-7.883099999999999454e+02 9.210000000000000853e+00 3.621000000000000085e+01
-7.882500000000000000e+02 2.485000000000000142e+01 1.258000000000000007e+01
-7.880900000000000318e+02 2.830999999999999872e+01 6.379999999999999893e+00
-7.880499999999999545e+02 1.807000000000000028e+01 1.910999999999999943e+01
-7.885299999999999727e+02 3.350999999999999801e+01 4.417000000000000171e+01
-7.882200000000000273e+02 1.110999999999999943e+01 3.497999999999999687e+01
-7.883500000000000227e+02 1.443999999999999950e+01 3.446000000000000085e+01
-7.882599999999999909e+02 2.901999999999999957e+01 7.790000000000000036e+00
-7.879800000000000182e+02 2.471000000000000085e+01 5.900000000000000355e+00
-7.883999999999999773e+02 1.250000000000000000e+01 4.182000000000000028e+01
-7.881100000000000136e+02 2.650000000000000000e+01 9.039999999999999147e+00
-7.882899999999999636e+02 2.123000000000000043e+01 1.689000000000000057e+01
-7.885599999999999454e+02 2.210999999999999943e+01 4.707999999999999829e+01
-7.882999999999999545e+02 2.557999999999999829e+01 1.173000000000000043e+01
-7.877400000000000091e+02 2.164000000000000057e+01 7.570000000000000284e+00
-7.882100000000000364e+02 3.295000000000000284e+01 3.399999999999999911e+00
-7.880000000000000000e+02 2.953999999999999915e+01 3.640000000000000124e+00
-7.883700000000000045e+02 2.153999999999999915e+01 3.064999999999999858e+01
-7.884700000000000273e+02 4.750999999999999801e+01 2.617999999999999972e+01
-7.883700000000000045e+02 1.083000000000000007e+01 4.110999999999999943e+01
-7.881900000000000546e+02 3.486999999999999744e+01 1.370000000000000107e+00
-7.878099999999999454e+02 2.650000000000000000e+01 0.000000000000000000e+00
