-7.881799999999999500e+02 3.270000000000000284e+01 3.689999999999999947e+00
-7.882400000000000091e+02 3.328999999999999915e+01 3.069999999999999840e+00
-7.878099999999999454e+02 2.048999999999999844e+01 9.310000000000000497e+00
-7.885299999999999727e+02 1.546000000000000085e+01 4.763000000000000256e+01
-7.883200000000000500e+02 4.639999999999999680e+00 4.232999999999999829e+01
-7.886000000000000227e+02 3.042000000000000171e+01 4.652000000000000313e+01
-7.882999999999999545e+02 2.587000000000000099e+01 1.139000000000000057e+01
-7.884099999999999682e+02 2.180999999999999872e+01 3.964999999999999858e+01
-7.878400000000000318e+02 2.678999999999999915e+01 5.500000000000000444e-01
-7.877699999999999818e+02 1.100999999999999979e+01 3.472999999999999687e+01
-7.879800000000000182e+02 2.771000000000000085e+01 4.139999999999999680e+00
-7.884099999999999682e+02 2.753999999999999915e+01 3.302000000000000313e+01
-7.878500000000000227e+02 2.401000000000000156e+01 4.309999999999999609e+00
-7.880900000000000318e+02 2.364000000000000057e+01 1.268999999999999950e+01
-7.881299999999999955e+02 4.045000000000000284e+01 0.000000000000000000e+00
-7.876699999999999591e+02 1.491999999999999993e+01 2.255999999999999872e+01
-7.884299999999999500e+02 9.759999999999999787e+00 4.468999999999999773e+01
-7.883999999999999773e+02 3.339999999999999858e+01 3.016000000000000014e+01
-7.885800000000000409e+02 2.369999999999999929e+01 4.729999999999999716e+01
-7.883200000000000500e+02 2.219999999999999929e+01 1.932999999999999829e+01
-7.880299999999999727e+02 2.307999999999999829e+01 8.240000000000000213e+00
-7.884199999999999591e+02 7.500000000000000000e-01 4.814000000000000057e+01
-7.882999999999999545e+02 9.390000000000000568e+00 3.607999999999999829e+01
-7.880800000000000409e+02 2.121000000000000085e+01 1.789000000000000057e+01
-7.884800000000000182e+02 4.643999999999999773e+01 3.375000000000000000e+01
-7.884099999999999682e+02 4.270000000000000284e+01 2.605000000000000071e+01
-7.884400000000000546e+02 4.790000000000000036e+00 4.765999999999999659e+01
-7.883099999999999454e+02 1.365000000000000036e+01 3.235999999999999943e+01
-7.876799999999999500e+02 2.314000000000000057e+01 4.230000000000000426e+00
-7.880199999999999818e+02 1.750000000000000000e+01 1.642000000000000171e+01
-7.878600000000000136e+02 1.559999999999999964e+01 2.598000000000000043e+01
-7.882799999999999727e+02 2.864000000000000057e+01 8.199999999999999289e+00
-7.880099999999999909e+02 1.869000000000000128e+01 1.217999999999999972e+01
-7.882599999999999909e+02 1.976000000000000156e+01 2.914999999999999858e+01
-7.883099999999999454e+02 2.258999999999999986e+01 1.524000000000000021e+01
-7.884199999999999591e+02 1.596000000000000085e+01 4.161999999999999744e+01
-7.876699999999999591e+02 1.325999999999999979e+01 2.646000000000000085e+01
-7.884900000000000091e+02 4.800000000000000000e+01 2.614999999999999858e+01
-7.881200000000000045e+02 2.844000000000000128e+01 8.750000000000000000e+00
-7.885900000000000318e+02 4.297999999999999687e+01 4.546000000000000085e+01
-7.879400000000000546e+02 3.307999999999999829e+01 0.000000000000000000e+00
-7.884199999999999591e+02 2.385999999999999943e+01 3.996000000000000085e+01
-7.884800000000000182e+02 4.767999999999999972e+01 2.617000000000000171e+01
-7.884600000000000364e+02 1.746000000000000085e+01 4.214999999999999858e+01
-7.876200000000000045e+02 1.397000000000000064e+01 2.519999999999999929e+01
-7.880800000000000409e+02 2.430000000000000071e+01 9.529999999999999361e+00
-7.878300000000000409e+02 1.508999999999999986e+01 2.423000000000000043e+01
-7.882500000000000000e+02 2.485000000000000142e+01 1.258000000000000007e+01
-7.883700000000000045e+02 1.083000000000000007e+01 4.110999999999999943e+01
-7.882699999999999818e+02 1.819000000000000128e+01 3.055000000000000071e+01
-7.879199999999999591e+02 3.103000000000000114e+01 2.899999999999999800e-01
-7.884099999999999682e+02 1.979999999999999982e+00 4.743999999999999773e+01
-7.883300000000000409e+02 1.010999999999999943e+01 3.867999999999999972e+01
-7.880000000000000000e+02 2.762999999999999901e+01 4.450000000000000178e+00
-7.883700000000000045e+02 4.980000000000000426e+00 4.293999999999999773e+01
-7.885199999999999818e+02 1.639999999999999858e+01 4.713000000000000256e+01
-7.885700000000000500e+02 4.625000000000000000e+01 4.490999999999999659e+01
-7.884700000000000273e+02 4.750999999999999801e+01 2.617999999999999972e+01
-7.878500000000000227e+02 2.821999999999999886e+01 2.270000000000000018e+00
-7.877899999999999636e+02 2.480999999999999872e+01 2.229999999999999982e+00
-7.881100000000000136e+02 2.650000000000000000e+01 9.039999999999999147e+00
-7.882599999999999909e+02 2.901999999999999957e+01 7.790000000000000036e+00
-7.884199999999999591e+02 3.465999999999999659e+01 3.656000000000000227e+01
-7.880299999999999727e+02 1.771000000000000085e+01 1.687999999999999901e+01
-7.883600000000000136e+02 2.260999999999999943e+01 3.007000000000000028e+01
-7.885099999999999909e+02 2.232000000000000028e+01 4.404999999999999716e+01
-7.882999999999999545e+02 2.189999999999999858e+01 1.605999999999999872e+01
-7.881000000000000227e+02 2.487000000000000099e+01 1.132000000000000028e+01
-7.879299999999999500e+02 2.076000000000000156e+01 7.889999999999999680e+00
-7.878300000000000409e+02 1.213000000000000078e+01 3.434000000000000341e+01
-7.883099999999999454e+02 7.320000000000000284e+00 3.907999999999999829e+01
-7.877300000000000182e+02 1.532000000000000028e+01 2.182000000000000028e+01
-7.882200000000000273e+02 3.557999999999999829e+01 5.899999999999999689e-01
-7.882500000000000000e+02 3.089000000000000057e+01 5.650000000000000355e+00
-7.880700000000000500e+02 2.087000000000000099e+01 1.298000000000000043e+01
-7.885900000000000318e+02 2.998999999999999844e+01 4.628999999999999915e+01
-7.883200000000000500e+02 1.338000000000000078e+01 3.267000000000000171e+01
-7.882500000000000000e+02 3.176999999999999957e+01 4.719999999999999751e+00
-7.885800000000000409e+02 4.647999999999999687e+01 4.500999999999999801e+01
-7.882799999999999727e+02 1.962999999999999901e+01 2.923999999999999844e+01
-7.883500000000000227e+02 1.407000000000000028e+01 3.477000000000000313e+01
-7.884500000000000455e+02 5.990000000000000213e+00 4.803999999999999915e+01
-7.884299999999999500e+02 3.151000000000000156e+01 3.759000000000000341e+01
-7.880000000000000000e+02 3.422999999999999687e+01 1.030000000000000027e+00
-7.877899999999999636e+02 2.425000000000000000e+01 3.350000000000000089e+00
-7.883200000000000500e+02 1.006000000000000050e+01 3.554999999999999716e+01
-7.877500000000000000e+02 2.171999999999999886e+01 7.059999999999999609e+00
-7.882899999999999636e+02 2.123000000000000043e+01 1.689000000000000057e+01
-7.883999999999999773e+02 1.020000000000000018e+00 4.792000000000000171e+01
-7.880000000000000000e+02 1.866000000000000014e+01 1.186999999999999922e+01
-7.883899999999999864e+02 3.005000000000000071e+01 3.157999999999999829e+01
-7.883600000000000136e+02 9.839999999999999858e+00 4.129999999999999716e+01
-7.882300000000000182e+02 3.382000000000000028e+01 2.470000000000000195e+00
-7.884700000000000273e+02 4.978999999999999915e+01 2.601999999999999957e+01
-7.883500000000000227e+02 7.190000000000000391e+00 4.121000000000000085e+01
-7.885599999999999454e+02 2.401999999999999957e+01 4.653000000000000114e+01
-7.880199999999999818e+02 1.757999999999999829e+01 1.610000000000000142e+01
-7.884099999999999682e+02 1.441999999999999993e+01 4.160000000000000142e+01
-7.883099999999999454e+02 2.503000000000000114e+01 1.234999999999999964e+01
-7.885399999999999636e+02 1.798999999999999844e+01 4.767000000000000171e+01
-7.882699999999999818e+02 2.964000000000000057e+01 7.040000000000000036e+00
-7.880299999999999727e+02 2.878000000000000114e+01 5.269999999999999574e+00
-7.883799999999999955e+02 2.217999999999999972e+01 3.486999999999999744e+01
-7.885499999999999545e+02 2.791000000000000014e+01 4.459000000000000341e+01
-7.878500000000000227e+02 1.560999999999999943e+01 2.494000000000000128e+01
-7.878099999999999454e+02 1.252999999999999936e+01 3.221000000000000085e+01
-7.881100000000000136e+02 2.523999999999999844e+01 1.107000000000000028e+01
-7.878799999999999955e+02 2.873999999999999844e+01 8.800000000000000044e-01
-7.882200000000000273e+02 3.600000000000000000e+01 4.099999999999999756e-01
-7.880900000000000318e+02 2.535000000000000142e+01 8.490000000000000213e+00
-7.881699999999999591e+02 3.364999999999999858e+01 2.660000000000000142e+00
-7.879900000000000091e+02 2.360999999999999943e+01 7.139999999999999680e+00
-7.884299999999999500e+02 3.971000000000000085e+01 2.648999999999999844e+01
-7.880499999999999545e+02 1.803000000000000114e+01 1.907999999999999829e+01
-7.878500000000000227e+02 2.910000000000000142e+01 0.000000000000000000e+00
-7.884500000000000455e+02 4.502000000000000313e+01 2.619000000000000128e+01
-7.883400000000000318e+02 1.266000000000000014e+01 3.456000000000000227e+01
-7.880399999999999636e+02 3.434000000000000341e+01 1.780000000000000027e+00
-7.884299999999999500e+02 2.919999999999999929e+00 4.768999999999999773e+01
-7.884099999999999682e+02 1.639999999999999902e+00 4.745000000000000284e+01
-7.880599999999999454e+02 2.596000000000000085e+01 7.730000000000000426e+00
-7.882200000000000273e+02 3.339000000000000057e+01 2.939999999999999947e+00
-7.884900000000000091e+02 2.235999999999999943e+01 4.314999999999999858e+01
-7.883300000000000409e+02 1.096000000000000085e+01 3.857000000000000028e+01
-7.880299999999999727e+02 1.898999999999999844e+01 1.313000000000000078e+01
-7.882899999999999636e+02 2.130000000000000071e+01 1.680999999999999872e+01
-7.884700000000000273e+02 1.423000000000000043e+01 4.534000000000000341e+01
-7.877500000000000000e+02 2.214000000000000057e+01 6.809999999999999609e+00
