-7.881799999999999500e+02 3.270000000000000284e+01 3.689999999999999947e+00
-7.880299999999999727e+02 2.307999999999999829e+01 8.240000000000000213e+00
-7.876699999999999591e+02 1.491999999999999993e+01 2.255999999999999872e+01
-7.882699999999999818e+02 1.889000000000000057e+01 2.989999999999999858e+01
-7.886000000000000227e+02 3.123000000000000043e+01 4.647999999999999687e+01
-7.882400000000000091e+02 3.307000000000000028e+01 3.270000000000000018e+00
-7.879400000000000546e+02 3.307999999999999829e+01 0.000000000000000000e+00
-7.885299999999999727e+02 1.546000000000000085e+01 4.763000000000000256e+01
-7.884299999999999500e+02 9.759999999999999787e+00 4.468999999999999773e+01
-7.882999999999999545e+02 9.390000000000000568e+00 3.607999999999999829e+01
-7.883200000000000500e+02 2.219999999999999929e+01 1.932999999999999829e+01
-7.878400000000000318e+02 2.678999999999999915e+01 5.500000000000000444e-01
-7.878500000000000227e+02 2.401000000000000156e+01 4.309999999999999609e+00
-7.884900000000000091e+02 4.906000000000000227e+01 2.610999999999999943e+01
-7.878099999999999454e+02 2.048999999999999844e+01 9.310000000000000497e+00
-7.881200000000000045e+02 2.844000000000000128e+01 8.750000000000000000e+00
-7.881000000000000227e+02 2.444000000000000128e+01 1.405000000000000071e+01
-7.880099999999999909e+02 1.869000000000000128e+01 1.217999999999999972e+01
-7.880800000000000409e+02 2.121000000000000085e+01 1.789000000000000057e+01
-7.884099999999999682e+02 1.450999999999999979e+01 4.154999999999999716e+01
-7.884199999999999591e+02 7.500000000000000000e-01 4.814000000000000057e+01
-7.884099999999999682e+02 2.753999999999999915e+01 3.302000000000000313e+01
-7.883099999999999454e+02 5.740000000000000213e+00 4.195000000000000284e+01
-7.877699999999999818e+02 1.100999999999999979e+01 3.472999999999999687e+01
-7.878500000000000227e+02 1.558000000000000007e+01 2.594000000000000128e+01
-7.884099999999999682e+02 2.180999999999999872e+01 3.964999999999999858e+01
-7.883099999999999454e+02 1.365000000000000036e+01 3.235999999999999943e+01
-7.882999999999999545e+02 2.587000000000000099e+01 1.139000000000000057e+01
-7.880199999999999818e+02 1.750000000000000000e+01 1.642000000000000171e+01
-7.883999999999999773e+02 3.339999999999999858e+01 3.016000000000000014e+01
-7.876699999999999591e+02 1.325999999999999979e+01 2.646000000000000085e+01
-7.879800000000000182e+02 2.771000000000000085e+01 4.139999999999999680e+00
-7.882799999999999727e+02 2.864000000000000057e+01 8.199999999999999289e+00
-7.881799999999999500e+02 3.560000000000000142e+01 5.699999999999999512e-01
-7.885900000000000318e+02 4.297999999999999687e+01 4.546000000000000085e+01
-7.884400000000000546e+02 4.790000000000000036e+00 4.765999999999999659e+01
-7.884099999999999682e+02 4.270000000000000284e+01 2.605000000000000071e+01
-7.876799999999999500e+02 2.314000000000000057e+01 4.230000000000000426e+00
-7.885800000000000409e+02 2.369999999999999929e+01 4.729999999999999716e+01
-7.883099999999999454e+02 2.258999999999999986e+01 1.524000000000000021e+01
-7.882599999999999909e+02 3.098999999999999844e+01 5.540000000000000036e+00
-7.876200000000000045e+02 1.392999999999999972e+01 2.517000000000000171e+01
-7.881699999999999591e+02 3.105000000000000071e+01 5.490000000000000213e+00
-7.884199999999999591e+02 3.465999999999999659e+01 3.656000000000000227e+01
-7.882500000000000000e+02 2.485000000000000142e+01 1.258000000000000007e+01
-7.885399999999999636e+02 4.221999999999999886e+01 4.352000000000000313e+01
-7.878500000000000227e+02 2.821999999999999886e+01 2.270000000000000018e+00
-7.880399999999999636e+02 2.035999999999999943e+01 1.058999999999999986e+01
-7.883500000000000227e+02 7.190000000000000391e+00 4.121000000000000085e+01
-7.884299999999999500e+02 1.905000000000000071e+01 4.129999999999999716e+01
-7.880599999999999454e+02 2.010999999999999943e+01 1.490000000000000036e+01
-7.883300000000000409e+02 1.010999999999999943e+01 3.867999999999999972e+01
-7.884299999999999500e+02 4.580000000000000071e+00 4.749000000000000199e+01
-7.883899999999999864e+02 3.836999999999999744e+01 2.605000000000000071e+01
-7.882699999999999818e+02 2.862999999999999901e+01 8.199999999999999289e+00
-7.883400000000000318e+02 1.510999999999999943e+01 3.325999999999999801e+01
-7.880299999999999727e+02 1.771000000000000085e+01 1.687999999999999901e+01
-7.880399999999999636e+02 3.434000000000000341e+01 1.780000000000000027e+00
-7.885900000000000318e+02 2.998999999999999844e+01 4.628999999999999915e+01
-7.883600000000000136e+02 9.599999999999999645e+00 4.135000000000000142e+01
-7.881399999999999864e+02 4.089000000000000057e+01 0.000000000000000000e+00
-7.880199999999999818e+02 2.262000000000000099e+01 8.570000000000000284e+00
-7.879299999999999500e+02 2.655000000000000071e+01 2.540000000000000036e+00
-7.878600000000000136e+02 1.559999999999999964e+01 2.598000000000000043e+01
-7.880900000000000318e+02 2.355999999999999872e+01 1.036999999999999922e+01
-7.881000000000000227e+02 2.537000000000000099e+01 8.429999999999999716e+00
-7.882799999999999727e+02 1.892999999999999972e+01 3.064000000000000057e+01
-7.884600000000000364e+02 1.635000000000000142e+01 4.328000000000000114e+01
-7.882999999999999545e+02 2.189999999999999858e+01 1.605999999999999872e+01
-7.884800000000000182e+02 4.711999999999999744e+01 2.614000000000000057e+01
-7.884900000000000091e+02 1.443999999999999950e+01 4.732999999999999829e+01
-7.876399999999999864e+02 1.463000000000000078e+01 2.498000000000000043e+01
-7.883999999999999773e+02 9.000000000000000222e-01 4.803999999999999915e+01
-7.885399999999999636e+02 2.473000000000000043e+01 4.521999999999999886e+01
-7.884299999999999500e+02 3.151000000000000156e+01 3.759000000000000341e+01
-7.878200000000000500e+02 1.165000000000000036e+01 3.538000000000000256e+01
-7.877899999999999636e+02 2.425000000000000000e+01 3.350000000000000089e+00
-7.878200000000000500e+02 2.271000000000000085e+01 7.230000000000000426e+00
-7.877500000000000000e+02 2.107000000000000028e+01 7.320000000000000284e+00
-7.885700000000000500e+02 4.686999999999999744e+01 4.488000000000000256e+01
-7.877300000000000182e+02 1.532000000000000028e+01 2.182000000000000028e+01
-7.886000000000000227e+02 3.042000000000000171e+01 4.652000000000000313e+01
-7.879900000000000091e+02 2.925000000000000000e+01 3.330000000000000071e+00
-7.884299999999999500e+02 1.735999999999999943e+01 4.211999999999999744e+01
-7.881200000000000045e+02 4.053000000000000114e+01 0.000000000000000000e+00
-7.883999999999999773e+02 4.059000000000000341e+01 2.601999999999999957e+01
-7.881699999999999591e+02 3.098000000000000043e+01 5.570000000000000284e+00
-7.883099999999999454e+02 6.599999999999999645e+00 4.020000000000000284e+01
-7.880399999999999636e+02 1.792999999999999972e+01 1.653000000000000114e+01
-7.883200000000000500e+02 1.744000000000000128e+01 3.135999999999999943e+01
-7.884099999999999682e+02 1.030000000000000027e+00 4.795000000000000284e+01
-7.885000000000000000e+02 2.246000000000000085e+01 4.346000000000000085e+01
-7.885199999999999818e+02 1.669999999999999929e+01 4.706000000000000227e+01
-7.883700000000000045e+02 1.083000000000000007e+01 4.110999999999999943e+01
-7.880800000000000409e+02 2.333999999999999986e+01 1.236999999999999922e+01
-7.882500000000000000e+02 2.535999999999999943e+01 1.199000000000000021e+01
-7.880800000000000409e+02 2.192000000000000171e+01 1.525000000000000000e+01
-7.878999999999999773e+02 2.426999999999999957e+01 7.000000000000000000e+00
-7.885399999999999636e+02 2.285000000000000142e+01 4.822999999999999687e+01
-7.883999999999999773e+02 6.879999999999999893e+00 4.477000000000000313e+01
-7.883600000000000136e+02 3.227000000000000313e+01 2.746000000000000085e+01
-7.877999999999999545e+02 2.382000000000000028e+01 4.120000000000000107e+00
-7.883600000000000136e+02 2.260999999999999943e+01 3.007000000000000028e+01
-7.878200000000000500e+02 1.493999999999999950e+01 2.396000000000000085e+01
-7.882400000000000091e+02 3.336999999999999744e+01 2.959999999999999964e+00
-7.880000000000000000e+02 3.422999999999999687e+01 1.030000000000000027e+00
-7.882999999999999545e+02 2.296000000000000085e+01 1.482000000000000028e+01
-7.883200000000000500e+02 1.338000000000000078e+01 3.267000000000000171e+01
-7.878099999999999454e+02 1.252999999999999936e+01 3.221000000000000085e+01
-7.880900000000000318e+02 2.535000000000000142e+01 8.490000000000000213e+00
-7.880499999999999545e+02 1.998000000000000043e+01 1.335999999999999943e+01
-7.884900000000000091e+02 4.800000000000000000e+01 2.614999999999999858e+01
-7.882300000000000182e+02 8.019999999999999574e+00 3.877000000000000313e+01
-7.878500000000000227e+02 2.910000000000000142e+01 0.000000000000000000e+00
-7.882599999999999909e+02 2.901999999999999957e+01 7.790000000000000036e+00
-7.885599999999999454e+02 2.401999999999999957e+01 4.653000000000000114e+01
-7.884400000000000546e+02 4.774000000000000199e+01 2.601999999999999957e+01
-7.883400000000000318e+02 1.201999999999999957e+01 3.418999999999999773e+01
-7.877899999999999636e+02 2.480999999999999872e+01 2.229999999999999982e+00
-7.880099999999999909e+02 2.089999999999999858e+01 9.490000000000000213e+00
-7.880599999999999454e+02 1.994000000000000128e+01 1.491000000000000014e+01
-7.885199999999999818e+02 1.639999999999999858e+01 4.713000000000000256e+01
-7.884500000000000455e+02 5.990000000000000213e+00 4.803999999999999915e+01
-7.882599999999999909e+02 3.001999999999999957e+01 6.650000000000000355e+00
-7.883200000000000500e+02 1.721999999999999886e+01 3.153000000000000114e+01
-7.883999999999999773e+02 1.020000000000000018e+00 4.792000000000000171e+01
-7.883200000000000500e+02 1.006000000000000050e+01 3.554999999999999716e+01
-7.876599999999999682e+02 1.460999999999999943e+01 2.526000000000000156e+01
