-7.885900000000000318e+02 4.297999999999999687e+01 4.546000000000000085e+01
-7.881499999999999773e+02 3.310999999999999943e+01 3.220000000000000195e+00
-7.884099999999999682e+02 2.526999999999999957e+01 3.264000000000000057e+01
-7.879800000000000182e+02 2.771000000000000085e+01 4.139999999999999680e+00
-7.878500000000000227e+02 2.401000000000000156e+01 4.309999999999999609e+00
-7.881000000000000227e+02 2.453000000000000114e+01 1.315000000000000036e+01
-7.883099999999999454e+02 2.607000000000000028e+01 1.116000000000000014e+01
-7.877699999999999818e+02 1.100999999999999979e+01 3.472999999999999687e+01
-7.882699999999999818e+02 1.889000000000000057e+01 2.989999999999999858e+01
-7.882799999999999727e+02 2.864000000000000057e+01 8.199999999999999289e+00
-7.883600000000000136e+02 3.003000000000000114e+01 2.876000000000000156e+01
-7.882999999999999545e+02 1.399000000000000021e+01 3.234000000000000341e+01
-7.876699999999999591e+02 1.491999999999999993e+01 2.255999999999999872e+01
-7.880000000000000000e+02 2.392999999999999972e+01 8.189999999999999503e+00
-7.883999999999999773e+02 4.235000000000000142e+01 2.605000000000000071e+01
-7.881200000000000045e+02 2.844000000000000128e+01 8.750000000000000000e+00
-7.880199999999999818e+02 1.750000000000000000e+01 1.642000000000000171e+01
-7.876900000000000546e+02 1.306000000000000050e+01 2.519999999999999929e+01
-7.883099999999999454e+02 2.258999999999999986e+01 1.524000000000000021e+01
-7.884299999999999500e+02 9.759999999999999787e+00 4.468999999999999773e+01
-7.885800000000000409e+02 2.369999999999999929e+01 4.729999999999999716e+01
-7.883099999999999454e+02 5.740000000000000213e+00 4.195000000000000284e+01
-7.884199999999999591e+02 7.500000000000000000e-01 4.814000000000000057e+01
-7.880800000000000409e+02 2.121000000000000085e+01 1.789000000000000057e+01
-7.882999999999999545e+02 9.390000000000000568e+00 3.607999999999999829e+01
-7.886000000000000227e+02 3.123000000000000043e+01 4.647999999999999687e+01
-7.876799999999999500e+02 2.314000000000000057e+01 4.230000000000000426e+00
-7.879400000000000546e+02 3.307999999999999829e+01 0.000000000000000000e+00
-7.885299999999999727e+02 1.546000000000000085e+01 4.763000000000000256e+01
-7.884900000000000091e+02 4.906000000000000227e+01 2.610999999999999943e+01
-7.880199999999999818e+02 1.917000000000000171e+01 1.160999999999999943e+01
-7.884400000000000546e+02 4.790000000000000036e+00 4.765999999999999659e+01
-7.878200000000000500e+02 2.105000000000000071e+01 8.390000000000000568e+00
-7.878300000000000409e+02 1.525999999999999979e+01 2.657999999999999829e+01
-7.882400000000000091e+02 3.439999999999999858e+01 2.859999999999999876e+00
-7.883200000000000500e+02 2.219999999999999929e+01 1.932999999999999829e+01
-7.884099999999999682e+02 2.180999999999999872e+01 3.964999999999999858e+01
-7.884299999999999500e+02 1.591000000000000014e+01 4.238000000000000256e+01
-7.881799999999999500e+02 3.560000000000000142e+01 5.699999999999999512e-01
-7.878300000000000409e+02 2.837999999999999901e+01 1.600000000000000033e-01
-7.877300000000000182e+02 1.532000000000000028e+01 2.182000000000000028e+01
-7.880499999999999545e+02 1.957000000000000028e+01 1.617999999999999972e+01
-7.883200000000000500e+02 1.744000000000000128e+01 3.135999999999999943e+01
-7.880700000000000500e+02 2.410000000000000142e+01 9.580000000000000071e+00
-7.881399999999999864e+02 4.042999999999999972e+01 0.000000000000000000e+00
-7.882899999999999636e+02 2.137999999999999901e+01 1.753000000000000114e+01
-7.884299999999999500e+02 4.860000000000000320e+00 4.756000000000000227e+01
-7.878500000000000227e+02 1.586999999999999922e+01 2.569999999999999929e+01
-7.885399999999999636e+02 2.473000000000000043e+01 4.521999999999999886e+01
-7.882999999999999545e+02 1.450999999999999979e+01 3.203000000000000114e+01
-7.880399999999999636e+02 3.434000000000000341e+01 1.780000000000000027e+00
-7.883300000000000409e+02 8.779999999999999361e+00 4.021000000000000085e+01
-7.882999999999999545e+02 2.587000000000000099e+01 1.139000000000000057e+01
-7.883799999999999955e+02 2.173999999999999844e+01 3.194000000000000128e+01
-7.878400000000000318e+02 2.678999999999999915e+01 5.500000000000000444e-01
-7.881100000000000136e+02 2.648000000000000043e+01 9.419999999999999929e+00
-7.881399999999999864e+02 3.388000000000000256e+01 2.399999999999999911e+00
-7.880499999999999545e+02 2.978000000000000114e+01 4.179999999999999716e+00
-7.883999999999999773e+02 1.926000000000000156e+01 3.790999999999999659e+01
-7.883999999999999773e+02 1.239999999999999991e+00 4.775999999999999801e+01
-7.883200000000000500e+02 7.230000000000000426e+00 4.220000000000000284e+01
-7.876200000000000045e+02 1.392999999999999972e+01 2.517000000000000171e+01
-7.884900000000000091e+02 4.760999999999999943e+01 2.617000000000000171e+01
-7.884700000000000273e+02 1.427999999999999936e+01 4.503999999999999915e+01
-7.883999999999999773e+02 3.792000000000000171e+01 2.607000000000000028e+01
-7.878300000000000409e+02 2.110000000000000142e+01 8.439999999999999503e+00
-7.880800000000000409e+02 2.150000000000000000e+01 1.299000000000000021e+01
-7.885199999999999818e+02 1.630000000000000071e+01 4.738000000000000256e+01
-7.880599999999999454e+02 2.078999999999999915e+01 1.239000000000000057e+01
-7.884600000000000364e+02 9.169999999999999929e+00 4.690999999999999659e+01
-7.880299999999999727e+02 1.771000000000000085e+01 1.687999999999999901e+01
-7.886000000000000227e+02 3.007999999999999829e+01 4.677000000000000313e+01
-7.877799999999999727e+02 2.344000000000000128e+01 4.540000000000000036e+00
-7.882699999999999818e+02 2.862999999999999901e+01 8.199999999999999289e+00
-7.885700000000000500e+02 4.686999999999999744e+01 4.488000000000000256e+01
-7.882400000000000091e+02 3.303999999999999915e+01 3.299999999999999822e+00
-7.884199999999999591e+02 3.392000000000000171e+01 3.371999999999999886e+01
-7.877799999999999727e+02 1.316000000000000014e+01 3.157999999999999829e+01
-7.886000000000000227e+02 3.071999999999999886e+01 4.675000000000000000e+01
-7.878799999999999955e+02 2.376999999999999957e+01 5.360000000000000320e+00
-7.876399999999999864e+02 1.463000000000000078e+01 2.498000000000000043e+01
-7.883099999999999454e+02 6.500000000000000000e+00 4.184000000000000341e+01
-7.882300000000000182e+02 3.470000000000000284e+01 1.520000000000000018e+00
-7.880599999999999454e+02 1.980999999999999872e+01 1.432000000000000028e+01
-7.883999999999999773e+02 9.000000000000000222e-01 4.803999999999999915e+01
-7.880800000000000409e+02 2.333999999999999986e+01 1.236999999999999922e+01
-7.885199999999999818e+02 1.708999999999999986e+01 4.700000000000000000e+01
-7.880900000000000318e+02 2.739000000000000057e+01 7.980000000000000426e+00
-7.883600000000000136e+02 2.260999999999999943e+01 3.007000000000000028e+01
-7.885199999999999818e+02 1.669999999999999929e+01 4.706000000000000227e+01
-7.878099999999999454e+02 1.252999999999999936e+01 3.221000000000000085e+01
-7.882999999999999545e+02 1.118999999999999950e+01 3.567000000000000171e+01
-7.882799999999999727e+02 2.251999999999999957e+01 1.533999999999999986e+01
-7.885099999999999909e+02 2.169999999999999929e+01 4.545000000000000284e+01
-7.879900000000000091e+02 2.925000000000000000e+01 3.330000000000000071e+00
-7.880000000000000000e+02 3.422999999999999687e+01 1.030000000000000027e+00
-7.883799999999999955e+02 3.450000000000000178e+00 4.574000000000000199e+01
-7.880800000000000409e+02 2.126000000000000156e+01 1.538000000000000078e+01
-7.883799999999999955e+02 2.123000000000000043e+01 3.227000000000000313e+01
-7.880299999999999727e+02 2.307999999999999829e+01 8.240000000000000213e+00
-7.878200000000000500e+02 2.126000000000000156e+01 8.050000000000000711e+00
-7.884199999999999591e+02 4.142999999999999972e+01 2.610999999999999943e+01
-7.881699999999999591e+02 3.105000000000000071e+01 5.490000000000000213e+00
-7.877999999999999545e+02 1.696000000000000085e+01 2.210999999999999943e+01
-7.883600000000000136e+02 9.599999999999999645e+00 4.135000000000000142e+01
-7.882300000000000182e+02 3.360000000000000142e+01 2.709999999999999964e+00
-7.884700000000000273e+02 5.006000000000000227e+01 2.601999999999999957e+01
-7.882599999999999909e+02 2.998999999999999844e+01 6.679999999999999716e+00
-7.883999999999999773e+02 3.060999999999999943e+01 3.001000000000000156e+01
-7.885399999999999636e+02 4.221999999999999886e+01 4.352000000000000313e+01
-7.883099999999999454e+02 1.365000000000000036e+01 3.235999999999999943e+01
-7.878400000000000318e+02 1.467999999999999972e+01 2.682999999999999829e+01
-7.878500000000000227e+02 2.910000000000000142e+01 0.000000000000000000e+00
-7.882500000000000000e+02 2.485000000000000142e+01 1.258000000000000007e+01
-7.881599999999999682e+02 1.998999999999999844e+01 2.889999999999999858e+01
-7.882400000000000091e+02 3.307000000000000028e+01 3.270000000000000018e+00
-7.881200000000000045e+02 2.810999999999999943e+01 1.008000000000000007e+01
-7.883099999999999454e+02 2.082000000000000028e+01 2.801999999999999957e+01
-7.886000000000000227e+02 2.941000000000000014e+01 4.681000000000000227e+01
-7.880900000000000318e+02 2.355999999999999872e+01 1.036999999999999922e+01
-7.885199999999999818e+02 1.433999999999999986e+01 4.767999999999999972e+01
-7.877999999999999545e+02 2.382000000000000028e+01 4.120000000000000107e+00
-7.882699999999999818e+02 2.992999999999999972e+01 6.750000000000000000e+00
-7.878500000000000227e+02 1.558000000000000007e+01 2.594000000000000128e+01
-7.884500000000000455e+02 4.907999999999999829e+01 2.601999999999999957e+01
-7.877500000000000000e+02 2.107000000000000028e+01 7.320000000000000284e+00
-7.878300000000000409e+02 2.530999999999999872e+01 1.629999999999999893e+00
-7.881699999999999591e+02 3.087999999999999901e+01 5.669999999999999929e+00
