-7.884099999999999682e+02 2.526999999999999957e+01 3.264000000000000057e+01
-7.882699999999999818e+02 1.889000000000000057e+01 2.989999999999999858e+01
-7.880099999999999909e+02 2.248000000000000043e+01 7.910000000000000142e+00
-7.880800000000000409e+02 2.126000000000000156e+01 1.538000000000000078e+01
-7.876900000000000546e+02 1.306000000000000050e+01 2.519999999999999929e+01
-7.886000000000000227e+02 3.123000000000000043e+01 4.647999999999999687e+01
-7.883300000000000409e+02 2.278000000000000114e+01 1.555000000000000071e+01
-7.883099999999999454e+02 1.367999999999999972e+01 3.209000000000000341e+01
-7.881499999999999773e+02 3.310999999999999943e+01 3.220000000000000195e+00
-7.885900000000000318e+02 4.282000000000000028e+01 4.553000000000000114e+01
-7.884900000000000091e+02 4.906000000000000227e+01 2.610999999999999943e+01
-7.876699999999999591e+02 1.491999999999999993e+01 2.255999999999999872e+01
-7.878500000000000227e+02 2.401000000000000156e+01 4.309999999999999609e+00
-7.882799999999999727e+02 2.864000000000000057e+01 8.199999999999999289e+00
-7.885299999999999727e+02 1.546000000000000085e+01 4.763000000000000256e+01
-7.884199999999999591e+02 7.500000000000000000e-01 4.814000000000000057e+01
-7.883200000000000500e+02 2.219999999999999929e+01 1.932999999999999829e+01
-7.883200000000000500e+02 8.929999999999999716e+00 3.654999999999999716e+01
-7.881599999999999682e+02 3.685999999999999943e+01 0.000000000000000000e+00
-7.879800000000000182e+02 2.771000000000000085e+01 4.139999999999999680e+00
-7.881200000000000045e+02 2.844000000000000128e+01 8.750000000000000000e+00
-7.878300000000000409e+02 2.837999999999999901e+01 1.600000000000000033e-01
-7.878099999999999454e+02 1.252999999999999936e+01 3.221000000000000085e+01
-7.883999999999999773e+02 4.235000000000000142e+01 2.605000000000000071e+01
-7.884400000000000546e+02 4.790000000000000036e+00 4.765999999999999659e+01
-7.884299999999999500e+02 1.582000000000000028e+01 4.234000000000000341e+01
-7.882400000000000091e+02 3.303999999999999915e+01 3.299999999999999822e+00
-7.876699999999999591e+02 2.325000000000000000e+01 4.040000000000000036e+00
-7.883099999999999454e+02 2.607000000000000028e+01 1.116000000000000014e+01
-7.885800000000000409e+02 2.369999999999999929e+01 4.729999999999999716e+01
-7.880199999999999818e+02 1.750000000000000000e+01 1.642000000000000171e+01
-7.879400000000000546e+02 3.307999999999999829e+01 0.000000000000000000e+00
-7.880199999999999818e+02 1.917000000000000171e+01 1.160999999999999943e+01
-7.884299999999999500e+02 9.759999999999999787e+00 4.468999999999999773e+01
-7.884099999999999682e+02 2.135000000000000142e+01 3.947999999999999687e+01
-7.883899999999999864e+02 3.468999999999999773e+01 3.060000000000000142e+01
-7.883099999999999454e+02 5.740000000000000213e+00 4.195000000000000284e+01
-7.878200000000000500e+02 2.105000000000000071e+01 8.390000000000000568e+00
-7.881000000000000227e+02 2.453000000000000114e+01 1.315000000000000036e+01
-7.878300000000000409e+02 1.525999999999999979e+01 2.657999999999999829e+01
-7.884500000000000455e+02 4.589999999999999858e+01 2.692000000000000171e+01
-7.885399999999999636e+02 1.953000000000000114e+01 4.746000000000000085e+01
-7.883799999999999955e+02 2.250000000000000000e+01 3.044999999999999929e+01
-7.880700000000000500e+02 2.880999999999999872e+01 4.940000000000000391e+00
-7.880599999999999454e+02 2.126000000000000156e+01 1.061999999999999922e+01
-7.878700000000000045e+02 1.477999999999999936e+01 2.744999999999999929e+01
-7.883400000000000318e+02 1.166000000000000014e+01 3.657000000000000028e+01
-7.879700000000000273e+02 3.328000000000000114e+01 5.200000000000000178e-01
-7.882799999999999727e+02 2.251999999999999957e+01 1.533999999999999986e+01
-7.883799999999999955e+02 1.541000000000000014e+01 3.990999999999999659e+01
-7.882899999999999636e+02 2.467000000000000171e+01 1.302999999999999936e+01
-7.880399999999999636e+02 2.476999999999999957e+01 7.139999999999999680e+00
-7.881699999999999591e+02 3.105000000000000071e+01 5.490000000000000213e+00
-7.882400000000000091e+02 3.403000000000000114e+01 2.240000000000000213e+00
-7.884800000000000182e+02 2.167000000000000171e+01 4.297999999999999687e+01
-7.885700000000000500e+02 4.686999999999999744e+01 4.488000000000000256e+01
-7.876799999999999500e+02 2.314000000000000057e+01 4.230000000000000426e+00
-7.877999999999999545e+02 1.696000000000000085e+01 2.210999999999999943e+01
-7.882699999999999818e+02 1.873000000000000043e+01 3.003999999999999915e+01
-7.877799999999999727e+02 1.316000000000000014e+01 3.157999999999999829e+01
-7.881200000000000045e+02 2.742999999999999972e+01 1.055000000000000071e+01
-7.880800000000000409e+02 2.314000000000000057e+01 1.356000000000000050e+01
-7.883300000000000409e+02 1.188000000000000078e+01 3.325999999999999801e+01
-7.882599999999999909e+02 3.017999999999999972e+01 6.459999999999999964e+00
-7.884299999999999500e+02 4.469999999999999751e+00 4.778999999999999915e+01
-7.878500000000000227e+02 2.305000000000000071e+01 6.910000000000000142e+00
-7.884299999999999500e+02 2.770000000000000018e+00 4.840999999999999659e+01
-7.880499999999999545e+02 1.957000000000000028e+01 1.617999999999999972e+01
-7.881599999999999682e+02 3.536999999999999744e+01 8.199999999999999512e-01
-7.886000000000000227e+02 3.071999999999999886e+01 4.675000000000000000e+01
-7.884700000000000273e+02 4.957999999999999829e+01 2.601999999999999957e+01
-7.877300000000000182e+02 1.532000000000000028e+01 2.182000000000000028e+01
-7.883300000000000409e+02 4.629999999999999893e+00 4.246000000000000085e+01
-7.884700000000000273e+02 1.250000000000000000e+01 4.650000000000000000e+01
-7.884900000000000091e+02 4.677000000000000313e+01 4.200999999999999801e+01
-7.878300000000000409e+02 2.110000000000000142e+01 8.439999999999999503e+00
-7.885000000000000000e+02 1.419999999999999929e+01 4.750999999999999801e+01
-7.878300000000000409e+02 2.530999999999999872e+01 1.629999999999999893e+00
-7.883899999999999864e+02 2.379999999999999893e+00 4.693999999999999773e+01
-7.883899999999999864e+02 2.998999999999999844e+01 3.119000000000000128e+01
-7.882400000000000091e+02 3.089999999999999858e+01 5.650000000000000355e+00
-7.885199999999999818e+02 1.623999999999999844e+01 4.689000000000000057e+01
-7.877500000000000000e+02 2.085999999999999943e+01 7.259999999999999787e+00
-7.882699999999999818e+02 2.871999999999999886e+01 8.119999999999999218e+00
-7.878799999999999955e+02 2.378999999999999915e+01 4.339999999999999858e+00
-7.882999999999999545e+02 1.450999999999999979e+01 3.203000000000000114e+01
-7.883400000000000318e+02 1.644000000000000128e+01 3.169000000000000128e+01
-7.883600000000000136e+02 1.332000000000000028e+01 3.510999999999999943e+01
-7.882500000000000000e+02 2.485000000000000142e+01 1.258000000000000007e+01
-7.882599999999999909e+02 3.096999999999999886e+01 5.570000000000000284e+00
-7.882899999999999636e+02 2.110999999999999943e+01 1.708999999999999986e+01
-7.883099999999999454e+02 7.120000000000000107e+00 4.085999999999999943e+01
-7.878400000000000318e+02 2.678999999999999915e+01 5.500000000000000444e-01
-7.879600000000000364e+02 1.992999999999999972e+01 1.002999999999999936e+01
-7.882400000000000091e+02 1.839000000000000057e+01 3.101999999999999957e+01
-7.880399999999999636e+02 3.434000000000000341e+01 1.780000000000000027e+00
-7.885499999999999545e+02 4.563000000000000256e+01 4.510999999999999943e+01
-7.883999999999999773e+02 3.229999999999999982e+00 4.692000000000000171e+01
-7.880199999999999818e+02 1.776999999999999957e+01 1.616000000000000014e+01
-7.878700000000000045e+02 1.705000000000000071e+01 2.339999999999999858e+01
-7.883999999999999773e+02 3.571999999999999886e+01 2.610999999999999943e+01
-7.881900000000000546e+02 3.699000000000000199e+01 0.000000000000000000e+00
-7.885099999999999909e+02 2.169999999999999929e+01 4.545000000000000284e+01
-7.883799999999999955e+02 2.187999999999999901e+01 3.085000000000000142e+01
-7.877000000000000455e+02 1.369999999999999929e+01 2.410000000000000142e+01
-7.884900000000000091e+02 4.760999999999999943e+01 2.617000000000000171e+01
-7.879900000000000091e+02 2.480999999999999872e+01 7.000000000000000000e+00
-7.881200000000000045e+02 2.750000000000000000e+01 9.330000000000000071e+00
-7.880399999999999636e+02 2.671000000000000085e+01 5.780000000000000249e+00
-7.877999999999999545e+02 1.366999999999999993e+01 3.150000000000000000e+01
-7.886000000000000227e+02 2.941000000000000014e+01 4.681000000000000227e+01
-7.884199999999999591e+02 9.099999999999999645e+00 4.389999999999999858e+01
-7.882599999999999909e+02 8.699999999999999289e+00 3.993999999999999773e+01
-7.880700000000000500e+02 2.394000000000000128e+01 1.223000000000000043e+01
-7.880099999999999909e+02 2.744999999999999929e+01 4.599999999999999645e+00
-7.877699999999999818e+02 2.676000000000000156e+01 3.400000000000000244e-01
-7.885900000000000318e+02 2.912999999999999901e+01 4.681000000000000227e+01
-7.885000000000000000e+02 2.351000000000000156e+01 4.429999999999999716e+01
-7.884800000000000182e+02 5.046000000000000085e+01 2.605000000000000071e+01
-7.881699999999999591e+02 3.028000000000000114e+01 6.370000000000000107e+00
-7.882999999999999545e+02 6.980000000000000426e+00 4.092000000000000171e+01
-7.883999999999999773e+02 2.383999999999999986e+01 3.162000000000000099e+01
-7.881799999999999500e+02 3.560000000000000142e+01 5.699999999999999512e-01
-7.885599999999999454e+02 4.810000000000000142e+01 4.457000000000000028e+01
-7.883500000000000227e+02 1.153999999999999915e+01 3.684000000000000341e+01
-7.877899999999999636e+02 2.360000000000000142e+01 3.490000000000000213e+00
-7.884700000000000273e+02 1.427999999999999936e+01 4.503999999999999915e+01
-7.880800000000000409e+02 2.573000000000000043e+01 8.250000000000000000e+00
