-7.878200000000000500e+02 2.105000000000000071e+01 8.390000000000000568e+00
-7.885900000000000318e+02 4.282000000000000028e+01 4.553000000000000114e+01
-7.883899999999999864e+02 3.468999999999999773e+01 3.060000000000000142e+01
-7.883200000000000500e+02 8.929999999999999716e+00 3.654999999999999716e+01
-7.883099999999999454e+02 5.669999999999999929e+00 4.196000000000000085e+01
-7.878099999999999454e+02 1.252999999999999936e+01 3.221000000000000085e+01
-7.879800000000000182e+02 2.771000000000000085e+01 4.139999999999999680e+00
-7.881499999999999773e+02 3.310999999999999943e+01 3.220000000000000195e+00
-7.878300000000000409e+02 1.525999999999999979e+01 2.657999999999999829e+01
-7.880199999999999818e+02 1.917000000000000171e+01 1.160999999999999943e+01
-7.880199999999999818e+02 1.750000000000000000e+01 1.642000000000000171e+01
-7.883099999999999454e+02 1.367999999999999972e+01 3.209000000000000341e+01
-7.884900000000000091e+02 4.906000000000000227e+01 2.610999999999999943e+01
-7.885299999999999727e+02 1.546000000000000085e+01 4.763000000000000256e+01
-7.883999999999999773e+02 4.235000000000000142e+01 2.605000000000000071e+01
-7.884099999999999682e+02 2.135000000000000142e+01 3.947999999999999687e+01
-7.882400000000000091e+02 1.941000000000000014e+01 2.975000000000000000e+01
-7.876900000000000546e+02 1.306000000000000050e+01 2.519999999999999929e+01
-7.883300000000000409e+02 2.278000000000000114e+01 1.555000000000000071e+01
-7.884400000000000546e+02 4.790000000000000036e+00 4.765999999999999659e+01
-7.879400000000000546e+02 3.307999999999999829e+01 0.000000000000000000e+00
-7.884800000000000182e+02 4.579999999999999716e+01 3.392000000000000171e+01
-7.886000000000000227e+02 3.123000000000000043e+01 4.647999999999999687e+01
-7.883099999999999454e+02 2.607000000000000028e+01 1.116000000000000014e+01
-7.884199999999999591e+02 9.099999999999999645e+00 4.389999999999999858e+01
-7.885800000000000409e+02 2.328999999999999915e+01 4.746000000000000085e+01
-7.880800000000000409e+02 2.126000000000000156e+01 1.538000000000000078e+01
-7.878500000000000227e+02 2.401000000000000156e+01 4.309999999999999609e+00
-7.884199999999999591e+02 7.500000000000000000e-01 4.814000000000000057e+01
-7.884299999999999500e+02 1.582000000000000028e+01 4.234000000000000341e+01
-7.882799999999999727e+02 2.871000000000000085e+01 8.119999999999999218e+00
-7.884099999999999682e+02 2.526999999999999957e+01 3.264000000000000057e+01
-7.882400000000000091e+02 3.303999999999999915e+01 3.299999999999999822e+00
-7.883200000000000500e+02 2.219999999999999929e+01 1.932999999999999829e+01
-7.881699999999999591e+02 3.564000000000000057e+01 5.200000000000000178e-01
-7.876699999999999591e+02 1.491999999999999993e+01 2.255999999999999872e+01
-7.880099999999999909e+02 2.248000000000000043e+01 7.910000000000000142e+00
-7.881200000000000045e+02 2.821999999999999886e+01 8.500000000000000000e+00
-7.876699999999999591e+02 2.325000000000000000e+01 4.040000000000000036e+00
-7.878300000000000409e+02 2.837999999999999901e+01 1.600000000000000033e-01
-7.881000000000000227e+02 2.453000000000000114e+01 1.315000000000000036e+01
-7.884800000000000182e+02 5.046000000000000085e+01 2.605000000000000071e+01
-7.882500000000000000e+02 1.817000000000000171e+01 3.096999999999999886e+01
-7.884700000000000273e+02 4.372999999999999687e+01 3.253999999999999915e+01
-7.882999999999999545e+02 1.450999999999999979e+01 3.203000000000000114e+01
-7.882500000000000000e+02 3.439999999999999858e+01 1.860000000000000098e+00
-7.884500000000000455e+02 4.589999999999999858e+01 2.692000000000000171e+01
-7.879600000000000364e+02 3.346000000000000085e+01 3.400000000000000244e-01
-7.884299999999999500e+02 2.770000000000000018e+00 4.839999999999999858e+01
-7.883300000000000409e+02 5.500000000000000000e+00 4.200999999999999801e+01
-7.880399999999999636e+02 1.898999999999999844e+01 1.626000000000000156e+01
-7.879600000000000364e+02 2.542999999999999972e+01 3.890000000000000124e+00
-7.885099999999999909e+02 2.169999999999999929e+01 4.545000000000000284e+01
-7.884500000000000455e+02 4.830000000000000071e+00 4.779999999999999716e+01
-7.878200000000000500e+02 2.646999999999999886e+01 7.000000000000000666e-02
-7.880599999999999454e+02 1.914000000000000057e+01 1.416999999999999993e+01
-7.883700000000000045e+02 3.454999999999999716e+01 2.644000000000000128e+01
-7.885299999999999727e+02 1.601000000000000156e+01 4.732999999999999829e+01
-7.880199999999999818e+02 1.776999999999999957e+01 1.616000000000000014e+01
-7.883400000000000318e+02 1.166000000000000014e+01 3.657000000000000028e+01
-7.881699999999999591e+02 3.105000000000000071e+01 5.490000000000000213e+00
-7.880800000000000409e+02 2.160999999999999943e+01 1.305000000000000071e+01
-7.880900000000000318e+02 2.576999999999999957e+01 8.560000000000000497e+00
-7.876799999999999500e+02 2.314000000000000057e+01 4.230000000000000426e+00
-7.882599999999999909e+02 3.017999999999999972e+01 6.459999999999999964e+00
-7.878300000000000409e+02 2.110000000000000142e+01 8.439999999999999503e+00
-7.884400000000000546e+02 2.080000000000000071e+01 4.171999999999999886e+01
-7.877999999999999545e+02 1.366999999999999993e+01 3.150000000000000000e+01
-7.878500000000000227e+02 2.405999999999999872e+01 3.930000000000000160e+00
-7.878700000000000045e+02 1.477999999999999936e+01 2.744999999999999929e+01
-7.882500000000000000e+02 2.485000000000000142e+01 1.258000000000000007e+01
-7.884600000000000364e+02 1.753000000000000114e+01 4.334000000000000341e+01
-7.883899999999999864e+02 1.141000000000000014e+01 4.339999999999999858e+01
-7.885599999999999454e+02 4.336999999999999744e+01 4.447999999999999687e+01
-7.880099999999999909e+02 2.401999999999999957e+01 7.379999999999999893e+00
-7.877300000000000182e+02 1.532000000000000028e+01 2.182000000000000028e+01
-7.883200000000000500e+02 2.273000000000000043e+01 1.531000000000000050e+01
-7.881799999999999500e+02 3.540999999999999659e+01 7.700000000000000178e-01
-7.885000000000000000e+02 3.123999999999999844e+01 4.129999999999999716e+01
-7.885700000000000500e+02 3.030999999999999872e+01 4.549000000000000199e+01
-7.880700000000000500e+02 3.075000000000000000e+01 3.950000000000000178e+00
-7.880299999999999727e+02 2.871999999999999886e+01 4.990000000000000213e+00
-7.878200000000000500e+02 2.173000000000000043e+01 7.519999999999999574e+00
-7.877000000000000455e+02 1.369999999999999929e+01 2.410000000000000142e+01
-7.878400000000000318e+02 2.644000000000000128e+01 5.100000000000000089e-01
-7.880499999999999545e+02 2.007999999999999829e+01 1.215000000000000036e+01
-7.877999999999999545e+02 1.696000000000000085e+01 2.210999999999999943e+01
-7.884900000000000091e+02 4.760999999999999943e+01 2.617000000000000171e+01
-7.879700000000000273e+02 3.328000000000000114e+01 5.200000000000000178e-01
-7.883999999999999773e+02 3.571999999999999886e+01 2.610999999999999943e+01
-7.883799999999999955e+02 2.810000000000000053e+00 4.625999999999999801e+01
-7.881799999999999500e+02 3.560000000000000142e+01 5.699999999999999512e-01
-7.878899999999999864e+02 2.360000000000000142e+01 6.339999999999999858e+00
-7.877799999999999727e+02 1.316000000000000014e+01 3.157999999999999829e+01
-7.884199999999999591e+02 3.829999999999999716e+01 3.478000000000000114e+01
-7.882999999999999545e+02 6.980000000000000426e+00 4.092000000000000171e+01
-7.884400000000000546e+02 2.989000000000000057e+01 3.792000000000000171e+01
-7.882699999999999818e+02 2.928000000000000114e+01 7.450000000000000178e+00
-7.885399999999999636e+02 1.953000000000000114e+01 4.746000000000000085e+01
-7.883400000000000318e+02 1.867000000000000171e+01 2.982000000000000028e+01
-7.880399999999999636e+02 2.432000000000000028e+01 7.419999999999999929e+00
-7.884800000000000182e+02 1.721000000000000085e+01 4.464999999999999858e+01
-7.883799999999999955e+02 8.939999999999999503e+00 4.197999999999999687e+01
-7.883099999999999454e+02 7.509999999999999787e+00 3.965999999999999659e+01
-7.882799999999999727e+02 2.251999999999999957e+01 1.533999999999999986e+01
-7.883300000000000409e+02 1.188000000000000078e+01 3.325999999999999801e+01
-7.884700000000000273e+02 2.712999999999999901e+01 4.156000000000000227e+01
-7.882400000000000091e+02 3.403000000000000114e+01 2.240000000000000213e+00
-7.883899999999999864e+02 2.379999999999999893e+00 4.693999999999999773e+01
-7.885099999999999909e+02 1.549000000000000021e+01 4.757999999999999829e+01
-7.884600000000000364e+02 3.714999999999999858e+01 4.114000000000000057e+01
-7.882899999999999636e+02 2.467000000000000171e+01 1.302999999999999936e+01
-7.880800000000000409e+02 2.437000000000000099e+01 1.058999999999999986e+01
-7.880800000000000409e+02 2.571000000000000085e+01 8.250000000000000000e+00
-7.883400000000000318e+02 1.644000000000000128e+01 3.169000000000000128e+01
-7.878700000000000045e+02 1.705000000000000071e+01 2.339999999999999858e+01
-7.880700000000000500e+02 2.123000000000000043e+01 1.471000000000000085e+01
-7.883799999999999955e+02 2.187999999999999901e+01 3.085000000000000142e+01
-7.880000000000000000e+02 1.976999999999999957e+01 1.083000000000000007e+01
-7.880700000000000500e+02 2.394000000000000128e+01 1.223000000000000043e+01
-7.878500000000000227e+02 2.305000000000000071e+01 6.910000000000000142e+00
-7.884199999999999591e+02 1.987000000000000099e+01 3.995000000000000284e+01
-7.880800000000000409e+02 2.778999999999999915e+01 7.099999999999999645e+00
-7.885599999999999454e+02 2.487000000000000099e+01 4.650000000000000000e+01
-7.885099999999999909e+02 2.917999999999999972e+01 4.214999999999999858e+01
-7.878300000000000409e+02 2.528999999999999915e+01 1.610000000000000098e+00
-7.883300000000000409e+02 6.240000000000000213e+00 4.186999999999999744e+01
-7.883799999999999955e+02 1.425999999999999979e+01 3.664999999999999858e+01
