-7.884299999999999500e+02 1.582000000000000028e+01 4.234000000000000341e+01
-7.882400000000000091e+02 1.941000000000000014e+01 2.975000000000000000e+01
-7.884299999999999500e+02 9.310000000000000497e+00 4.496999999999999886e+01
-7.882500000000000000e+02 3.211999999999999744e+01 4.469999999999999751e+00
-7.883099999999999454e+02 1.367999999999999972e+01 3.209000000000000341e+01
-7.884500000000000455e+02 5.280000000000000249e+00 4.765999999999999659e+01
-7.882799999999999727e+02 2.871000000000000085e+01 8.119999999999999218e+00
-7.885800000000000409e+02 2.328999999999999915e+01 4.746000000000000085e+01
-7.880199999999999818e+02 1.917000000000000171e+01 1.160999999999999943e+01
-7.879800000000000182e+02 2.771000000000000085e+01 4.139999999999999680e+00
-7.876900000000000546e+02 1.306000000000000050e+01 2.519999999999999929e+01
-7.876699999999999591e+02 1.491999999999999993e+01 2.255999999999999872e+01
-7.878300000000000409e+02 2.837999999999999901e+01 1.600000000000000033e-01
-7.885900000000000318e+02 4.282000000000000028e+01 4.553000000000000114e+01
-7.883200000000000500e+02 2.219999999999999929e+01 1.932999999999999829e+01
-7.885299999999999727e+02 1.546000000000000085e+01 4.763000000000000256e+01
-7.880800000000000409e+02 2.087000000000000099e+01 1.443999999999999950e+01
-7.884099999999999682e+02 2.135000000000000142e+01 3.947999999999999687e+01
-7.884199999999999591e+02 7.500000000000000000e-01 4.814000000000000057e+01
-7.884900000000000091e+02 4.906000000000000227e+01 2.610999999999999943e+01
-7.886000000000000227e+02 3.123000000000000043e+01 4.647999999999999687e+01
-7.880199999999999818e+02 1.750000000000000000e+01 1.642000000000000171e+01
-7.883200000000000500e+02 8.929999999999999716e+00 3.654999999999999716e+01
-7.878500000000000227e+02 2.401000000000000156e+01 4.309999999999999609e+00
-7.881699999999999591e+02 3.564000000000000057e+01 5.200000000000000178e-01
-7.881200000000000045e+02 2.821999999999999886e+01 8.500000000000000000e+00
-7.883799999999999955e+02 3.259000000000000341e+01 2.910999999999999943e+01
-7.881499999999999773e+02 3.310999999999999943e+01 3.220000000000000195e+00
-7.878300000000000409e+02 1.525999999999999979e+01 2.657999999999999829e+01
-7.884800000000000182e+02 4.579999999999999716e+01 3.392000000000000171e+01
-7.883300000000000409e+02 2.278000000000000114e+01 1.555000000000000071e+01
-7.877999999999999545e+02 2.098000000000000043e+01 9.269999999999999574e+00
-7.880099999999999909e+02 2.248000000000000043e+01 7.910000000000000142e+00
-7.884099999999999682e+02 2.526999999999999957e+01 3.264000000000000057e+01
-7.883999999999999773e+02 4.235000000000000142e+01 2.605000000000000071e+01
-7.876699999999999591e+02 2.325000000000000000e+01 4.040000000000000036e+00
-7.883099999999999454e+02 2.607000000000000028e+01 1.116000000000000014e+01
-7.878099999999999454e+02 1.252999999999999936e+01 3.221000000000000085e+01
-7.879400000000000546e+02 3.307999999999999829e+01 0.000000000000000000e+00
-7.881000000000000227e+02 2.453000000000000114e+01 1.315000000000000036e+01
-7.882999999999999545e+02 5.070000000000000284e+00 4.215999999999999659e+01
-7.883899999999999864e+02 2.379999999999999893e+00 4.693999999999999773e+01
-7.884800000000000182e+02 1.042999999999999972e+01 4.778000000000000114e+01
-7.876799999999999500e+02 2.314000000000000057e+01 4.230000000000000426e+00
-7.883400000000000318e+02 1.166000000000000014e+01 3.657000000000000028e+01
-7.880800000000000409e+02 2.389999999999999858e+01 1.174000000000000021e+01
-7.883200000000000500e+02 2.273000000000000043e+01 1.531000000000000050e+01
-7.883300000000000409e+02 1.188000000000000078e+01 3.325999999999999801e+01
-7.884900000000000091e+02 4.753999999999999915e+01 3.997999999999999687e+01
-7.880700000000000500e+02 2.707999999999999829e+01 8.240000000000000213e+00
-7.885099999999999909e+02 2.285000000000000142e+01 4.532000000000000028e+01
-7.882500000000000000e+02 1.821000000000000085e+01 3.092999999999999972e+01
-7.884299999999999500e+02 1.434999999999999964e+01 4.272999999999999687e+01
-7.885399999999999636e+02 3.053999999999999915e+01 4.397999999999999687e+01
-7.883799999999999955e+02 2.108999999999999986e+01 3.346000000000000085e+01
-7.881699999999999591e+02 3.105000000000000071e+01 5.490000000000000213e+00
-7.877500000000000000e+02 1.590000000000000036e+01 2.217000000000000171e+01
-7.878400000000000318e+02 2.644000000000000128e+01 5.100000000000000089e-01
-7.877799999999999727e+02 1.316000000000000014e+01 3.157999999999999829e+01
-7.884500000000000455e+02 4.830000000000000071e+00 4.779999999999999716e+01
-7.878700000000000045e+02 1.705000000000000071e+01 2.339999999999999858e+01
-7.882899999999999636e+02 2.467000000000000171e+01 1.302999999999999936e+01
-7.883799999999999955e+02 2.187999999999999901e+01 3.085000000000000142e+01
-7.880399999999999636e+02 1.898999999999999844e+01 1.626000000000000156e+01
-7.880199999999999818e+02 1.776999999999999957e+01 1.616000000000000014e+01
-7.880299999999999727e+02 1.850000000000000000e+01 1.472000000000000064e+01
-7.884500000000000455e+02 4.529999999999999716e+01 2.605000000000000071e+01
-7.884900000000000091e+02 4.861999999999999744e+01 2.614999999999999858e+01
-7.879700000000000273e+02 3.328000000000000114e+01 5.200000000000000178e-01
-7.882599999999999909e+02 3.017999999999999972e+01 6.459999999999999964e+00
-7.885299999999999727e+02 1.601000000000000156e+01 4.732999999999999829e+01
-7.884500000000000455e+02 3.711999999999999744e+01 4.075999999999999801e+01
-7.880800000000000409e+02 2.496000000000000085e+01 9.220000000000000639e+00
-7.878600000000000136e+02 2.317999999999999972e+01 7.580000000000000071e+00
-7.881799999999999500e+02 3.540999999999999659e+01 7.700000000000000178e-01
-7.882500000000000000e+02 3.439999999999999858e+01 1.860000000000000098e+00
-7.883700000000000045e+02 3.452000000000000313e+01 2.585999999999999943e+01
-7.883300000000000409e+02 5.629999999999999893e+00 4.192999999999999972e+01
-7.878099999999999454e+02 2.487000000000000099e+01 2.790000000000000036e+00
-7.880299999999999727e+02 2.871999999999999886e+01 4.990000000000000213e+00
-7.884199999999999591e+02 7.830000000000000071e+00 4.513000000000000256e+01
-7.884700000000000273e+02 4.372999999999999687e+01 3.253999999999999915e+01
-7.884800000000000182e+02 5.046000000000000085e+01 2.605000000000000071e+01
-7.885399999999999636e+02 1.953000000000000114e+01 4.746000000000000085e+01
-7.878300000000000409e+02 2.528999999999999915e+01 1.610000000000000098e+00
-7.882400000000000091e+02 3.303999999999999915e+01 3.299999999999999822e+00
-7.882999999999999545e+02 6.980000000000000426e+00 4.092000000000000171e+01
-7.881900000000000546e+02 3.518999999999999773e+01 1.010000000000000009e+00
-7.883700000000000045e+02 3.117999999999999972e+01 2.923999999999999844e+01
-7.883099999999999454e+02 7.509999999999999787e+00 3.965999999999999659e+01
-7.883500000000000227e+02 2.648999999999999844e+01 1.903000000000000114e+01
-7.882500000000000000e+02 2.485000000000000142e+01 1.258000000000000007e+01
-7.878999999999999773e+02 2.430999999999999872e+01 7.299999999999999822e+00
-7.883400000000000318e+02 1.635000000000000142e+01 3.180000000000000071e+01
-7.885099999999999909e+02 2.660000000000000142e+01 4.240999999999999659e+01
-7.878600000000000136e+02 1.466999999999999993e+01 2.928999999999999915e+01
-7.883799999999999955e+02 1.425999999999999979e+01 3.664999999999999858e+01
-7.884199999999999591e+02 4.064999999999999858e+01 2.617999999999999972e+01
-7.879600000000000364e+02 3.346000000000000085e+01 3.400000000000000244e-01
-7.880700000000000500e+02 3.030999999999999872e+01 4.780000000000000249e+00
-7.885399999999999636e+02 4.547999999999999687e+01 4.331000000000000227e+01
-7.877000000000000455e+02 1.369999999999999929e+01 2.410000000000000142e+01
-7.883400000000000318e+02 1.867000000000000171e+01 2.982000000000000028e+01
-7.880199999999999818e+02 2.983999999999999986e+01 3.890000000000000124e+00
-7.883799999999999955e+02 2.720000000000000195e+00 4.668999999999999773e+01
-7.883400000000000318e+02 2.253000000000000114e+01 2.896000000000000085e+01
-7.880499999999999545e+02 2.089000000000000057e+01 1.069999999999999929e+01
-7.882699999999999818e+02 3.021000000000000085e+01 6.440000000000000391e+00
-7.878899999999999864e+02 2.360000000000000142e+01 6.339999999999999858e+00
-7.877999999999999545e+02 1.696000000000000085e+01 2.210999999999999943e+01
-7.882000000000000455e+02 2.903999999999999915e+01 7.730000000000000426e+00
-7.883099999999999454e+02 1.291000000000000014e+01 3.239000000000000057e+01
-7.885399999999999636e+02 1.682999999999999829e+01 4.764999999999999858e+01
-7.880800000000000409e+02 2.316000000000000014e+01 1.266000000000000014e+01
-7.883600000000000136e+02 3.660000000000000142e+00 4.361999999999999744e+01
-7.877999999999999545e+02 1.327999999999999936e+01 3.171000000000000085e+01
-7.878200000000000500e+02 2.105000000000000071e+01 8.390000000000000568e+00
-7.880599999999999454e+02 1.914000000000000057e+01 1.416999999999999993e+01
-7.882899999999999636e+02 2.662999999999999901e+01 1.051999999999999957e+01
-7.883400000000000318e+02 2.371999999999999886e+01 2.867999999999999972e+01
-7.880900000000000318e+02 2.576999999999999957e+01 8.560000000000000497e+00
-7.883500000000000227e+02 1.869999999999999929e+01 3.019999999999999929e+01
-7.882799999999999727e+02 2.251999999999999957e+01 1.533999999999999986e+01
-7.880299999999999727e+02 2.730999999999999872e+01 5.580000000000000071e+00
-7.882400000000000091e+02 3.403000000000000114e+01 2.240000000000000213e+00
-7.883400000000000318e+02 6.519999999999999574e+00 4.246000000000000085e+01
-7.884500000000000455e+02 1.932000000000000028e+01 4.189000000000000057e+01
-7.880099999999999909e+02 2.246000000000000085e+01 7.940000000000000391e+00
