-7.882500000000000000e+02 3.347999999999999687e+01 2.839999999999999858e+00
-7.881200000000000045e+02 2.821999999999999886e+01 8.500000000000000000e+00
-7.880199999999999818e+02 1.750000000000000000e+01 1.642000000000000171e+01
-7.881699999999999591e+02 3.564000000000000057e+01 5.200000000000000178e-01
-7.882999999999999545e+02 5.070000000000000284e+00 4.215999999999999659e+01
-7.876900000000000546e+02 1.306000000000000050e+01 2.519999999999999929e+01
-7.880700000000000500e+02 1.964000000000000057e+01 1.583000000000000007e+01
-7.885900000000000318e+02 4.282000000000000028e+01 4.553000000000000114e+01
-7.882799999999999727e+02 2.925000000000000000e+01 7.500000000000000000e+00
-7.884099999999999682e+02 4.197999999999999687e+01 2.605000000000000071e+01
-7.883300000000000409e+02 2.278000000000000114e+01 1.555000000000000071e+01
-7.885800000000000409e+02 2.328999999999999915e+01 4.746000000000000085e+01
-7.885299999999999727e+02 1.546000000000000085e+01 4.763000000000000256e+01
-7.877999999999999545e+02 2.098000000000000043e+01 9.269999999999999574e+00
-7.884500000000000455e+02 5.280000000000000249e+00 4.765999999999999659e+01
-7.883099999999999454e+02 1.860999999999999943e+01 2.953000000000000114e+01
-7.879800000000000182e+02 2.771000000000000085e+01 4.139999999999999680e+00
-7.886000000000000227e+02 3.123000000000000043e+01 4.647999999999999687e+01
-7.876699999999999591e+02 1.491999999999999993e+01 2.255999999999999872e+01
-7.883099999999999454e+02 2.607000000000000028e+01 1.116000000000000014e+01
-7.884099999999999682e+02 2.135000000000000142e+01 3.947999999999999687e+01
-7.876699999999999591e+02 2.325000000000000000e+01 4.040000000000000036e+00
-7.878500000000000227e+02 2.401000000000000156e+01 4.309999999999999609e+00
-7.878300000000000409e+02 1.525999999999999979e+01 2.657999999999999829e+01
-7.884299999999999500e+02 1.582000000000000028e+01 4.234000000000000341e+01
-7.880199999999999818e+02 1.917000000000000171e+01 1.160999999999999943e+01
-7.884900000000000091e+02 4.906000000000000227e+01 2.610999999999999943e+01
-7.884099999999999682e+02 2.580000000000000071e+01 3.259000000000000341e+01
-7.881499999999999773e+02 3.310999999999999943e+01 3.220000000000000195e+00
-7.878099999999999454e+02 1.183999999999999986e+01 3.250000000000000000e+01
-7.883200000000000500e+02 8.929999999999999716e+00 3.654999999999999716e+01
-7.878300000000000409e+02 2.833999999999999986e+01 1.000000000000000056e-01
-7.882999999999999545e+02 2.219999999999999929e+01 1.928000000000000114e+01
-7.880099999999999909e+02 2.248000000000000043e+01 7.910000000000000142e+00
-7.884299999999999500e+02 9.210000000000000853e+00 4.490999999999999659e+01
-7.884199999999999591e+02 7.500000000000000000e-01 4.814000000000000057e+01
-7.879400000000000546e+02 3.307999999999999829e+01 0.000000000000000000e+00
-7.883099999999999454e+02 1.367999999999999972e+01 3.209000000000000341e+01
-7.880800000000000409e+02 2.389999999999999858e+01 1.174000000000000021e+01
-7.884800000000000182e+02 4.579999999999999716e+01 3.392000000000000171e+01
-7.883799999999999955e+02 3.259000000000000341e+01 2.910999999999999943e+01
-7.884500000000000455e+02 2.089000000000000057e+01 4.234000000000000341e+01
-7.878099999999999454e+02 1.252999999999999936e+01 3.221000000000000085e+01
-7.885800000000000409e+02 3.058999999999999986e+01 4.628000000000000114e+01
-7.878200000000000500e+02 2.112999999999999901e+01 8.310000000000000497e+00
-7.879299999999999500e+02 2.582000000000000028e+01 5.809999999999999609e+00
-7.880800000000000409e+02 2.316000000000000014e+01 1.266000000000000014e+01
-7.878099999999999454e+02 2.487000000000000099e+01 2.790000000000000036e+00
-7.883500000000000227e+02 1.051999999999999957e+01 3.988000000000000256e+01
-7.884400000000000546e+02 3.714999999999999858e+01 3.831000000000000227e+01
-7.882799999999999727e+02 2.871000000000000085e+01 8.119999999999999218e+00
-7.883200000000000500e+02 1.762999999999999901e+01 3.105000000000000071e+01
-7.885099999999999909e+02 1.819000000000000128e+01 4.684000000000000341e+01
-7.882899999999999636e+02 2.467000000000000171e+01 1.302999999999999936e+01
-7.882400000000000091e+02 3.410999999999999943e+01 2.140000000000000124e+00
-7.883200000000000500e+02 2.219999999999999929e+01 1.932999999999999829e+01
-7.880099999999999909e+02 1.792999999999999972e+01 1.542999999999999972e+01
-7.877000000000000455e+02 1.369999999999999929e+01 2.410000000000000142e+01
-7.884500000000000455e+02 4.529999999999999716e+01 2.605000000000000071e+01
-7.876799999999999500e+02 2.314000000000000057e+01 4.230000000000000426e+00
-7.884099999999999682e+02 2.526999999999999957e+01 3.264000000000000057e+01
-7.879500000000000455e+02 3.032999999999999829e+01 1.120000000000000107e+00
-7.883400000000000318e+02 1.584999999999999964e+01 3.364000000000000057e+01
-7.880599999999999454e+02 2.087999999999999901e+01 1.164000000000000057e+01
-7.883600000000000136e+02 6.469999999999999751e+00 4.203999999999999915e+01
-7.877999999999999545e+02 1.368999999999999950e+01 2.980000000000000071e+01
-7.884199999999999591e+02 1.127999999999999936e+01 4.284000000000000341e+01
-7.885800000000000409e+02 2.380999999999999872e+01 4.742000000000000171e+01
-7.881699999999999591e+02 3.105000000000000071e+01 5.490000000000000213e+00
-7.882799999999999727e+02 2.251999999999999957e+01 1.533999999999999986e+01
-7.884900000000000091e+02 4.861999999999999744e+01 2.614999999999999858e+01
-7.880900000000000318e+02 4.268999999999999773e+01 0.000000000000000000e+00
-7.883899999999999864e+02 2.379999999999999893e+00 4.693999999999999773e+01
-7.878999999999999773e+02 2.430999999999999872e+01 7.299999999999999822e+00
-7.884900000000000091e+02 4.753999999999999915e+01 3.997999999999999687e+01
-7.878300000000000409e+02 2.528999999999999915e+01 1.610000000000000098e+00
-7.885199999999999818e+02 1.478999999999999915e+01 4.761999999999999744e+01
-7.880800000000000409e+02 2.087000000000000099e+01 1.443999999999999950e+01
-7.885399999999999636e+02 4.547999999999999687e+01 4.331000000000000227e+01
-7.883600000000000136e+02 3.660000000000000142e+00 4.361999999999999744e+01
-7.880700000000000500e+02 2.953000000000000114e+01 6.150000000000000355e+00
-7.885499999999999545e+02 4.154999999999999716e+01 4.414999999999999858e+01
-7.880299999999999727e+02 2.871999999999999886e+01 4.990000000000000213e+00
-7.883200000000000500e+02 2.276000000000000156e+01 1.502999999999999936e+01
-7.883300000000000409e+02 1.467999999999999972e+01 3.189999999999999858e+01
-7.878400000000000318e+02 2.644000000000000128e+01 5.100000000000000089e-01
-7.882999999999999545e+02 2.033999999999999986e+01 2.867999999999999972e+01
-7.880900000000000318e+02 2.176999999999999957e+01 1.426999999999999957e+01
-7.879700000000000273e+02 3.328000000000000114e+01 5.200000000000000178e-01
-7.885199999999999818e+02 1.676000000000000156e+01 4.745000000000000284e+01
-7.884700000000000273e+02 4.372999999999999687e+01 3.253999999999999915e+01
-7.885399999999999636e+02 3.053999999999999915e+01 4.397999999999999687e+01
-7.878200000000000500e+02 2.105000000000000071e+01 8.390000000000000568e+00
-7.880199999999999818e+02 1.789999999999999858e+01 1.551999999999999957e+01
-7.883700000000000045e+02 3.096999999999999886e+01 2.353999999999999915e+01
-7.884400000000000546e+02 2.189999999999999947e+00 4.839000000000000057e+01
-7.883700000000000045e+02 2.770000000000000018e+00 4.657000000000000028e+01
-7.877500000000000000e+02 1.590000000000000036e+01 2.217000000000000171e+01
-7.882699999999999818e+02 3.021000000000000085e+01 6.440000000000000391e+00
-7.883099999999999454e+02 7.509999999999999787e+00 3.965999999999999659e+01
-7.880299999999999727e+02 1.850000000000000000e+01 1.472000000000000064e+01
-7.882999999999999545e+02 6.980000000000000426e+00 4.092000000000000171e+01
-7.885099999999999909e+02 2.285000000000000142e+01 4.532000000000000028e+01
-7.880000000000000000e+02 4.092000000000000171e+01 0.000000000000000000e+00
-7.883999999999999773e+02 1.316999999999999993e+01 4.128999999999999915e+01
-7.878500000000000227e+02 2.364000000000000057e+01 6.629999999999999893e+00
-7.880900000000000318e+02 2.576999999999999957e+01 8.560000000000000497e+00
-7.878500000000000227e+02 1.669000000000000128e+01 2.475000000000000000e+01
-7.884299999999999500e+02 8.679999999999999716e+00 4.514000000000000057e+01
-7.880399999999999636e+02 1.885000000000000142e+01 1.626999999999999957e+01
-7.882500000000000000e+02 3.211999999999999744e+01 4.469999999999999751e+00
-7.883400000000000318e+02 2.371999999999999886e+01 2.867999999999999972e+01
-7.880700000000000500e+02 3.030999999999999872e+01 4.780000000000000249e+00
-7.883400000000000318e+02 1.635000000000000142e+01 3.180000000000000071e+01
-7.882500000000000000e+02 2.485000000000000142e+01 1.258000000000000007e+01
-7.884800000000000182e+02 4.690999999999999659e+01 2.635999999999999943e+01
-7.884800000000000182e+02 5.046000000000000085e+01 2.605000000000000071e+01
-7.879700000000000273e+02 2.230999999999999872e+01 7.879999999999999893e+00
-7.883300000000000409e+02 5.629999999999999893e+00 4.192999999999999972e+01
-7.883400000000000318e+02 2.628999999999999915e+01 1.792000000000000171e+01
-7.883400000000000318e+02 1.867000000000000171e+01 2.982000000000000028e+01
-7.877999999999999545e+02 1.696000000000000085e+01 2.210999999999999943e+01
-7.884199999999999591e+02 1.372000000000000064e+01 4.240999999999999659e+01
-7.878600000000000136e+02 2.317999999999999972e+01 7.580000000000000071e+00
-7.885399999999999636e+02 1.682999999999999829e+01 4.764999999999999858e+01
-7.878400000000000318e+02 1.528999999999999915e+01 3.014000000000000057e+01
-7.884600000000000364e+02 1.016000000000000014e+01 4.647999999999999687e+01
-7.880199999999999818e+02 2.960000000000000142e+01 2.859999999999999876e+00
