-7.878300000000000409e+02 2.833999999999999986e+01 1.000000000000000056e-01
-7.882999999999999545e+02 5.040000000000000036e+00 4.214999999999999858e+01
-7.882500000000000000e+02 3.346000000000000085e+01 2.859999999999999876e+00
-7.882799999999999727e+02 2.925000000000000000e+01 7.500000000000000000e+00
-7.880700000000000500e+02 1.964000000000000057e+01 1.583000000000000007e+01
-7.877999999999999545e+02 2.098000000000000043e+01 9.269999999999999574e+00
-7.883099999999999454e+02 1.860999999999999943e+01 2.953000000000000114e+01
-7.880099999999999909e+02 2.248000000000000043e+01 7.910000000000000142e+00
-7.884299999999999500e+02 9.210000000000000853e+00 4.490999999999999659e+01
-7.879400000000000546e+02 3.307999999999999829e+01 0.000000000000000000e+00
-7.884099999999999682e+02 2.580000000000000071e+01 3.259000000000000341e+01
-7.884800000000000182e+02 4.579999999999999716e+01 3.392000000000000171e+01
-7.885900000000000318e+02 4.282000000000000028e+01 4.553000000000000114e+01
-7.883099999999999454e+02 2.607000000000000028e+01 1.116000000000000014e+01
-7.881200000000000045e+02 2.821999999999999886e+01 8.500000000000000000e+00
-7.882999999999999545e+02 2.219999999999999929e+01 1.928000000000000114e+01
-7.876900000000000546e+02 1.306000000000000050e+01 2.519999999999999929e+01
-7.876699999999999591e+02 1.491999999999999993e+01 2.255999999999999872e+01
-7.884099999999999682e+02 2.135000000000000142e+01 3.947999999999999687e+01
-7.878500000000000227e+02 2.401000000000000156e+01 4.309999999999999609e+00
-7.879800000000000182e+02 2.771000000000000085e+01 4.139999999999999680e+00
-7.881000000000000227e+02 2.442999999999999972e+01 1.131000000000000050e+01
-7.884199999999999591e+02 1.532000000000000028e+01 4.100000000000000000e+01
-7.885800000000000409e+02 2.328999999999999915e+01 4.746000000000000085e+01
-7.880199999999999818e+02 1.917000000000000171e+01 1.160999999999999943e+01
-7.880199999999999818e+02 1.750000000000000000e+01 1.642000000000000171e+01
-7.883200000000000500e+02 8.929999999999999716e+00 3.654999999999999716e+01
-7.883799999999999955e+02 3.217999999999999972e+01 2.912999999999999901e+01
-7.884900000000000091e+02 4.906000000000000227e+01 2.610999999999999943e+01
-7.884099999999999682e+02 4.197999999999999687e+01 2.605000000000000071e+01
-7.878099999999999454e+02 1.183999999999999986e+01 3.250000000000000000e+01
-7.880700000000000500e+02 4.178000000000000114e+01 0.000000000000000000e+00
-7.884500000000000455e+02 5.280000000000000249e+00 4.765999999999999659e+01
-7.886000000000000227e+02 3.123000000000000043e+01 4.647999999999999687e+01
-7.883099999999999454e+02 1.382000000000000028e+01 3.121000000000000085e+01
-7.881599999999999682e+02 3.155999999999999872e+01 4.919999999999999929e+00
-7.883300000000000409e+02 2.278000000000000114e+01 1.555000000000000071e+01
-7.885299999999999727e+02 1.542999999999999972e+01 4.764000000000000057e+01
-7.884199999999999591e+02 7.299999999999999822e-01 4.817000000000000171e+01
-7.878300000000000409e+02 1.525999999999999979e+01 2.657999999999999829e+01
-7.876699999999999591e+02 2.325000000000000000e+01 4.040000000000000036e+00
-7.885199999999999818e+02 1.478999999999999915e+01 4.761999999999999744e+01
-7.884700000000000273e+02 5.070000000000000284e+01 2.601999999999999957e+01
-7.884400000000000546e+02 3.849000000000000199e+01 2.660000000000000142e+01
-7.884400000000000546e+02 2.862999999999999901e+01 3.931000000000000227e+01
-7.880399999999999636e+02 1.808999999999999986e+01 1.828000000000000114e+01
-7.881399999999999864e+02 2.978999999999999915e+01 7.269999999999999574e+00
-7.880399999999999636e+02 2.789000000000000057e+01 4.599999999999999645e+00
-7.878200000000000500e+02 2.105000000000000071e+01 8.390000000000000568e+00
-7.884299999999999500e+02 1.214000000000000057e+01 4.313000000000000256e+01
-7.882999999999999545e+02 1.830000000000000071e+01 3.076000000000000156e+01
-7.880599999999999454e+02 2.264999999999999858e+01 8.820000000000000284e+00
-7.885599999999999454e+02 3.293999999999999773e+01 4.506000000000000227e+01
-7.883300000000000409e+02 1.031000000000000050e+01 3.935999999999999943e+01
-7.883300000000000409e+02 1.467999999999999972e+01 3.189999999999999858e+01
-7.882500000000000000e+02 3.347999999999999687e+01 2.839999999999999858e+00
-7.880800000000000409e+02 2.389999999999999858e+01 1.174000000000000021e+01
-7.882799999999999727e+02 2.871000000000000085e+01 8.119999999999999218e+00
-7.878099999999999454e+02 1.252999999999999936e+01 3.221000000000000085e+01
-7.881699999999999591e+02 3.105000000000000071e+01 5.490000000000000213e+00
-7.878600000000000136e+02 2.439999999999999858e+01 4.990000000000000213e+00
-7.878400000000000318e+02 2.644000000000000128e+01 5.100000000000000089e-01
-7.883600000000000136e+02 1.819000000000000128e+01 3.339000000000000057e+01
-7.881699999999999591e+02 3.564000000000000057e+01 5.200000000000000178e-01
-7.880800000000000409e+02 2.114000000000000057e+01 1.441000000000000014e+01
-7.879700000000000273e+02 3.080000000000000071e+01 2.049999999999999822e+00
-7.882500000000000000e+02 2.485000000000000142e+01 1.258000000000000007e+01
-7.876799999999999500e+02 2.314000000000000057e+01 4.230000000000000426e+00
-7.885000000000000000e+02 2.005000000000000071e+01 4.667000000000000171e+01
-7.878400000000000318e+02 1.528999999999999915e+01 3.014000000000000057e+01
-7.884199999999999591e+02 7.500000000000000000e-01 4.814000000000000057e+01
-7.886000000000000227e+02 3.965999999999999659e+01 4.577000000000000313e+01
-7.876900000000000546e+02 1.517999999999999972e+01 2.225000000000000000e+01
-7.882899999999999636e+02 7.379999999999999893e+00 4.067999999999999972e+01
-7.883700000000000045e+02 2.770000000000000018e+00 4.657000000000000028e+01
-7.883999999999999773e+02 1.401999999999999957e+01 4.077000000000000313e+01
-7.884199999999999591e+02 3.696999999999999886e+01 3.457000000000000028e+01
-7.884600000000000364e+02 4.375999999999999801e+01 3.171000000000000085e+01
-7.882799999999999727e+02 2.251999999999999957e+01 1.533999999999999986e+01
-7.883200000000000500e+02 2.219999999999999929e+01 1.932999999999999829e+01
-7.880599999999999454e+02 2.101000000000000156e+01 1.196000000000000085e+01
-7.882899999999999636e+02 2.467000000000000171e+01 1.302999999999999936e+01
-7.883200000000000500e+02 1.363000000000000078e+01 3.125000000000000000e+01
-7.883400000000000318e+02 1.075999999999999979e+01 3.524000000000000199e+01
-7.884800000000000182e+02 4.732999999999999829e+01 2.632000000000000028e+01
-7.883200000000000500e+02 1.762999999999999901e+01 3.105000000000000071e+01
-7.877300000000000182e+02 2.737999999999999901e+01 0.000000000000000000e+00
-7.884900000000000091e+02 4.753999999999999915e+01 3.997999999999999687e+01
-7.877100000000000364e+02 2.173999999999999844e+01 7.870000000000000107e+00
-7.884400000000000546e+02 2.189999999999999947e+00 4.839000000000000057e+01
-7.885800000000000409e+02 2.362999999999999901e+01 4.736999999999999744e+01
-7.878500000000000227e+02 1.669000000000000128e+01 2.475000000000000000e+01
-7.884500000000000455e+02 2.089000000000000057e+01 4.234000000000000341e+01
-7.882200000000000273e+02 3.360999999999999943e+01 2.709999999999999964e+00
-7.880700000000000500e+02 2.953000000000000114e+01 6.150000000000000355e+00
-7.884400000000000546e+02 3.714999999999999858e+01 3.831000000000000227e+01
-7.883799999999999955e+02 1.210999999999999943e+01 4.193999999999999773e+01
-7.883600000000000136e+02 3.309000000000000341e+01 2.387000000000000099e+01
-7.882300000000000182e+02 3.171999999999999886e+01 4.759999999999999787e+00
-7.883700000000000045e+02 1.317999999999999972e+01 3.939000000000000057e+01
-7.878700000000000045e+02 2.314999999999999858e+01 5.480000000000000426e+00
-7.882999999999999545e+02 6.980000000000000426e+00 4.092000000000000171e+01
-7.880000000000000000e+02 2.085000000000000142e+01 1.144999999999999929e+01
-7.880399999999999636e+02 1.885000000000000142e+01 1.626999999999999957e+01
-7.885399999999999636e+02 1.696999999999999886e+01 4.761999999999999744e+01
-7.883400000000000318e+02 2.371999999999999886e+01 2.867999999999999972e+01
-7.877300000000000182e+02 1.555000000000000071e+01 2.087999999999999901e+01
-7.882899999999999636e+02 2.189999999999999858e+01 2.760999999999999943e+01
-7.882699999999999818e+02 3.021000000000000085e+01 6.440000000000000391e+00
-7.884900000000000091e+02 4.497999999999999687e+01 4.321000000000000085e+01
-7.881799999999999500e+02 3.575000000000000000e+01 4.099999999999999756e-01
-7.880900000000000318e+02 2.391000000000000014e+01 1.108000000000000007e+01
-7.879700000000000273e+02 2.230999999999999872e+01 7.879999999999999893e+00
-7.883600000000000136e+02 3.660000000000000142e+00 4.361999999999999744e+01
-7.880099999999999909e+02 1.792999999999999972e+01 1.542999999999999972e+01
-7.885599999999999454e+02 2.853999999999999915e+01 4.550000000000000000e+01
-7.879800000000000182e+02 2.785999999999999943e+01 3.970000000000000195e+00
-7.879500000000000455e+02 3.245000000000000284e+01 7.299999999999999822e-01
-7.883200000000000500e+02 2.276000000000000156e+01 1.502999999999999936e+01
-7.880800000000000409e+02 2.316000000000000014e+01 1.266000000000000014e+01
-7.879900000000000091e+02 4.165999999999999659e+01 0.000000000000000000e+00
-7.882899999999999636e+02 2.071000000000000085e+01 2.832999999999999829e+01
-7.885299999999999727e+02 1.546000000000000085e+01 4.763000000000000256e+01
-7.877000000000000455e+02 2.244999999999999929e+01 6.870000000000000107e+00
-7.878500000000000227e+02 2.394000000000000128e+01 5.370000000000000107e+00
-7.884400000000000546e+02 1.714000000000000057e+01 4.553000000000000114e+01
-7.877899999999999636e+02 1.648000000000000043e+01 2.210999999999999943e+01
-7.878500000000000227e+02 2.678000000000000114e+01 1.860000000000000098e+00
