-7.879400000000000546e+02 3.279999999999999716e+01 0.000000000000000000e+00
-7.884400000000000546e+02 9.810000000000000497e+00 4.527000000000000313e+01
-7.877000000000000455e+02 2.866000000000000014e+01 0.000000000000000000e+00
-7.883899999999999864e+02 3.440999999999999659e+01 3.005999999999999872e+01
-7.884099999999999682e+02 2.567999999999999972e+01 3.259000000000000341e+01
-7.882799999999999727e+02 2.992000000000000171e+01 6.750000000000000000e+00
-7.882200000000000273e+02 3.675999999999999801e+01 4.699999999999999734e-01
-7.882999999999999545e+02 5.040000000000000036e+00 4.214999999999999858e+01
-7.883099999999999454e+02 1.375000000000000000e+01 3.117999999999999972e+01
-7.878700000000000045e+02 1.568999999999999950e+01 2.891000000000000014e+01
-7.884199999999999591e+02 5.799999999999999600e-01 4.839000000000000057e+01
-7.876799999999999500e+02 2.314000000000000057e+01 4.230000000000000426e+00
-7.886000000000000227e+02 3.171999999999999886e+01 4.642999999999999972e+01
-7.882699999999999818e+02 1.976000000000000156e+01 2.930000000000000071e+01
-7.884800000000000182e+02 5.093999999999999773e+01 2.601999999999999957e+01
-7.878200000000000500e+02 2.100000000000000000e+01 8.449999999999999289e+00
-7.885900000000000318e+02 4.282000000000000028e+01 4.553000000000000114e+01
-7.884700000000000273e+02 5.830000000000000071e+00 4.856000000000000227e+01
-7.881399999999999864e+02 2.978999999999999915e+01 7.269999999999999574e+00
-7.884199999999999591e+02 2.164999999999999858e+01 3.954999999999999716e+01
-7.884299999999999500e+02 1.544999999999999929e+01 4.210999999999999943e+01
-7.880700000000000500e+02 2.201000000000000156e+01 1.261999999999999922e+01
-7.883200000000000500e+02 9.429999999999999716e+00 3.592000000000000171e+01
-7.877599999999999909e+02 1.314000000000000057e+01 2.573000000000000043e+01
-7.880299999999999727e+02 2.914999999999999858e+01 3.759999999999999787e+00
-7.880299999999999727e+02 1.741000000000000014e+01 1.536999999999999922e+01
-7.877500000000000000e+02 1.591999999999999993e+01 2.098999999999999844e+01
-7.884099999999999682e+02 4.197999999999999687e+01 2.605000000000000071e+01
-7.880599999999999454e+02 2.662000000000000099e+01 8.380000000000000782e+00
-7.879099999999999682e+02 2.455000000000000071e+01 4.280000000000000249e+00
-7.885800000000000409e+02 2.328000000000000114e+01 4.745000000000000284e+01
-7.882300000000000182e+02 3.250999999999999801e+01 3.870000000000000107e+00
-7.884700000000000273e+02 4.478000000000000114e+01 3.228999999999999915e+01
-7.883099999999999454e+02 2.607000000000000028e+01 1.116000000000000014e+01
-7.880499999999999545e+02 3.538000000000000256e+01 1.900000000000000022e-01
-7.883300000000000409e+02 2.269000000000000128e+01 1.550999999999999979e+01
-7.885299999999999727e+02 1.546000000000000085e+01 4.763000000000000256e+01
-7.878300000000000409e+02 1.158000000000000007e+01 3.221000000000000085e+01
-7.877300000000000182e+02 2.078000000000000114e+01 8.560000000000000497e+00
-7.884800000000000182e+02 5.093999999999999773e+01 2.601999999999999957e+01
-7.883899999999999864e+02 1.758999999999999986e+01 3.659000000000000341e+01
-7.878500000000000227e+02 1.621000000000000085e+01 2.517000000000000171e+01
-7.885499999999999545e+02 4.021000000000000085e+01 4.460000000000000142e+01
-7.884400000000000546e+02 4.764999999999999858e+01 2.605000000000000071e+01
-7.884400000000000546e+02 1.322000000000000064e+01 4.447999999999999687e+01
-7.882999999999999545e+02 2.712999999999999901e+01 1.043999999999999950e+01
-7.885399999999999636e+02 1.889999999999999858e+01 4.821000000000000085e+01
-7.881200000000000045e+02 2.839000000000000057e+01 7.290000000000000036e+00
-7.883300000000000409e+02 1.006000000000000050e+01 3.557999999999999829e+01
-7.885399999999999636e+02 2.035999999999999943e+01 4.750999999999999801e+01
-7.884199999999999591e+02 7.299999999999999822e-01 4.817000000000000171e+01
-7.880199999999999818e+02 2.276999999999999957e+01 9.880000000000000782e+00
-7.879700000000000273e+02 2.419000000000000128e+01 6.639999999999999680e+00
-7.884099999999999682e+02 6.929999999999999716e+00 4.460000000000000142e+01
-7.876599999999999682e+02 2.348999999999999844e+01 3.810000000000000053e+00
-7.876900000000000546e+02 1.306000000000000050e+01 2.519999999999999929e+01
-7.883799999999999955e+02 3.187999999999999901e+01 3.057000000000000028e+01
-7.878300000000000409e+02 2.833999999999999986e+01 1.000000000000000056e-01
-7.882699999999999818e+02 2.023000000000000043e+01 2.860999999999999943e+01
-7.883200000000000500e+02 1.519999999999999929e+01 3.119999999999999929e+01
-7.883700000000000045e+02 1.299000000000000021e+01 3.695000000000000284e+01
-7.880199999999999818e+02 1.914000000000000057e+01 1.163000000000000078e+01
-7.883300000000000409e+02 5.219999999999999751e+00 4.209000000000000341e+01
-7.884099999999999682e+02 2.450000000000000000e+01 3.377000000000000313e+01
-7.882899999999999636e+02 2.342999999999999972e+01 1.423000000000000043e+01
-7.882500000000000000e+02 3.304999999999999716e+01 3.330000000000000071e+00
-7.878099999999999454e+02 1.239000000000000057e+01 3.189999999999999858e+01
-7.881100000000000136e+02 2.985999999999999943e+01 6.030000000000000249e+00
-7.885000000000000000e+02 3.189999999999999858e+01 4.364999999999999858e+01
-7.879900000000000091e+02 3.442000000000000171e+01 8.900000000000000133e-01
-7.880900000000000318e+02 4.067000000000000171e+01 0.000000000000000000e+00
-7.880099999999999909e+02 2.217000000000000171e+01 8.490000000000000213e+00
-7.880399999999999636e+02 1.885000000000000142e+01 1.626999999999999957e+01
-7.877599999999999909e+02 1.573000000000000043e+01 2.139000000000000057e+01
-7.884900000000000091e+02 4.535000000000000142e+01 2.662000000000000099e+01
-7.885099999999999909e+02 2.794000000000000128e+01 4.392000000000000171e+01
-7.880399999999999636e+02 2.342000000000000171e+01 7.870000000000000107e+00
-7.877300000000000182e+02 1.555000000000000071e+01 2.087999999999999901e+01
-7.885099999999999909e+02 1.373000000000000043e+01 4.743999999999999773e+01
-7.885700000000000500e+02 4.592000000000000171e+01 4.503000000000000114e+01
-7.879299999999999500e+02 2.546999999999999886e+01 3.450000000000000178e+00
-7.885700000000000500e+02 2.891000000000000014e+01 4.571000000000000085e+01
-7.882699999999999818e+02 3.085000000000000142e+01 5.700000000000000178e+00
-7.883600000000000136e+02 1.109999999999999964e+01 4.117999999999999972e+01
-7.880599999999999454e+02 2.082000000000000028e+01 1.152999999999999936e+01
-7.883799999999999955e+02 1.641000000000000014e+01 3.940999999999999659e+01
-7.882799999999999727e+02 2.228000000000000114e+01 1.561999999999999922e+01
-7.885499999999999545e+02 2.130999999999999872e+01 4.714999999999999858e+01
-7.881200000000000045e+02 2.821999999999999886e+01 8.500000000000000000e+00
-7.880599999999999454e+02 1.928000000000000114e+01 1.565000000000000036e+01
-7.880399999999999636e+02 2.726999999999999957e+01 6.190000000000000391e+00
-7.882100000000000364e+02 3.549000000000000199e+01 6.700000000000000400e-01
-7.884199999999999591e+02 2.703999999999999915e+01 3.740999999999999659e+01
-7.879099999999999682e+02 1.651999999999999957e+01 3.030999999999999872e+01
-7.879600000000000364e+02 3.336999999999999744e+01 0.000000000000000000e+00
-7.883200000000000500e+02 2.153999999999999915e+01 2.712000000000000099e+01
-7.878300000000000409e+02 1.216000000000000014e+01 3.192000000000000171e+01
-7.876499999999999773e+02 2.201999999999999957e+01 6.959999999999999964e+00
-7.882999999999999545e+02 2.676999999999999957e+01 1.089000000000000057e+01
-7.884199999999999591e+02 7.900000000000000355e-01 4.810999999999999943e+01
-7.883400000000000318e+02 7.559999999999999609e+00 4.204999999999999716e+01
-7.884400000000000546e+02 5.230000000000000426e+00 4.771000000000000085e+01
-7.880099999999999909e+02 2.178999999999999915e+01 8.650000000000000355e+00
-7.885399999999999636e+02 1.871000000000000085e+01 4.829999999999999716e+01
-7.877699999999999818e+02 2.998000000000000043e+01 0.000000000000000000e+00
-7.884600000000000364e+02 4.375999999999999801e+01 3.171000000000000085e+01
-7.882899999999999636e+02 2.210000000000000142e+01 1.584999999999999964e+01
-7.885599999999999454e+02 4.585999999999999943e+01 4.482999999999999829e+01
-7.882200000000000273e+02 3.478000000000000114e+01 1.439999999999999947e+00
-7.885000000000000000e+02 2.139000000000000057e+01 4.427000000000000313e+01
-7.884199999999999591e+02 4.113000000000000256e+01 2.816000000000000014e+01
-7.881900000000000546e+02 1.858999999999999986e+01 3.001999999999999957e+01
-7.885299999999999727e+02 1.542999999999999972e+01 4.764000000000000057e+01
-7.881100000000000136e+02 2.539999999999999858e+01 1.080000000000000071e+01
-7.884299999999999500e+02 8.359999999999999432e+00 4.435999999999999943e+01
-7.878400000000000318e+02 1.524000000000000021e+01 2.633999999999999986e+01
-7.884299999999999500e+02 2.526999999999999957e+01 3.846999999999999886e+01
-7.881599999999999682e+02 3.155999999999999872e+01 4.919999999999999929e+00
-7.882799999999999727e+02 2.925000000000000000e+01 7.500000000000000000e+00
-7.883999999999999773e+02 2.770000000000000018e+00 4.753000000000000114e+01
-7.883999999999999773e+02 9.799999999999999822e-01 4.803999999999999915e+01
-7.883799999999999955e+02 3.325999999999999801e+01 2.528999999999999915e+01
-7.883300000000000409e+02 9.279999999999999361e+00 4.150999999999999801e+01
-7.878700000000000045e+02 2.407000000000000028e+01 3.620000000000000107e+00
-7.886000000000000227e+02 3.123000000000000043e+01 4.647999999999999687e+01
-7.884500000000000455e+02 1.372000000000000064e+01 4.446000000000000085e+01
-7.884800000000000182e+02 3.238000000000000256e+01 4.256000000000000227e+01
-7.880700000000000500e+02 1.964000000000000057e+01 1.583000000000000007e+01
