-7.885800000000000409e+02 2.328000000000000114e+01 4.745000000000000284e+01
-7.880499999999999545e+02 3.538000000000000256e+01 1.900000000000000022e-01
-7.885299999999999727e+02 1.546000000000000085e+01 4.763000000000000256e+01
-7.883200000000000500e+02 9.429999999999999716e+00 3.592000000000000171e+01
-7.880299999999999727e+02 2.914999999999999858e+01 3.759999999999999787e+00
-7.883200000000000500e+02 1.391999999999999993e+01 3.125000000000000000e+01
-7.877500000000000000e+02 1.591999999999999993e+01 2.098999999999999844e+01
-7.884199999999999591e+02 5.799999999999999600e-01 4.839000000000000057e+01
-7.882200000000000273e+02 3.675999999999999801e+01 4.699999999999999734e-01
-7.884400000000000546e+02 3.220000000000000284e+01 3.840999999999999659e+01
-7.878300000000000409e+02 1.156000000000000050e+01 3.225000000000000000e+01
-7.882999999999999545e+02 5.040000000000000036e+00 4.214999999999999858e+01
-7.886000000000000227e+02 3.171999999999999886e+01 4.642999999999999972e+01
-7.884800000000000182e+02 5.093999999999999773e+01 2.601999999999999957e+01
-7.880700000000000500e+02 2.087999999999999901e+01 1.311999999999999922e+01
-7.882799999999999727e+02 2.992000000000000171e+01 6.750000000000000000e+00
-7.884199999999999591e+02 2.164999999999999858e+01 3.954999999999999716e+01
-7.880299999999999727e+02 1.741000000000000014e+01 1.536999999999999922e+01
-7.877200000000000273e+02 2.035999999999999943e+01 9.759999999999999787e+00
-7.877599999999999909e+02 1.314000000000000057e+01 2.573000000000000043e+01
-7.884700000000000273e+02 4.478000000000000114e+01 3.228999999999999915e+01
-7.879099999999999682e+02 2.455000000000000071e+01 4.280000000000000249e+00
-7.885599999999999454e+02 4.475000000000000000e+01 4.382999999999999829e+01
-7.882699999999999818e+02 1.976000000000000156e+01 2.930000000000000071e+01
-7.883099999999999454e+02 2.607000000000000028e+01 1.116000000000000014e+01
-7.877000000000000455e+02 2.866000000000000014e+01 0.000000000000000000e+00
-7.878799999999999955e+02 1.696000000000000085e+01 2.787000000000000099e+01
-7.878600000000000136e+02 3.267000000000000171e+01 5.699999999999999512e-01
-7.882100000000000364e+02 3.279999999999999716e+01 3.560000000000000053e+00
-7.884299999999999500e+02 1.544999999999999929e+01 4.210999999999999943e+01
-7.883300000000000409e+02 2.269000000000000128e+01 1.550999999999999979e+01
-7.884099999999999682e+02 4.192000000000000171e+01 2.605000000000000071e+01
-7.883899999999999864e+02 3.440999999999999659e+01 3.005999999999999872e+01
-7.878899999999999864e+02 2.185000000000000142e+01 7.269999999999999574e+00
-7.884500000000000455e+02 9.740000000000000213e+00 4.632999999999999829e+01
-7.880700000000000500e+02 2.530000000000000071e+01 7.969999999999999751e+00
-7.876900000000000546e+02 2.319999999999999929e+01 4.259999999999999787e+00
-7.881399999999999864e+02 2.939000000000000057e+01 8.699999999999999289e+00
-7.884600000000000364e+02 5.799999999999999822e+00 4.856000000000000227e+01
-7.884900000000000091e+02 1.762000000000000099e+01 4.592000000000000171e+01
-7.882100000000000364e+02 3.549000000000000199e+01 6.700000000000000400e-01
-7.882300000000000182e+02 3.264999999999999858e+01 3.740000000000000213e+00
-7.884299999999999500e+02 4.132000000000000028e+01 3.822999999999999687e+01
-7.883600000000000136e+02 1.440000000000000036e+01 3.631000000000000227e+01
-7.883999999999999773e+02 2.923000000000000043e+01 3.180999999999999872e+01
-7.882999999999999545e+02 2.632000000000000028e+01 1.109999999999999964e+01
-7.880099999999999909e+02 2.491000000000000014e+01 6.160000000000000142e+00
-7.881100000000000136e+02 2.985999999999999943e+01 6.030000000000000249e+00
-7.881200000000000045e+02 2.808999999999999986e+01 8.519999999999999574e+00
-7.886000000000000227e+02 2.969000000000000128e+01 4.672999999999999687e+01
-7.885700000000000500e+02 4.022999999999999687e+01 4.478000000000000114e+01
-7.883400000000000318e+02 1.038000000000000078e+01 3.921000000000000085e+01
-7.876799999999999500e+02 2.314000000000000057e+01 4.230000000000000426e+00
-7.878700000000000045e+02 2.407000000000000028e+01 3.620000000000000107e+00
-7.882899999999999636e+02 2.228999999999999915e+01 1.559999999999999964e+01
-7.878200000000000500e+02 2.100000000000000000e+01 8.449999999999999289e+00
-7.880700000000000500e+02 2.205000000000000071e+01 1.058999999999999986e+01
-7.884800000000000182e+02 5.093999999999999773e+01 2.601999999999999957e+01
-7.883899999999999864e+02 8.570000000000000284e+00 4.260000000000000142e+01
-7.882799999999999727e+02 6.690000000000000391e+00 4.120000000000000284e+01
-7.883700000000000045e+02 1.848999999999999844e+01 3.110999999999999943e+01
-7.883799999999999955e+02 1.937000000000000099e+01 3.210999999999999943e+01
-7.882799999999999727e+02 2.994999999999999929e+01 6.730000000000000426e+00
-7.877400000000000091e+02 2.080999999999999872e+01 8.269999999999999574e+00
-7.879600000000000364e+02 3.336999999999999744e+01 0.000000000000000000e+00
-7.877300000000000182e+02 1.555000000000000071e+01 2.087999999999999901e+01
-7.877999999999999545e+02 1.322000000000000064e+01 3.064999999999999858e+01
-7.884199999999999591e+02 7.900000000000000355e-01 4.810999999999999943e+01
-7.880599999999999454e+02 1.928000000000000114e+01 1.565000000000000036e+01
-7.878200000000000500e+02 2.912000000000000099e+01 0.000000000000000000e+00
-7.879099999999999682e+02 1.651999999999999957e+01 3.030999999999999872e+01
-7.876900000000000546e+02 1.306000000000000050e+01 2.519999999999999929e+01
-7.885800000000000409e+02 2.664999999999999858e+01 4.663000000000000256e+01
-7.884299999999999500e+02 4.371000000000000085e+01 2.921000000000000085e+01
-7.885399999999999636e+02 1.871000000000000085e+01 4.829999999999999716e+01
-7.883899999999999864e+02 6.030000000000000249e+00 4.378000000000000114e+01
-7.884199999999999591e+02 1.773000000000000043e+01 4.140999999999999659e+01
-7.883600000000000136e+02 1.109999999999999964e+01 4.117999999999999972e+01
-7.885199999999999818e+02 2.969000000000000128e+01 4.370000000000000284e+01
-7.885399999999999636e+02 2.035999999999999943e+01 4.750999999999999801e+01
-7.885199999999999818e+02 1.536999999999999922e+01 4.761999999999999744e+01
-7.884099999999999682e+02 1.350000000000000089e+00 4.768999999999999773e+01
-7.883899999999999864e+02 3.690999999999999659e+01 2.617999999999999972e+01
-7.880800000000000409e+02 3.082000000000000028e+01 3.689999999999999947e+00
-7.882999999999999545e+02 2.676999999999999957e+01 1.089000000000000057e+01
-7.880700000000000500e+02 2.546000000000000085e+01 7.759999999999999787e+00
-7.884500000000000455e+02 5.050000000000000000e+01 2.601000000000000156e+01
-7.878600000000000136e+02 2.616000000000000014e+01 1.659999999999999920e+00
-7.877599999999999909e+02 1.573000000000000043e+01 2.139000000000000057e+01
-7.883400000000000318e+02 7.559999999999999609e+00 4.204999999999999716e+01
-7.878300000000000409e+02 1.275000000000000000e+01 3.169999999999999929e+01
-7.882599999999999909e+02 3.057000000000000028e+01 6.009999999999999787e+00
-7.878700000000000045e+02 1.568999999999999950e+01 2.891000000000000014e+01
-7.885099999999999909e+02 1.373000000000000043e+01 4.743999999999999773e+01
-7.879800000000000182e+02 2.237999999999999901e+01 7.940000000000000391e+00
-7.880399999999999636e+02 1.885000000000000142e+01 1.626999999999999957e+01
-7.880700000000000500e+02 2.112999999999999901e+01 1.174000000000000021e+01
-7.882599999999999909e+02 1.975000000000000000e+01 2.928999999999999915e+01
-7.879900000000000091e+02 3.442000000000000171e+01 8.900000000000000133e-01
-7.881399999999999864e+02 2.973999999999999844e+01 7.240000000000000213e+00
-7.880900000000000318e+02 4.067000000000000171e+01 0.000000000000000000e+00
-7.885000000000000000e+02 2.650000000000000000e+01 4.263000000000000256e+01
-7.883500000000000227e+02 1.669999999999999929e+01 3.368999999999999773e+01
-7.877300000000000182e+02 2.078000000000000114e+01 8.560000000000000497e+00
-7.886000000000000227e+02 3.997999999999999687e+01 4.636999999999999744e+01
-7.884099999999999682e+02 2.567999999999999972e+01 3.259000000000000341e+01
-7.877799999999999727e+02 2.451000000000000156e+01 3.370000000000000107e+00
-7.884199999999999591e+02 3.060000000000000053e+00 4.740999999999999659e+01
-7.879400000000000546e+02 3.279999999999999716e+01 0.000000000000000000e+00
-7.882899999999999636e+02 2.342999999999999972e+01 1.423000000000000043e+01
-7.876900000000000546e+02 2.146000000000000085e+01 6.000000000000000000e+00
-7.877699999999999818e+02 1.651000000000000156e+01 2.001999999999999957e+01
-7.883099999999999454e+02 2.585000000000000142e+01 1.141999999999999993e+01
-7.883799999999999955e+02 2.096000000000000085e+01 3.153000000000000114e+01
-7.882799999999999727e+02 2.228000000000000114e+01 1.561999999999999922e+01
-7.884400000000000546e+02 1.166000000000000014e+01 4.447999999999999687e+01
-7.880399999999999636e+02 2.741000000000000014e+01 5.919999999999999929e+00
-7.883700000000000045e+02 1.416999999999999993e+01 4.047999999999999687e+01
-7.880199999999999818e+02 2.276999999999999957e+01 9.880000000000000782e+00
-7.877500000000000000e+02 2.160000000000000142e+01 8.189999999999999503e+00
-7.882899999999999636e+02 1.233000000000000007e+01 3.497999999999999687e+01
-7.880499999999999545e+02 2.035000000000000142e+01 1.242999999999999972e+01
-7.878300000000000409e+02 1.555000000000000071e+01 2.489000000000000057e+01
-7.883600000000000136e+02 1.792000000000000171e+01 3.339999999999999858e+01
-7.884099999999999682e+02 7.700000000000000178e-01 4.814000000000000057e+01
-7.883500000000000227e+02 1.109999999999999964e+01 4.072999999999999687e+01
-7.885499999999999545e+02 3.033999999999999986e+01 4.421000000000000085e+01
-7.878899999999999864e+02 2.296999999999999886e+01 5.099999999999999645e+00
