-7.882999999999999545e+02 5.040000000000000036e+00 4.214999999999999858e+01
-7.884299999999999500e+02 1.544999999999999929e+01 4.210999999999999943e+01
-7.880599999999999454e+02 1.928000000000000114e+01 1.565000000000000036e+01
-7.883099999999999454e+02 2.585000000000000142e+01 1.141999999999999993e+01
-7.883300000000000409e+02 2.269000000000000128e+01 1.550999999999999979e+01
-7.876900000000000546e+02 1.306000000000000050e+01 2.519999999999999929e+01
-7.882799999999999727e+02 2.992000000000000171e+01 6.750000000000000000e+00
-7.880199999999999818e+02 1.730999999999999872e+01 1.675000000000000000e+01
-7.879099999999999682e+02 1.651999999999999957e+01 3.030999999999999872e+01
-7.884299999999999500e+02 4.740000000000000213e+00 4.782000000000000028e+01
-7.881200000000000045e+02 2.808999999999999986e+01 8.519999999999999574e+00
-7.878300000000000409e+02 1.156000000000000050e+01 3.225000000000000000e+01
-7.884099999999999682e+02 4.192000000000000171e+01 2.605000000000000071e+01
-7.882300000000000182e+02 3.264999999999999858e+01 3.740000000000000213e+00
-7.885299999999999727e+02 1.528999999999999915e+01 4.774000000000000199e+01
-7.885800000000000409e+02 2.328000000000000114e+01 4.745000000000000284e+01
-7.879400000000000546e+02 3.279999999999999716e+01 0.000000000000000000e+00
-7.878200000000000500e+02 2.810000000000000142e+01 0.000000000000000000e+00
-7.880900000000000318e+02 2.251000000000000156e+01 1.168999999999999950e+01
-7.876900000000000546e+02 2.146000000000000085e+01 6.000000000000000000e+00
-7.878600000000000136e+02 2.385000000000000142e+01 3.359999999999999876e+00
-7.883200000000000500e+02 9.429999999999999716e+00 3.592000000000000171e+01
-7.883899999999999864e+02 3.440999999999999659e+01 3.005999999999999872e+01
-7.884400000000000546e+02 9.990000000000000213e+00 4.470000000000000284e+01
-7.880199999999999818e+02 2.312000000000000099e+01 7.870000000000000107e+00
-7.884199999999999591e+02 5.799999999999999600e-01 4.839000000000000057e+01
-7.877300000000000182e+02 1.555000000000000071e+01 2.087999999999999901e+01
-7.878200000000000500e+02 2.100000000000000000e+01 8.449999999999999289e+00
-7.878300000000000409e+02 1.555000000000000071e+01 2.489000000000000057e+01
-7.880900000000000318e+02 3.173999999999999844e+01 3.819999999999999840e+00
-7.884700000000000273e+02 4.465999999999999659e+01 3.218999999999999773e+01
-7.883200000000000500e+02 1.391999999999999993e+01 3.125000000000000000e+01
-7.884800000000000182e+02 5.093999999999999773e+01 2.601999999999999957e+01
-7.882599999999999909e+02 1.975000000000000000e+01 2.928999999999999915e+01
-7.886000000000000227e+02 3.171999999999999886e+01 4.642999999999999972e+01
-7.882100000000000364e+02 3.549000000000000199e+01 6.700000000000000400e-01
-7.884099999999999682e+02 2.567999999999999972e+01 3.259000000000000341e+01
-7.884199999999999591e+02 2.164999999999999858e+01 3.954999999999999716e+01
-7.885599999999999454e+02 4.213000000000000256e+01 4.415999999999999659e+01
-7.880000000000000000e+02 1.830999999999999872e+01 1.246000000000000085e+01
-7.880099999999999909e+02 2.667999999999999972e+01 4.360000000000000320e+00
-7.883700000000000045e+02 2.326000000000000156e+01 3.041000000000000014e+01
-7.884099999999999682e+02 7.700000000000000178e-01 4.814000000000000057e+01
-7.883899999999999864e+02 5.889999999999999680e+00 4.407999999999999829e+01
-7.882599999999999909e+02 3.048999999999999844e+01 6.110000000000000320e+00
-7.884700000000000273e+02 4.485000000000000142e+01 3.162000000000000099e+01
-7.877400000000000091e+02 2.080999999999999872e+01 8.269999999999999574e+00
-7.880900000000000318e+02 3.032000000000000028e+01 4.200000000000000178e+00
-7.878300000000000409e+02 1.269999999999999929e+01 3.213000000000000256e+01
-7.883899999999999864e+02 3.690999999999999659e+01 2.617999999999999972e+01
-7.883300000000000409e+02 1.291000000000000014e+01 3.556000000000000227e+01
-7.881200000000000045e+02 2.719999999999999929e+01 8.619999999999999218e+00
-7.885700000000000500e+02 2.682999999999999829e+01 4.654999999999999716e+01
-7.877599999999999909e+02 1.314000000000000057e+01 2.573000000000000043e+01
-7.876799999999999500e+02 2.314000000000000057e+01 4.230000000000000426e+00
-7.878700000000000045e+02 2.407000000000000028e+01 3.620000000000000107e+00
-7.885099999999999909e+02 1.346000000000000085e+01 4.735999999999999943e+01
-7.880299999999999727e+02 1.741000000000000014e+01 1.536999999999999922e+01
-7.884299999999999500e+02 4.132000000000000028e+01 3.822999999999999687e+01
-7.884900000000000091e+02 1.192999999999999972e+01 4.717999999999999972e+01
-7.878400000000000318e+02 2.987999999999999901e+01 0.000000000000000000e+00
-7.882799999999999727e+02 6.690000000000000391e+00 4.120000000000000284e+01
-7.880099999999999909e+02 2.021999999999999886e+01 1.001999999999999957e+01
-7.883400000000000318e+02 1.038000000000000078e+01 3.921000000000000085e+01
-7.879800000000000182e+02 3.360999999999999943e+01 0.000000000000000000e+00
-7.886000000000000227e+02 3.997999999999999687e+01 4.636999999999999744e+01
-7.882999999999999545e+02 2.632000000000000028e+01 1.109999999999999964e+01
-7.880399999999999636e+02 1.885000000000000142e+01 1.626999999999999957e+01
-7.883400000000000318e+02 1.280000000000000071e+01 3.896999999999999886e+01
-7.879600000000000364e+02 3.007999999999999829e+01 3.009999999999999787e+00
-7.883700000000000045e+02 1.792000000000000171e+01 3.218999999999999773e+01
-7.880199999999999818e+02 2.310000000000000142e+01 8.740000000000000213e+00
-7.883300000000000409e+02 1.832999999999999829e+01 2.998999999999999844e+01
-7.877599999999999909e+02 1.573000000000000043e+01 2.139000000000000057e+01
-7.885299999999999727e+02 2.169000000000000128e+01 4.728000000000000114e+01
-7.884700000000000273e+02 4.990999999999999659e+01 2.605000000000000071e+01
-7.883300000000000409e+02 2.239000000000000057e+01 1.878999999999999915e+01
-7.882100000000000364e+02 3.661999999999999744e+01 1.199999999999999956e-01
-7.884199999999999591e+02 1.568999999999999950e+01 4.209000000000000341e+01
-7.885199999999999818e+02 1.536999999999999922e+01 4.761999999999999744e+01
-7.880000000000000000e+02 3.625000000000000000e+01 5.200000000000000178e-01
-7.878899999999999864e+02 2.296999999999999886e+01 5.099999999999999645e+00
-7.878600000000000136e+02 2.616000000000000014e+01 1.659999999999999920e+00
-7.883899999999999864e+02 1.933999999999999986e+01 3.778999999999999915e+01
-7.883899999999999864e+02 6.719999999999999751e+00 4.328999999999999915e+01
-7.885800000000000409e+02 2.562999999999999901e+01 4.689999999999999858e+01
-7.881900000000000546e+02 3.861999999999999744e+01 0.000000000000000000e+00
-7.886000000000000227e+02 2.969000000000000128e+01 4.672999999999999687e+01
-7.882899999999999636e+02 7.910000000000000142e+00 4.000000000000000000e+01
-7.880000000000000000e+02 2.512000000000000099e+01 4.799999999999999822e+00
-7.882899999999999636e+02 2.226000000000000156e+01 2.907999999999999829e+01
-7.878700000000000045e+02 1.568999999999999950e+01 2.891000000000000014e+01
-7.880700000000000500e+02 2.155000000000000071e+01 1.035999999999999943e+01
-7.877699999999999818e+02 1.651000000000000156e+01 2.001999999999999957e+01
-7.882999999999999545e+02 1.275000000000000000e+01 3.431000000000000227e+01
-7.881399999999999864e+02 2.939000000000000057e+01 8.699999999999999289e+00
-7.883500000000000227e+02 2.482999999999999829e+01 1.742999999999999972e+01
-7.883799999999999955e+02 2.096000000000000085e+01 3.153000000000000114e+01
-7.885700000000000500e+02 4.022999999999999687e+01 4.478000000000000114e+01
-7.884500000000000455e+02 5.046000000000000085e+01 2.601999999999999957e+01
-7.884099999999999682e+02 1.350000000000000089e+00 4.768999999999999773e+01
-7.878300000000000409e+02 1.275000000000000000e+01 3.169999999999999929e+01
-7.882599999999999909e+02 3.057000000000000028e+01 6.009999999999999787e+00
-7.881000000000000227e+02 2.925000000000000000e+01 5.400000000000000355e+00
-7.884700000000000273e+02 1.003999999999999915e+01 4.735999999999999943e+01
-7.877300000000000182e+02 2.078000000000000114e+01 8.560000000000000497e+00
-7.880599999999999454e+02 1.973999999999999844e+01 1.331000000000000050e+01
-7.882999999999999545e+02 2.691000000000000014e+01 1.023000000000000043e+01
-7.884199999999999591e+02 4.122999999999999687e+01 2.626000000000000156e+01
-7.882899999999999636e+02 7.070000000000000284e+00 4.107999999999999829e+01
-7.885299999999999727e+02 2.432000000000000028e+01 4.685000000000000142e+01
-7.883600000000000136e+02 1.440000000000000036e+01 3.631000000000000227e+01
-7.885099999999999909e+02 1.568999999999999950e+01 4.686999999999999744e+01
-7.885800000000000409e+02 2.814999999999999858e+01 4.624000000000000199e+01
-7.883700000000000045e+02 1.848999999999999844e+01 3.110999999999999943e+01
-7.884600000000000364e+02 1.236999999999999922e+01 4.468999999999999773e+01
-7.882899999999999636e+02 1.776999999999999957e+01 3.094999999999999929e+01
-7.881100000000000136e+02 2.985999999999999943e+01 6.030000000000000249e+00
-7.882799999999999727e+02 2.389000000000000057e+01 1.416999999999999993e+01
-7.882899999999999636e+02 2.635999999999999943e+01 1.083000000000000007e+01
-7.880900000000000318e+02 2.732999999999999829e+01 7.000000000000000000e+00
-7.884199999999999591e+02 7.900000000000000355e-01 4.810999999999999943e+01
-7.885900000000000318e+02 4.107000000000000028e+01 4.597999999999999687e+01
-7.877500000000000000e+02 1.591999999999999993e+01 2.098999999999999844e+01
-7.884600000000000364e+02 2.982000000000000028e+01 4.171000000000000085e+01
-7.877999999999999545e+02 2.480000000000000071e+01 1.629999999999999893e+00
-7.882999999999999545e+02 8.839999999999999858e+00 3.914999999999999858e+01
-7.882200000000000273e+02 3.675999999999999801e+01 4.699999999999999734e-01
