-7.883300000000000409e+02 2.269000000000000128e+01 1.550999999999999979e+01
-7.884099999999999682e+02 4.192000000000000171e+01 2.605000000000000071e+01
-7.879400000000000546e+02 3.279999999999999716e+01 0.000000000000000000e+00
-7.879800000000000182e+02 1.935000000000000142e+01 1.221000000000000085e+01
-7.882799999999999727e+02 2.992000000000000171e+01 6.750000000000000000e+00
-7.877999999999999545e+02 1.508999999999999986e+01 2.707000000000000028e+01
-7.877300000000000182e+02 1.555000000000000071e+01 2.087999999999999901e+01
-7.880800000000000409e+02 2.244999999999999929e+01 1.678999999999999915e+01
-7.884299999999999500e+02 4.790000000000000036e+00 4.757000000000000028e+01
-7.882100000000000364e+02 3.549000000000000199e+01 6.700000000000000400e-01
-7.878200000000000500e+02 2.308999999999999986e+01 3.700000000000000178e+00
-7.883099999999999454e+02 2.585000000000000142e+01 1.141999999999999993e+01
-7.880900000000000318e+02 2.251000000000000156e+01 1.168999999999999950e+01
-7.883899999999999864e+02 3.346999999999999886e+01 2.898000000000000043e+01
-7.880900000000000318e+02 3.173999999999999844e+01 3.819999999999999840e+00
-7.881200000000000045e+02 2.808999999999999986e+01 8.519999999999999574e+00
-7.885599999999999454e+02 4.170000000000000284e+01 4.410000000000000142e+01
-7.883200000000000500e+02 9.480000000000000426e+00 3.552000000000000313e+01
-7.886000000000000227e+02 3.171999999999999886e+01 4.642999999999999972e+01
-7.878200000000000500e+02 2.100000000000000000e+01 8.449999999999999289e+00
-7.884199999999999591e+02 5.799999999999999600e-01 4.839000000000000057e+01
-7.879099999999999682e+02 1.635000000000000142e+01 3.033999999999999986e+01
-7.884299999999999500e+02 1.544999999999999929e+01 4.210999999999999943e+01
-7.884099999999999682e+02 2.128000000000000114e+01 3.985000000000000142e+01
-7.880199999999999818e+02 2.312000000000000099e+01 7.870000000000000107e+00
-7.884400000000000546e+02 9.990000000000000213e+00 4.470000000000000284e+01
-7.878200000000000500e+02 2.810000000000000142e+01 0.000000000000000000e+00
-7.883200000000000500e+02 2.228000000000000114e+01 2.617999999999999972e+01
-7.880199999999999818e+02 1.728000000000000114e+01 1.673999999999999844e+01
-7.883200000000000500e+02 1.366000000000000014e+01 3.126000000000000156e+01
-7.876900000000000546e+02 2.146000000000000085e+01 6.000000000000000000e+00
-7.880099999999999909e+02 2.667999999999999972e+01 4.360000000000000320e+00
-7.885299999999999727e+02 1.528999999999999915e+01 4.774000000000000199e+01
-7.884800000000000182e+02 5.006000000000000227e+01 2.603999999999999915e+01
-7.882999999999999545e+02 5.040000000000000036e+00 4.214999999999999858e+01
-7.885800000000000409e+02 2.328000000000000114e+01 4.745000000000000284e+01
-7.882899999999999636e+02 1.946000000000000085e+01 2.912000000000000099e+01
-7.882500000000000000e+02 3.328999999999999915e+01 3.779999999999999805e+00
-7.878300000000000409e+02 1.156000000000000050e+01 3.225000000000000000e+01
-7.884700000000000273e+02 4.465999999999999659e+01 3.218999999999999773e+01
-7.884099999999999682e+02 2.567999999999999972e+01 3.259000000000000341e+01
-7.876900000000000546e+02 1.306000000000000050e+01 2.519999999999999929e+01
-7.885299999999999727e+02 1.491999999999999993e+01 4.788000000000000256e+01
-7.884600000000000364e+02 1.726999999999999957e+01 4.340999999999999659e+01
-7.878600000000000136e+02 2.385000000000000142e+01 3.359999999999999876e+00
-7.880199999999999818e+02 2.608999999999999986e+01 6.049999999999999822e+00
-7.883999999999999773e+02 8.100000000000000533e-01 4.809000000000000341e+01
-7.880299999999999727e+02 1.741000000000000014e+01 1.536999999999999922e+01
-7.884800000000000182e+02 1.106000000000000050e+01 4.718999999999999773e+01
-7.880599999999999454e+02 1.973999999999999844e+01 1.331000000000000050e+01
-7.883600000000000136e+02 2.923000000000000043e+01 2.801999999999999957e+01
-7.881399999999999864e+02 2.946999999999999886e+01 8.660000000000000142e+00
-7.884800000000000182e+02 5.093999999999999773e+01 2.601999999999999957e+01
-7.879099999999999682e+02 1.705999999999999872e+01 3.007999999999999829e+01
-7.882599999999999909e+02 3.057000000000000028e+01 6.009999999999999787e+00
-7.877300000000000182e+02 2.028000000000000114e+01 9.320000000000000284e+00
-7.879199999999999591e+02 2.476999999999999957e+01 6.469999999999999751e+00
-7.880099999999999909e+02 3.378000000000000114e+01 1.300000000000000044e+00
-7.880700000000000500e+02 2.083999999999999986e+01 1.459999999999999964e+01
-7.882799999999999727e+02 2.389000000000000057e+01 1.416999999999999993e+01
-7.880800000000000409e+02 2.862999999999999901e+01 4.879999999999999893e+00
-7.885000000000000000e+02 2.701999999999999957e+01 4.181000000000000227e+01
-7.884400000000000546e+02 4.290999999999999659e+01 2.607000000000000028e+01
-7.883200000000000500e+02 9.429999999999999716e+00 3.592000000000000171e+01
-7.882300000000000182e+02 2.496999999999999886e+01 1.242999999999999972e+01
-7.882400000000000091e+02 3.467999999999999972e+01 1.560000000000000053e+00
-7.877000000000000455e+02 2.237000000000000099e+01 5.419999999999999929e+00
-7.884900000000000091e+02 2.287000000000000099e+01 4.313000000000000256e+01
-7.883899999999999864e+02 6.839999999999999858e+00 4.409000000000000341e+01
-7.883999999999999773e+02 2.503999999999999915e+01 3.194999999999999929e+01
-7.882999999999999545e+02 2.603999999999999915e+01 1.118999999999999950e+01
-7.884700000000000273e+02 4.485000000000000142e+01 3.162000000000000099e+01
-7.883400000000000318e+02 1.443999999999999950e+01 3.309000000000000341e+01
-7.882400000000000091e+02 3.390999999999999659e+01 2.370000000000000107e+00
-7.884800000000000182e+02 4.068999999999999773e+01 3.975000000000000000e+01
-7.878300000000000409e+02 1.275000000000000000e+01 3.169999999999999929e+01
-7.885599999999999454e+02 2.580000000000000071e+01 4.571999999999999886e+01
-7.882999999999999545e+02 5.360000000000000320e+00 4.209000000000000341e+01
-7.878400000000000318e+02 2.987999999999999901e+01 0.000000000000000000e+00
-7.877599999999999909e+02 1.573000000000000043e+01 2.139000000000000057e+01
-7.878200000000000500e+02 1.461999999999999922e+01 2.955000000000000071e+01
-7.882500000000000000e+02 1.796000000000000085e+01 3.076999999999999957e+01
-7.883500000000000227e+02 2.482999999999999829e+01 1.742999999999999972e+01
-7.878300000000000409e+02 1.473000000000000043e+01 3.028999999999999915e+01
-7.877699999999999818e+02 2.228999999999999915e+01 7.620000000000000107e+00
-7.877699999999999818e+02 1.290000000000000036e+01 3.157999999999999829e+01
-7.885199999999999818e+02 4.367000000000000171e+01 4.357999999999999829e+01
-7.880800000000000409e+02 3.000000000000000000e+01 4.620000000000000107e+00
-7.884199999999999591e+02 7.900000000000000355e-01 4.810999999999999943e+01
-7.879199999999999591e+02 2.792999999999999972e+01 4.030000000000000249e+00
-7.880399999999999636e+02 1.885000000000000142e+01 1.626999999999999957e+01
-7.883600000000000136e+02 1.792000000000000171e+01 3.709000000000000341e+01
-7.877500000000000000e+02 1.591999999999999993e+01 2.098999999999999844e+01
-7.884299999999999500e+02 4.740000000000000213e+00 4.782000000000000028e+01
-7.885199999999999818e+02 1.660000000000000142e+01 4.749000000000000199e+01
-7.884700000000000273e+02 2.982999999999999829e+01 4.103999999999999915e+01
-7.879099999999999682e+02 1.658999999999999986e+01 3.026999999999999957e+01
-7.883099999999999454e+02 2.616000000000000014e+01 1.106000000000000050e+01
-7.885700000000000500e+02 2.301000000000000156e+01 4.714000000000000057e+01
-7.885900000000000318e+02 2.958999999999999986e+01 4.621999999999999886e+01
-7.882599999999999909e+02 3.048999999999999844e+01 6.110000000000000320e+00
-7.882999999999999545e+02 1.224000000000000021e+01 3.504999999999999716e+01
-7.884700000000000273e+02 1.098000000000000043e+01 4.654999999999999716e+01
-7.878600000000000136e+02 3.214000000000000057e+01 8.999999999999999667e-02
-7.878400000000000318e+02 2.282000000000000028e+01 6.769999999999999574e+00
-7.880299999999999727e+02 3.746999999999999886e+01 0.000000000000000000e+00
-7.883899999999999864e+02 3.667000000000000171e+01 2.607999999999999829e+01
-7.882500000000000000e+02 3.182999999999999829e+01 4.639999999999999680e+00
-7.884299999999999500e+02 3.939999999999999858e+01 3.710000000000000142e+01
-7.882799999999999727e+02 1.992000000000000171e+01 2.857000000000000028e+01
-7.880800000000000409e+02 2.437000000000000099e+01 9.269999999999999574e+00
-7.878600000000000136e+02 2.616000000000000014e+01 1.659999999999999920e+00
-7.879500000000000455e+02 1.830999999999999872e+01 1.192999999999999972e+01
-7.880900000000000318e+02 2.610999999999999943e+01 8.089999999999999858e+00
-7.883200000000000500e+02 5.830000000000000071e+00 4.307000000000000028e+01
-7.882200000000000273e+02 2.487999999999999901e+01 1.325999999999999979e+01
-7.884800000000000182e+02 1.423000000000000043e+01 4.585999999999999943e+01
-7.883300000000000409e+02 9.210000000000000853e+00 3.811999999999999744e+01
-7.880299999999999727e+02 1.755000000000000071e+01 1.491000000000000014e+01
-7.884600000000000364e+02 2.375000000000000000e+01 4.204999999999999716e+01
-7.883500000000000227e+02 1.598000000000000043e+01 3.471999999999999886e+01
-7.880499999999999545e+02 2.219000000000000128e+01 9.310000000000000497e+00
-7.885800000000000409e+02 2.651000000000000156e+01 4.707999999999999829e+01
-7.885099999999999909e+02 1.426999999999999957e+01 4.714000000000000057e+01
-7.884700000000000273e+02 2.876000000000000156e+01 4.121999999999999886e+01
-7.883999999999999773e+02 1.860000000000000098e+00 4.697999999999999687e+01
-7.884600000000000364e+02 4.821999999999999886e+01 2.601999999999999957e+01
-7.879099999999999682e+02 1.667000000000000171e+01 3.014999999999999858e+01
