-7.880900000000000318e+02 2.251000000000000156e+01 1.168999999999999950e+01
-7.883200000000000500e+02 9.140000000000000568e+00 3.603999999999999915e+01
-7.881699999999999591e+02 3.647999999999999687e+01 0.000000000000000000e+00
-7.884199999999999591e+02 2.157999999999999829e+01 3.957000000000000028e+01
-7.886000000000000227e+02 3.171999999999999886e+01 4.642999999999999972e+01
-7.884199999999999591e+02 5.799999999999999600e-01 4.839000000000000057e+01
-7.884099999999999682e+02 2.567999999999999972e+01 3.259000000000000341e+01
-7.882999999999999545e+02 5.040000000000000036e+00 4.214999999999999858e+01
-7.880099999999999909e+02 2.667999999999999972e+01 4.360000000000000320e+00
-7.876900000000000546e+02 1.306000000000000050e+01 2.519999999999999929e+01
-7.878200000000000500e+02 2.308999999999999986e+01 3.700000000000000178e+00
-7.884099999999999682e+02 4.192000000000000171e+01 2.605000000000000071e+01
-7.883200000000000500e+02 2.228000000000000114e+01 2.612999999999999901e+01
-7.885800000000000409e+02 2.328000000000000114e+01 4.745000000000000284e+01
-7.878099999999999454e+02 1.143999999999999950e+01 3.393999999999999773e+01
-7.883300000000000409e+02 2.269000000000000128e+01 1.550999999999999979e+01
-7.881200000000000045e+02 2.808999999999999986e+01 8.519999999999999574e+00
-7.876900000000000546e+02 2.146000000000000085e+01 6.000000000000000000e+00
-7.879400000000000546e+02 3.279999999999999716e+01 0.000000000000000000e+00
-7.883899999999999864e+02 3.346999999999999886e+01 2.898000000000000043e+01
-7.877300000000000182e+02 1.555000000000000071e+01 2.087999999999999901e+01
-7.884400000000000546e+02 9.990000000000000213e+00 4.470000000000000284e+01
-7.882500000000000000e+02 3.328999999999999915e+01 3.779999999999999805e+00
-7.884800000000000182e+02 5.006000000000000227e+01 2.603999999999999915e+01
-7.883200000000000500e+02 1.366000000000000014e+01 3.126000000000000156e+01
-7.883099999999999454e+02 2.585000000000000142e+01 1.141999999999999993e+01
-7.880399999999999636e+02 1.885000000000000142e+01 1.626999999999999957e+01
-7.878200000000000500e+02 2.810000000000000142e+01 0.000000000000000000e+00
-7.880900000000000318e+02 3.173999999999999844e+01 3.819999999999999840e+00
-7.882799999999999727e+02 2.985000000000000142e+01 7.969999999999999751e+00
-7.879800000000000182e+02 1.935000000000000142e+01 1.221000000000000085e+01
-7.884700000000000273e+02 4.457000000000000028e+01 3.157999999999999829e+01
-7.884299999999999500e+02 4.790000000000000036e+00 4.757000000000000028e+01
-7.885900000000000318e+02 4.197999999999999687e+01 4.590999999999999659e+01
-7.885299999999999727e+02 1.525999999999999979e+01 4.774000000000000199e+01
-7.880199999999999818e+02 1.728000000000000114e+01 1.673999999999999844e+01
-7.882599999999999909e+02 1.819999999999999929e+01 3.053999999999999915e+01
-7.879099999999999682e+02 1.635000000000000142e+01 3.033999999999999986e+01
-7.880199999999999818e+02 2.289999999999999858e+01 8.060000000000000497e+00
-7.878200000000000500e+02 2.100000000000000000e+01 8.449999999999999289e+00
-7.878200000000000500e+02 1.469999999999999929e+01 2.642999999999999972e+01
-7.884299999999999500e+02 1.544999999999999929e+01 4.210999999999999943e+01
-7.878200000000000500e+02 2.357000000000000028e+01 3.140000000000000124e+00
-7.884099999999999682e+02 2.048000000000000043e+01 3.907999999999999829e+01
-7.883899999999999864e+02 6.839999999999999858e+00 4.409000000000000341e+01
-7.883500000000000227e+02 6.469999999999999751e+00 4.224000000000000199e+01
-7.881200000000000045e+02 2.946999999999999886e+01 7.650000000000000355e+00
-7.885599999999999454e+02 2.950000000000000000e+01 4.529999999999999716e+01
-7.880099999999999909e+02 2.600000000000000000e+01 4.910000000000000142e+00
-7.878500000000000227e+02 2.980999999999999872e+01 4.099999999999999756e-01
-7.877699999999999818e+02 1.330000000000000071e+01 2.953000000000000114e+01
-7.877000000000000455e+02 2.237000000000000099e+01 5.419999999999999929e+00
-7.879099999999999682e+02 1.667000000000000171e+01 3.014999999999999858e+01
-7.877899999999999636e+02 2.196000000000000085e+01 7.480000000000000426e+00
-7.883700000000000045e+02 7.919999999999999929e+00 4.221999999999999886e+01
-7.880800000000000409e+02 3.085000000000000142e+01 4.230000000000000426e+00
-7.883999999999999773e+02 8.100000000000000533e-01 4.809000000000000341e+01
-7.882500000000000000e+02 3.182999999999999829e+01 4.639999999999999680e+00
-7.883500000000000227e+02 1.503999999999999915e+01 3.915999999999999659e+01
-7.885299999999999727e+02 1.660999999999999943e+01 4.760000000000000142e+01
-7.883799999999999955e+02 3.019000000000000128e+01 2.823000000000000043e+01
-7.883400000000000318e+02 1.443999999999999950e+01 3.309000000000000341e+01
-7.882400000000000091e+02 3.467999999999999972e+01 1.560000000000000053e+00
-7.879900000000000091e+02 3.224000000000000199e+01 7.700000000000000178e-01
-7.878300000000000409e+02 1.275000000000000000e+01 3.169999999999999929e+01
-7.877599999999999909e+02 1.573000000000000043e+01 2.139000000000000057e+01
-7.880499999999999545e+02 2.232000000000000028e+01 8.880000000000000782e+00
-7.880700000000000500e+02 2.083999999999999986e+01 1.459999999999999964e+01
-7.882799999999999727e+02 2.992000000000000171e+01 6.750000000000000000e+00
-7.884700000000000273e+02 2.876000000000000156e+01 4.121999999999999886e+01
-7.883099999999999454e+02 2.616000000000000014e+01 1.106000000000000050e+01
-7.880299999999999727e+02 1.755000000000000071e+01 1.491000000000000014e+01
-7.880599999999999454e+02 2.069999999999999929e+01 1.367999999999999972e+01
-7.883300000000000409e+02 2.275000000000000000e+01 1.541999999999999993e+01
-7.882500000000000000e+02 1.796000000000000085e+01 3.076999999999999957e+01
-7.880800000000000409e+02 2.364999999999999858e+01 1.031000000000000050e+01
-7.884800000000000182e+02 5.078999999999999915e+01 2.601999999999999957e+01
-7.882599999999999909e+02 2.212000000000000099e+01 2.807000000000000028e+01
-7.883400000000000318e+02 1.124000000000000021e+01 3.739000000000000057e+01
-7.885800000000000409e+02 2.412999999999999901e+01 4.740999999999999659e+01
-7.884800000000000182e+02 3.646000000000000085e+01 4.147999999999999687e+01
-7.884299999999999500e+02 4.364000000000000057e+01 2.605999999999999872e+01
-7.882000000000000455e+02 3.567000000000000171e+01 5.100000000000000089e-01
-7.882599999999999909e+02 3.092000000000000171e+01 5.650000000000000355e+00
-7.880700000000000500e+02 2.553000000000000114e+01 8.539999999999999147e+00
-7.883999999999999773e+02 3.511999999999999744e+01 3.173000000000000043e+01
-7.877699999999999818e+02 1.290000000000000036e+01 3.157999999999999829e+01
-7.884099999999999682e+02 2.560000000000000053e+00 4.757000000000000028e+01
-7.880700000000000500e+02 2.117999999999999972e+01 1.408999999999999986e+01
-7.877400000000000091e+02 2.132000000000000028e+01 6.830000000000000071e+00
-7.877899999999999636e+02 1.667999999999999972e+01 1.978000000000000114e+01
-7.885299999999999727e+02 4.039999999999999858e+01 4.295000000000000284e+01
-7.882999999999999545e+02 5.809999999999999609e+00 4.136999999999999744e+01
-7.883099999999999454e+02 1.960999999999999943e+01 2.903999999999999915e+01
-7.880199999999999818e+02 2.312000000000000099e+01 7.870000000000000107e+00
-7.880800000000000409e+02 2.862999999999999901e+01 4.879999999999999893e+00
-7.878400000000000318e+02 2.987999999999999901e+01 0.000000000000000000e+00
-7.878600000000000136e+02 3.214000000000000057e+01 8.999999999999999667e-02
-7.884900000000000091e+02 1.086999999999999922e+01 4.788000000000000256e+01
-7.884199999999999591e+02 4.197999999999999687e+01 2.605000000000000071e+01
-7.885800000000000409e+02 2.775000000000000000e+01 4.682999999999999829e+01
-7.879900000000000091e+02 2.939000000000000057e+01 3.270000000000000018e+00
-7.885199999999999818e+02 1.451999999999999957e+01 4.775999999999999801e+01
-7.882899999999999636e+02 2.355000000000000071e+01 1.413000000000000078e+01
-7.884800000000000182e+02 1.375000000000000000e+01 4.578000000000000114e+01
-7.883300000000000409e+02 9.210000000000000853e+00 3.811999999999999744e+01
-7.885800000000000409e+02 2.651000000000000156e+01 4.707999999999999829e+01
-7.881000000000000227e+02 2.573000000000000043e+01 1.080000000000000071e+01
-7.883999999999999773e+02 4.750000000000000000e+00 4.724000000000000199e+01
-7.882300000000000182e+02 3.389999999999999858e+01 2.370000000000000107e+00
-7.878600000000000136e+02 2.385000000000000142e+01 3.359999999999999876e+00
-7.882899999999999636e+02 2.644999999999999929e+01 1.066999999999999993e+01
-7.879099999999999682e+02 1.705999999999999872e+01 3.007999999999999829e+01
-7.883799999999999955e+02 1.987999999999999901e+01 3.110999999999999943e+01
-7.884299999999999500e+02 3.227000000000000313e+01 3.784000000000000341e+01
-7.877500000000000000e+02 1.557000000000000028e+01 2.085000000000000142e+01
-7.881000000000000227e+02 2.942000000000000171e+01 5.379999999999999893e+00
-7.878400000000000318e+02 2.282000000000000028e+01 6.769999999999999574e+00
-7.882899999999999636e+02 2.348000000000000043e+01 1.419999999999999929e+01
-7.880199999999999818e+02 2.892000000000000171e+01 3.919999999999999929e+00
-7.884500000000000455e+02 3.520000000000000018e+00 4.868999999999999773e+01
-7.878500000000000227e+02 3.220000000000000284e+01 8.000000000000000167e-02
-7.880800000000000409e+02 2.207000000000000028e+01 1.246000000000000085e+01
-7.880099999999999909e+02 2.026999999999999957e+01 1.075999999999999979e+01
-7.883600000000000136e+02 1.660999999999999943e+01 3.080000000000000071e+01
-7.878300000000000409e+02 2.987000000000000099e+01 1.000000000000000056e-01
-7.884199999999999591e+02 4.078999999999999915e+01 2.608999999999999986e+01
-7.881399999999999864e+02 2.946999999999999886e+01 8.660000000000000142e+00
