-7.884099999999999682e+02 2.567999999999999972e+01 3.259000000000000341e+01
-7.882799999999999727e+02 2.985000000000000142e+01 7.969999999999999751e+00
-7.876900000000000546e+02 1.306000000000000050e+01 2.519999999999999929e+01
-7.880800000000000409e+02 2.112999999999999901e+01 1.559999999999999964e+01
-7.886000000000000227e+02 3.128000000000000114e+01 4.653999999999999915e+01
-7.883099999999999454e+02 2.585000000000000142e+01 1.141999999999999993e+01
-7.880199999999999818e+02 1.728000000000000114e+01 1.673999999999999844e+01
-7.882400000000000091e+02 1.982999999999999829e+01 2.903000000000000114e+01
-7.882500000000000000e+02 3.328999999999999915e+01 3.779999999999999805e+00
-7.879400000000000546e+02 3.270000000000000284e+01 0.000000000000000000e+00
-7.885900000000000318e+02 4.197999999999999687e+01 4.590999999999999659e+01
-7.884900000000000091e+02 5.015999999999999659e+01 2.603999999999999915e+01
-7.883300000000000409e+02 2.269000000000000128e+01 1.550999999999999979e+01
-7.877200000000000273e+02 2.146000000000000085e+01 5.990000000000000213e+00
-7.877999999999999545e+02 1.141000000000000014e+01 3.421000000000000085e+01
-7.881000000000000227e+02 2.473000000000000043e+01 1.142999999999999972e+01
-7.885800000000000409e+02 2.328000000000000114e+01 4.745000000000000284e+01
-7.878200000000000500e+02 2.810000000000000142e+01 0.000000000000000000e+00
-7.883200000000000500e+02 9.140000000000000568e+00 3.603999999999999915e+01
-7.881900000000000546e+02 3.636999999999999744e+01 0.000000000000000000e+00
-7.877300000000000182e+02 1.555000000000000071e+01 2.087999999999999901e+01
-7.878099999999999454e+02 2.105999999999999872e+01 8.349999999999999645e+00
-7.885299999999999727e+02 1.525999999999999979e+01 4.774000000000000199e+01
-7.884199999999999591e+02 5.799999999999999600e-01 4.839000000000000057e+01
-7.884299999999999500e+02 5.019999999999999574e+00 4.721999999999999886e+01
-7.884400000000000546e+02 9.990000000000000213e+00 4.470000000000000284e+01
-7.879099999999999682e+02 1.635000000000000142e+01 3.033999999999999986e+01
-7.882899999999999636e+02 5.519999999999999574e+00 4.196000000000000085e+01
-7.880099999999999909e+02 2.667999999999999972e+01 4.360000000000000320e+00
-7.883999999999999773e+02 4.077000000000000313e+01 2.603000000000000114e+01
-7.884199999999999591e+02 1.541000000000000014e+01 4.203999999999999915e+01
-7.879900000000000091e+02 1.910999999999999943e+01 1.150999999999999979e+01
-7.884099999999999682e+02 2.132999999999999829e+01 3.935000000000000142e+01
-7.878200000000000500e+02 2.308999999999999986e+01 3.700000000000000178e+00
-7.884700000000000273e+02 4.456000000000000227e+01 3.151000000000000156e+01
-7.883200000000000500e+02 1.366000000000000014e+01 3.126000000000000156e+01
-7.883899999999999864e+02 3.346999999999999886e+01 2.898000000000000043e+01
-7.880900000000000318e+02 3.173999999999999844e+01 3.819999999999999840e+00
-7.881200000000000045e+02 2.807999999999999829e+01 8.330000000000000071e+00
-7.880199999999999818e+02 2.289999999999999858e+01 8.060000000000000497e+00
-7.883200000000000500e+02 2.228000000000000114e+01 2.612999999999999901e+01
-7.878200000000000500e+02 1.469999999999999929e+01 2.642999999999999972e+01
-7.884800000000000182e+02 2.957000000000000028e+01 4.232999999999999829e+01
-7.878400000000000318e+02 2.987999999999999901e+01 0.000000000000000000e+00
-7.882599999999999909e+02 2.212000000000000099e+01 2.782999999999999829e+01
-7.880800000000000409e+02 2.217999999999999972e+01 1.297000000000000064e+01
-7.880599999999999454e+02 2.691000000000000014e+01 9.099999999999999645e+00
-7.884800000000000182e+02 3.646000000000000085e+01 4.147999999999999687e+01
-7.878500000000000227e+02 3.231000000000000227e+01 0.000000000000000000e+00
-7.880299999999999727e+02 1.755000000000000071e+01 1.491000000000000014e+01
-7.885099999999999909e+02 1.373000000000000043e+01 4.777000000000000313e+01
-7.883899999999999864e+02 4.000000000000000000e+01 2.601000000000000156e+01
-7.882500000000000000e+02 3.185000000000000142e+01 4.610000000000000320e+00
-7.877699999999999818e+02 1.544999999999999929e+01 2.094000000000000128e+01
-7.881000000000000227e+02 2.932999999999999829e+01 5.849999999999999645e+00
-7.880800000000000409e+02 2.694999999999999929e+01 5.950000000000000178e+00
-7.878200000000000500e+02 2.350000000000000000e+01 3.149999999999999911e+00
-7.883500000000000227e+02 2.201999999999999957e+01 3.003000000000000114e+01
-7.885299999999999727e+02 2.207000000000000028e+01 4.514999999999999858e+01
-7.884299999999999500e+02 1.544999999999999929e+01 4.210999999999999943e+01
-7.883999999999999773e+02 8.100000000000000533e-01 4.809000000000000341e+01
-7.883300000000000409e+02 1.423000000000000043e+01 3.107000000000000028e+01
-7.884800000000000182e+02 5.078999999999999915e+01 2.601999999999999957e+01
-7.882200000000000273e+02 3.392000000000000171e+01 2.350000000000000089e+00
-7.878600000000000136e+02 1.664999999999999858e+01 2.975000000000000000e+01
-7.880199999999999818e+02 2.294000000000000128e+01 8.029999999999999361e+00
-7.878500000000000227e+02 1.351999999999999957e+01 3.274000000000000199e+01
-7.883600000000000136e+02 5.629999999999999893e+00 4.381000000000000227e+01
-7.877899999999999636e+02 2.139999999999999858e+01 6.879999999999999893e+00
-7.883099999999999454e+02 1.960999999999999943e+01 2.903999999999999915e+01
-7.883099999999999454e+02 1.098000000000000043e+01 3.527000000000000313e+01
-7.880399999999999636e+02 1.885000000000000142e+01 1.626999999999999957e+01
-7.883799999999999955e+02 7.599999999999999645e+00 4.240999999999999659e+01
-7.880099999999999909e+02 2.005999999999999872e+01 1.084999999999999964e+01
-7.883600000000000136e+02 1.680000000000000071e+01 3.076000000000000156e+01
-7.883099999999999454e+02 2.369999999999999929e+01 1.394999999999999929e+01
-7.884199999999999591e+02 3.797999999999999687e+01 3.472999999999999687e+01
-7.879099999999999682e+02 1.705999999999999872e+01 3.007999999999999829e+01
-7.883200000000000500e+02 6.440000000000000391e+00 4.189000000000000057e+01
-7.882599999999999909e+02 3.092000000000000171e+01 5.650000000000000355e+00
-7.877000000000000455e+02 2.237000000000000099e+01 5.419999999999999929e+00
-7.882899999999999636e+02 2.607999999999999829e+01 1.114000000000000057e+01
-7.880800000000000409e+02 3.087000000000000099e+01 4.299999999999999822e+00
-7.880499999999999545e+02 2.676999999999999957e+01 8.019999999999999574e+00
-7.885599999999999454e+02 4.515999999999999659e+01 4.485999999999999943e+01
-7.883200000000000500e+02 1.378999999999999915e+01 3.125000000000000000e+01
-7.884400000000000546e+02 1.019999999999999929e+01 4.463000000000000256e+01
-7.885800000000000409e+02 2.376999999999999957e+01 4.735999999999999943e+01
-7.880199999999999818e+02 2.226000000000000156e+01 8.789999999999999147e+00
-7.878999999999999773e+02 1.642000000000000171e+01 3.019999999999999929e+01
-7.885599999999999454e+02 2.839999999999999858e+01 4.510000000000000142e+01
-7.880900000000000318e+02 2.251000000000000156e+01 1.168999999999999950e+01
-7.884199999999999591e+02 3.900999999999999801e+01 2.621000000000000085e+01
-7.884099999999999682e+02 2.560000000000000053e+00 4.757000000000000028e+01
-7.883799999999999955e+02 4.440000000000000391e+00 4.545000000000000284e+01
-7.883500000000000227e+02 2.194999999999999929e+01 3.007000000000000028e+01
-7.883099999999999454e+02 2.619999999999999929e+01 1.098000000000000043e+01
-7.884199999999999591e+02 2.157999999999999829e+01 3.957000000000000028e+01
-7.877699999999999818e+02 1.330000000000000071e+01 2.953000000000000114e+01
-7.883300000000000409e+02 9.619999999999999218e+00 3.754999999999999716e+01
-7.882500000000000000e+02 3.091000000000000014e+01 5.650000000000000355e+00
-7.877999999999999545e+02 1.094999999999999929e+01 3.467000000000000171e+01
-7.880099999999999909e+02 2.610999999999999943e+01 4.799999999999999822e+00
-7.882500000000000000e+02 2.189999999999999858e+01 2.871000000000000085e+01
-7.877500000000000000e+02 1.557000000000000028e+01 2.085000000000000142e+01
-7.878500000000000227e+02 3.220000000000000284e+01 8.000000000000000167e-02
-7.882000000000000455e+02 3.567000000000000171e+01 5.100000000000000089e-01
-7.883400000000000318e+02 2.337999999999999901e+01 1.632000000000000028e+01
-7.880399999999999636e+02 2.069999999999999929e+01 1.183999999999999986e+01
-7.878099999999999454e+02 2.107000000000000028e+01 8.330000000000000071e+00
-7.880700000000000500e+02 2.083999999999999986e+01 1.459999999999999964e+01
-7.882500000000000000e+02 3.182999999999999829e+01 4.639999999999999680e+00
-7.883400000000000318e+02 5.740000000000000213e+00 4.367999999999999972e+01
-7.884800000000000182e+02 5.003999999999999915e+01 2.603999999999999915e+01
-7.878300000000000409e+02 2.282999999999999829e+01 5.030000000000000249e+00
-7.883799999999999955e+02 3.048999999999999844e+01 2.850000000000000000e+01
-7.877899999999999636e+02 1.667999999999999972e+01 1.978000000000000114e+01
-7.883600000000000136e+02 1.341000000000000014e+01 3.934000000000000341e+01
-7.885199999999999818e+02 1.451999999999999957e+01 4.775999999999999801e+01
-7.878300000000000409e+02 2.987000000000000099e+01 1.000000000000000056e-01
-7.878400000000000318e+02 1.568999999999999950e+01 2.628000000000000114e+01
-7.883099999999999454e+02 2.325000000000000000e+01 1.446000000000000085e+01
-7.884199999999999591e+02 6.200000000000000178e+00 4.684000000000000341e+01
-7.880499999999999545e+02 2.742999999999999972e+01 4.660000000000000142e+00
-7.884299999999999500e+02 4.182999999999999829e+01 2.607000000000000028e+01
-7.885800000000000409e+02 2.775000000000000000e+01 4.682999999999999829e+01
-7.884800000000000182e+02 9.560000000000000497e+00 4.795000000000000284e+01
-7.883400000000000318e+02 1.621999999999999886e+01 3.697999999999999687e+01
