-7.881000000000000227e+02 2.473000000000000043e+01 1.142999999999999972e+01
-7.879900000000000091e+02 1.910999999999999943e+01 1.150999999999999979e+01
-7.881299999999999955e+02 2.910000000000000142e+01 8.210000000000000853e+00
-7.883099999999999454e+02 2.585000000000000142e+01 1.141999999999999993e+01
-7.878300000000000409e+02 1.450999999999999979e+01 2.632999999999999829e+01
-7.879400000000000546e+02 3.270000000000000284e+01 0.000000000000000000e+00
-7.884099999999999682e+02 2.123000000000000043e+01 3.882000000000000028e+01
-7.878899999999999864e+02 1.619999999999999929e+01 3.108999999999999986e+01
-7.882500000000000000e+02 3.328999999999999915e+01 3.779999999999999805e+00
-7.883200000000000500e+02 2.228000000000000114e+01 2.612999999999999901e+01
-7.878200000000000500e+02 2.810000000000000142e+01 0.000000000000000000e+00
-7.876900000000000546e+02 1.306000000000000050e+01 2.519999999999999929e+01
-7.882400000000000091e+02 1.939999999999999858e+01 2.939000000000000057e+01
-7.878400000000000318e+02 2.380000000000000071e+01 4.089999999999999858e+00
-7.880199999999999818e+02 1.728000000000000114e+01 1.673999999999999844e+01
-7.886000000000000227e+02 3.128000000000000114e+01 4.653999999999999915e+01
-7.881100000000000136e+02 3.243999999999999773e+01 3.700000000000000178e+00
-7.883799999999999955e+02 4.007999999999999829e+01 2.601999999999999957e+01
-7.882200000000000273e+02 3.709000000000000341e+01 1.020000000000000018e+00
-7.884199999999999591e+02 5.799999999999999600e-01 4.839000000000000057e+01
-7.884099999999999682e+02 2.567999999999999972e+01 3.259000000000000341e+01
-7.883200000000000500e+02 1.366000000000000014e+01 3.126000000000000156e+01
-7.881900000000000546e+02 3.636999999999999744e+01 0.000000000000000000e+00
-7.882799999999999727e+02 2.985000000000000142e+01 7.969999999999999751e+00
-7.879700000000000273e+02 2.789000000000000057e+01 4.230000000000000426e+00
-7.877300000000000182e+02 1.555000000000000071e+01 2.087999999999999901e+01
-7.877899999999999636e+02 1.139000000000000057e+01 3.375999999999999801e+01
-7.880199999999999818e+02 2.289999999999999858e+01 8.060000000000000497e+00
-7.885800000000000409e+02 2.319000000000000128e+01 4.753000000000000114e+01
-7.882899999999999636e+02 5.519999999999999574e+00 4.196000000000000085e+01
-7.885399999999999636e+02 1.630999999999999872e+01 4.770000000000000284e+01
-7.884900000000000091e+02 4.997999999999999687e+01 2.603999999999999915e+01
-7.884400000000000546e+02 9.990000000000000213e+00 4.470000000000000284e+01
-7.878099999999999454e+02 2.105999999999999872e+01 8.349999999999999645e+00
-7.883200000000000500e+02 9.070000000000000284e+00 3.603999999999999915e+01
-7.884299999999999500e+02 1.544999999999999929e+01 4.210999999999999943e+01
-7.885900000000000318e+02 4.190999999999999659e+01 4.506000000000000227e+01
-7.883899999999999864e+02 3.238000000000000256e+01 2.894999999999999929e+01
-7.880700000000000500e+02 1.994999999999999929e+01 1.753999999999999915e+01
-7.877200000000000273e+02 2.146000000000000085e+01 5.990000000000000213e+00
-7.884299999999999500e+02 5.019999999999999574e+00 4.721999999999999886e+01
-7.883300000000000409e+02 2.269000000000000128e+01 1.550999999999999979e+01
-7.884700000000000273e+02 4.456000000000000227e+01 3.151000000000000156e+01
-7.879099999999999682e+02 1.705999999999999872e+01 3.007999999999999829e+01
-7.876900000000000546e+02 1.326999999999999957e+01 2.510000000000000142e+01
-7.884900000000000091e+02 4.453999999999999915e+01 4.142999999999999972e+01
-7.877699999999999818e+02 1.544999999999999929e+01 2.094000000000000128e+01
-7.878200000000000500e+02 1.178999999999999915e+01 3.215999999999999659e+01
-7.883200000000000500e+02 1.369999999999999929e+01 3.121000000000000085e+01
-7.885900000000000318e+02 3.141000000000000014e+01 4.625999999999999801e+01
-7.877000000000000455e+02 2.237000000000000099e+01 5.419999999999999929e+00
-7.882799999999999727e+02 1.733999999999999986e+01 3.119999999999999929e+01
-7.881399999999999864e+02 2.926999999999999957e+01 8.750000000000000000e+00
-7.884099999999999682e+02 8.399999999999999689e-01 4.821999999999999886e+01
-7.883999999999999773e+02 2.287000000000000099e+01 3.289000000000000057e+01
-7.884600000000000364e+02 9.890000000000000568e+00 4.643999999999999773e+01
-7.877899999999999636e+02 1.646999999999999886e+01 2.026999999999999957e+01
-7.880499999999999545e+02 2.594000000000000128e+01 6.459999999999999964e+00
-7.882200000000000273e+02 3.697999999999999687e+01 1.149999999999999911e+00
-7.883600000000000136e+02 5.990000000000000213e+00 4.236999999999999744e+01
-7.882899999999999636e+02 2.689999999999999858e+01 1.021000000000000085e+01
-7.880399999999999636e+02 1.885000000000000142e+01 1.626999999999999957e+01
-7.884600000000000364e+02 2.321000000000000085e+01 4.096000000000000085e+01
-7.878799999999999955e+02 2.483999999999999986e+01 6.459999999999999964e+00
-7.883500000000000227e+02 3.001000000000000156e+01 2.126999999999999957e+01
-7.883799999999999955e+02 1.653999999999999915e+01 3.881000000000000227e+01
-7.880599999999999454e+02 1.966000000000000014e+01 1.302999999999999936e+01
-7.885299999999999727e+02 1.701000000000000156e+01 4.757999999999999829e+01
-7.884500000000000455e+02 4.532000000000000028e+01 2.635999999999999943e+01
-7.885599999999999454e+02 4.568999999999999773e+01 4.478000000000000114e+01
-7.880800000000000409e+02 2.410999999999999943e+01 1.047000000000000064e+01
-7.881100000000000136e+02 3.098999999999999844e+01 5.349999999999999645e+00
-7.878600000000000136e+02 3.166000000000000014e+01 0.000000000000000000e+00
-7.878500000000000227e+02 2.280999999999999872e+01 4.669999999999999929e+00
-7.884199999999999591e+02 6.200000000000000178e+00 4.684000000000000341e+01
-7.885499999999999545e+02 2.589000000000000057e+01 4.554999999999999716e+01
-7.877000000000000455e+02 1.385999999999999943e+01 2.455999999999999872e+01
-7.878400000000000318e+02 2.776000000000000156e+01 1.399999999999999911e+00
-7.883200000000000500e+02 9.580000000000000071e+00 3.564999999999999858e+01
-7.878099999999999454e+02 2.107000000000000028e+01 8.330000000000000071e+00
-7.884800000000000182e+02 5.078999999999999915e+01 2.601999999999999957e+01
-7.882699999999999818e+02 2.841000000000000014e+01 8.830000000000000071e+00
-7.882500000000000000e+02 3.185000000000000142e+01 4.610000000000000320e+00
-7.884600000000000364e+02 5.078000000000000114e+01 2.601999999999999957e+01
-7.880599999999999454e+02 2.266000000000000014e+01 1.044999999999999929e+01
-7.885800000000000409e+02 2.328999999999999915e+01 4.750000000000000000e+01
-7.882599999999999909e+02 3.092000000000000171e+01 5.650000000000000355e+00
-7.883500000000000227e+02 1.561999999999999922e+01 3.229999999999999716e+01
-7.877999999999999545e+02 1.566999999999999993e+01 2.105000000000000071e+01
-7.882500000000000000e+02 2.112000000000000099e+01 2.782000000000000028e+01
-7.884700000000000273e+02 2.512999999999999901e+01 4.096999999999999886e+01
-7.884099999999999682e+02 3.597999999999999687e+01 2.621000000000000085e+01
-7.881100000000000136e+02 2.969000000000000128e+01 6.480000000000000426e+00
-7.880700000000000500e+02 3.126999999999999957e+01 3.910000000000000142e+00
-7.880199999999999818e+02 1.739000000000000057e+01 1.358999999999999986e+01
-7.877899999999999636e+02 1.667999999999999972e+01 1.978000000000000114e+01
-7.882200000000000273e+02 3.392000000000000171e+01 2.350000000000000089e+00
-7.877999999999999545e+02 1.141000000000000014e+01 3.421000000000000085e+01
-7.878500000000000227e+02 1.438000000000000078e+01 3.057999999999999829e+01
-7.878500000000000227e+02 2.376000000000000156e+01 4.259999999999999787e+00
-7.883099999999999454e+02 2.123999999999999844e+01 1.685999999999999943e+01
-7.880900000000000318e+02 2.480999999999999872e+01 1.013000000000000078e+01
-7.882400000000000091e+02 3.353000000000000114e+01 2.779999999999999805e+00
-7.880299999999999727e+02 3.183999999999999986e+01 1.060000000000000053e+00
-7.885199999999999818e+02 2.760999999999999943e+01 4.349000000000000199e+01
-7.882999999999999545e+02 2.483999999999999986e+01 1.258000000000000007e+01
-7.879099999999999682e+02 1.635000000000000142e+01 3.033999999999999986e+01
-7.883400000000000318e+02 2.319000000000000128e+01 2.992999999999999972e+01
-7.880499999999999545e+02 2.717000000000000171e+01 4.950000000000000178e+00
-7.883400000000000318e+02 6.290000000000000036e+00 4.184000000000000341e+01
-7.884199999999999591e+02 3.789000000000000057e+01 3.472999999999999687e+01
-7.883300000000000409e+02 9.539999999999999147e+00 3.588000000000000256e+01
-7.885800000000000409e+02 4.121999999999999886e+01 4.517000000000000171e+01
-7.880499999999999545e+02 1.914000000000000057e+01 1.833999999999999986e+01
-7.884500000000000455e+02 5.139999999999999680e+00 4.817000000000000171e+01
-7.885199999999999818e+02 1.451999999999999957e+01 4.775999999999999801e+01
-7.884299999999999500e+02 1.360000000000000098e+00 4.821000000000000085e+01
-7.883600000000000136e+02 1.340000000000000036e+01 3.934000000000000341e+01
-7.884199999999999591e+02 1.200000000000000000e+01 4.296999999999999886e+01
-7.878400000000000318e+02 2.817000000000000171e+01 0.000000000000000000e+00
-7.878300000000000409e+02 2.150000000000000000e+01 8.259999999999999787e+00
-7.880000000000000000e+02 3.452000000000000313e+01 0.000000000000000000e+00
-7.883400000000000318e+02 5.889999999999999680e+00 4.192000000000000171e+01
-7.883600000000000136e+02 1.676999999999999957e+01 3.879999999999999716e+01
-7.884900000000000091e+02 3.114000000000000057e+01 4.282000000000000028e+01
-7.884800000000000182e+02 2.421000000000000085e+01 4.175000000000000000e+01
-7.876900000000000546e+02 1.434999999999999964e+01 2.362000000000000099e+01
-7.884800000000000182e+02 2.130000000000000071e+01 4.671000000000000085e+01
