-7.877300000000000182e+02 1.555000000000000071e+01 2.087999999999999901e+01
-7.883200000000000500e+02 1.348000000000000043e+01 3.180999999999999872e+01
-7.878099999999999454e+02 2.105999999999999872e+01 8.349999999999999645e+00
-7.880900000000000318e+02 2.444999999999999929e+01 1.158000000000000007e+01
-7.879900000000000091e+02 1.910999999999999943e+01 1.150999999999999979e+01
-7.884099999999999682e+02 4.029999999999999716e+01 2.603000000000000114e+01
-7.878899999999999864e+02 1.619999999999999929e+01 3.108999999999999986e+01
-7.881900000000000546e+02 3.636999999999999744e+01 0.000000000000000000e+00
-7.884900000000000091e+02 4.847999999999999687e+01 2.630999999999999872e+01
-7.884099999999999682e+02 2.123000000000000043e+01 3.882000000000000028e+01
-7.882799999999999727e+02 2.985000000000000142e+01 7.969999999999999751e+00
-7.884400000000000546e+02 9.990000000000000213e+00 4.470000000000000284e+01
-7.883899999999999864e+02 3.238000000000000256e+01 2.894999999999999929e+01
-7.878300000000000409e+02 1.450999999999999979e+01 2.632999999999999829e+01
-7.884299999999999500e+02 5.019999999999999574e+00 4.721999999999999886e+01
-7.882899999999999636e+02 5.519999999999999574e+00 4.196000000000000085e+01
-7.886000000000000227e+02 3.128000000000000114e+01 4.653999999999999915e+01
-7.885800000000000409e+02 2.319000000000000128e+01 4.753000000000000114e+01
-7.883099999999999454e+02 2.585000000000000142e+01 1.141999999999999993e+01
-7.881299999999999955e+02 2.903999999999999915e+01 8.439999999999999503e+00
-7.883300000000000409e+02 2.269000000000000128e+01 1.550999999999999979e+01
-7.884199999999999591e+02 1.553999999999999915e+01 4.200000000000000000e+01
-7.885900000000000318e+02 4.190999999999999659e+01 4.506000000000000227e+01
-7.880199999999999818e+02 2.289999999999999858e+01 8.060000000000000497e+00
-7.884700000000000273e+02 4.456000000000000227e+01 3.151000000000000156e+01
-7.883200000000000500e+02 9.070000000000000284e+00 3.603999999999999915e+01
-7.883200000000000500e+02 2.228000000000000114e+01 2.612999999999999901e+01
-7.876900000000000546e+02 1.306000000000000050e+01 2.519999999999999929e+01
-7.880000000000000000e+02 2.751999999999999957e+01 3.629999999999999893e+00
-7.882500000000000000e+02 1.919000000000000128e+01 2.958999999999999986e+01
-7.877200000000000273e+02 2.146000000000000085e+01 5.990000000000000213e+00
-7.882500000000000000e+02 3.328999999999999915e+01 3.779999999999999805e+00
-7.877899999999999636e+02 1.139000000000000057e+01 3.375999999999999801e+01
-7.878200000000000500e+02 2.810000000000000142e+01 0.000000000000000000e+00
-7.878400000000000318e+02 2.328000000000000114e+01 3.549999999999999822e+00
-7.882200000000000273e+02 3.709000000000000341e+01 1.020000000000000018e+00
-7.881100000000000136e+02 3.207999999999999829e+01 4.379999999999999893e+00
-7.885399999999999636e+02 1.630999999999999872e+01 4.770000000000000284e+01
-7.880199999999999818e+02 1.728000000000000114e+01 1.673999999999999844e+01
-7.884099999999999682e+02 2.567999999999999972e+01 3.259000000000000341e+01
-7.880700000000000500e+02 1.994999999999999929e+01 1.753999999999999915e+01
-7.879400000000000546e+02 3.270000000000000284e+01 0.000000000000000000e+00
-7.884199999999999591e+02 5.699999999999999512e-01 4.840999999999999659e+01
-7.884299999999999500e+02 2.573000000000000043e+01 3.977000000000000313e+01
-7.884400000000000546e+02 5.799999999999999822e+00 4.764999999999999858e+01
-7.876900000000000546e+02 1.326999999999999957e+01 2.510000000000000142e+01
-7.878300000000000409e+02 2.185000000000000142e+01 7.370000000000000107e+00
-7.882200000000000273e+02 3.697999999999999687e+01 1.149999999999999911e+00
-7.883200000000000500e+02 2.319000000000000128e+01 1.450999999999999979e+01
-7.880700000000000500e+02 1.992999999999999972e+01 1.800000000000000000e+01
-7.884199999999999591e+02 3.311999999999999744e+01 3.765999999999999659e+01
-7.884800000000000182e+02 5.078999999999999915e+01 2.601999999999999957e+01
-7.884400000000000546e+02 4.271999999999999886e+01 2.608999999999999986e+01
-7.882599999999999909e+02 3.066000000000000014e+01 5.929999999999999716e+00
-7.879099999999999682e+02 1.635000000000000142e+01 3.033999999999999986e+01
-7.877000000000000455e+02 2.237000000000000099e+01 5.419999999999999929e+00
-7.880000000000000000e+02 1.791000000000000014e+01 1.544999999999999929e+01
-7.884900000000000091e+02 2.807999999999999829e+01 4.142000000000000171e+01
-7.883400000000000318e+02 6.290000000000000036e+00 4.184000000000000341e+01
-7.882999999999999545e+02 2.483999999999999986e+01 1.258000000000000007e+01
-7.882500000000000000e+02 3.185000000000000142e+01 4.610000000000000320e+00
-7.881100000000000136e+02 3.098999999999999844e+01 5.349999999999999645e+00
-7.885499999999999545e+02 2.589000000000000057e+01 4.554999999999999716e+01
-7.885800000000000409e+02 4.121999999999999886e+01 4.517000000000000171e+01
-7.882400000000000091e+02 1.939999999999999858e+01 2.939000000000000057e+01
-7.885099999999999909e+02 1.386999999999999922e+01 4.767999999999999972e+01
-7.877599999999999909e+02 1.676999999999999957e+01 1.892000000000000171e+01
-7.878600000000000136e+02 2.966000000000000014e+01 8.000000000000000167e-02
-7.883300000000000409e+02 1.028999999999999915e+01 3.577000000000000313e+01
-7.880499999999999545e+02 2.423000000000000043e+01 1.151999999999999957e+01
-7.883799999999999955e+02 3.300000000000000000e+01 2.550000000000000000e+01
-7.877400000000000091e+02 2.269999999999999929e+01 4.410000000000000142e+00
-7.880000000000000000e+02 2.076999999999999957e+01 1.126999999999999957e+01
-7.883200000000000500e+02 1.366000000000000014e+01 3.126000000000000156e+01
-7.883799999999999955e+02 1.598000000000000043e+01 3.928999999999999915e+01
-7.877999999999999545e+02 1.140000000000000036e+01 3.343999999999999773e+01
-7.880299999999999727e+02 3.183999999999999986e+01 1.060000000000000053e+00
-7.884099999999999682e+02 8.399999999999999689e-01 4.821999999999999886e+01
-7.880199999999999818e+02 2.301999999999999957e+01 7.940000000000000391e+00
-7.884299999999999500e+02 9.009999999999999787e+00 4.465999999999999659e+01
-7.881200000000000045e+02 2.939000000000000057e+01 7.450000000000000178e+00
-7.878300000000000409e+02 1.648999999999999844e+01 2.582000000000000028e+01
-7.880499999999999545e+02 2.717000000000000171e+01 4.950000000000000178e+00
-7.884600000000000364e+02 5.078000000000000114e+01 2.601999999999999957e+01
-7.884800000000000182e+02 1.441999999999999993e+01 4.625999999999999801e+01
-7.884199999999999591e+02 3.378000000000000114e+01 3.759000000000000341e+01
-7.877500000000000000e+02 2.246999999999999886e+01 4.730000000000000426e+00
-7.883200000000000500e+02 1.369999999999999929e+01 3.121000000000000085e+01
-7.884299999999999500e+02 1.360000000000000098e+00 4.821000000000000085e+01
-7.880399999999999636e+02 2.635999999999999943e+01 5.839999999999999858e+00
-7.878600000000000136e+02 2.651999999999999957e+01 2.669999999999999929e+00
-7.883300000000000409e+02 5.879999999999999893e+00 4.450999999999999801e+01
-7.884800000000000182e+02 4.646999999999999886e+01 3.007000000000000028e+01
-7.882500000000000000e+02 2.112000000000000099e+01 2.782000000000000028e+01
-7.884199999999999591e+02 7.950000000000000178e+00 4.474000000000000199e+01
-7.882599999999999909e+02 3.092000000000000171e+01 5.650000000000000355e+00
-7.885599999999999454e+02 2.278000000000000114e+01 4.696000000000000085e+01
-7.882200000000000273e+02 3.392000000000000171e+01 2.350000000000000089e+00
-7.878200000000000500e+02 1.178999999999999915e+01 3.215999999999999659e+01
-7.883300000000000409e+02 9.539999999999999147e+00 3.588000000000000256e+01
-7.880399999999999636e+02 1.862000000000000099e+01 1.563000000000000078e+01
-7.882999999999999545e+02 2.494999999999999929e+01 1.248000000000000043e+01
-7.881299999999999955e+02 2.926999999999999957e+01 7.679999999999999716e+00
-7.884199999999999591e+02 4.700000000000000178e+00 4.642000000000000171e+01
-7.882300000000000182e+02 3.332999999999999829e+01 3.759999999999999787e+00
-7.877899999999999636e+02 2.176000000000000156e+01 6.530000000000000249e+00
-7.879099999999999682e+02 1.705999999999999872e+01 3.007999999999999829e+01
-7.885199999999999818e+02 3.066000000000000014e+01 4.307999999999999829e+01
-7.877799999999999727e+02 1.366000000000000014e+01 2.976999999999999957e+01
-7.885299999999999727e+02 1.701000000000000156e+01 4.757999999999999829e+01
-7.880900000000000318e+02 2.480999999999999872e+01 1.013000000000000078e+01
-7.883099999999999454e+02 2.123999999999999844e+01 1.685999999999999943e+01
-7.884400000000000546e+02 2.026999999999999957e+01 4.200999999999999801e+01
-7.876900000000000546e+02 1.434999999999999964e+01 2.362000000000000099e+01
-7.880199999999999818e+02 3.062999999999999901e+01 2.180000000000000160e+00
-7.880800000000000409e+02 2.967999999999999972e+01 4.480000000000000426e+00
-7.877899999999999636e+02 1.646999999999999886e+01 2.026999999999999957e+01
-7.880599999999999454e+02 2.082000000000000028e+01 1.176999999999999957e+01
-7.884199999999999591e+02 3.789000000000000057e+01 3.472999999999999687e+01
-7.885900000000000318e+02 4.106000000000000227e+01 4.557000000000000028e+01
-7.880199999999999818e+02 2.296999999999999886e+01 8.009999999999999787e+00
-7.880700000000000500e+02 2.462000000000000099e+01 9.140000000000000568e+00
-7.880299999999999727e+02 1.733999999999999986e+01 1.769999999999999929e+01
-7.885599999999999454e+02 4.568999999999999773e+01 4.478000000000000114e+01
-7.880499999999999545e+02 2.594000000000000128e+01 6.459999999999999964e+00
-7.882500000000000000e+02 1.866000000000000014e+01 3.001000000000000156e+01
-7.880000000000000000e+02 3.452000000000000313e+01 0.000000000000000000e+00
-7.882899999999999636e+02 1.188000000000000078e+01 3.475999999999999801e+01
