-7.885900000000000318e+02 4.190999999999999659e+01 4.506000000000000227e+01
-7.883300000000000409e+02 2.269000000000000128e+01 1.550999999999999979e+01
-7.882799999999999727e+02 2.985000000000000142e+01 7.969999999999999751e+00
-7.880099999999999909e+02 2.305999999999999872e+01 8.050000000000000711e+00
-7.882200000000000273e+02 3.709000000000000341e+01 1.020000000000000018e+00
-7.877899999999999636e+02 1.139000000000000057e+01 3.375999999999999801e+01
-7.884099999999999682e+02 2.123000000000000043e+01 3.882000000000000028e+01
-7.882500000000000000e+02 3.328999999999999915e+01 3.779999999999999805e+00
-7.880199999999999818e+02 1.728000000000000114e+01 1.673999999999999844e+01
-7.878099999999999454e+02 2.105999999999999872e+01 8.349999999999999645e+00
-7.879099999999999682e+02 1.635000000000000142e+01 3.033999999999999986e+01
-7.881299999999999955e+02 2.903999999999999915e+01 8.439999999999999503e+00
-7.878300000000000409e+02 1.450999999999999979e+01 2.632999999999999829e+01
-7.877300000000000182e+02 1.555000000000000071e+01 2.087999999999999901e+01
-7.885399999999999636e+02 1.630999999999999872e+01 4.770000000000000284e+01
-7.881900000000000546e+02 3.636999999999999744e+01 0.000000000000000000e+00
-7.885800000000000409e+02 2.319000000000000128e+01 4.753000000000000114e+01
-7.883099999999999454e+02 1.376999999999999957e+01 3.096000000000000085e+01
-7.876900000000000546e+02 1.306000000000000050e+01 2.519999999999999929e+01
-7.878200000000000500e+02 2.810000000000000142e+01 0.000000000000000000e+00
-7.879400000000000546e+02 3.270000000000000284e+01 0.000000000000000000e+00
-7.880800000000000409e+02 2.342999999999999972e+01 1.289000000000000057e+01
-7.884400000000000546e+02 9.990000000000000213e+00 4.470000000000000284e+01
-7.884299999999999500e+02 5.019999999999999574e+00 4.721999999999999886e+01
-7.883099999999999454e+02 2.585000000000000142e+01 1.141999999999999993e+01
-7.886000000000000227e+02 3.128000000000000114e+01 4.653999999999999915e+01
-7.884099999999999682e+02 2.567999999999999972e+01 3.259000000000000341e+01
-7.877200000000000273e+02 2.146000000000000085e+01 5.990000000000000213e+00
-7.882400000000000091e+02 1.907999999999999829e+01 2.964000000000000057e+01
-7.884099999999999682e+02 3.993999999999999773e+01 2.603000000000000114e+01
-7.881100000000000136e+02 3.207999999999999829e+01 4.379999999999999893e+00
-7.884199999999999591e+02 5.699999999999999512e-01 4.840999999999999659e+01
-7.883899999999999864e+02 3.238000000000000256e+01 2.894999999999999929e+01
-7.884199999999999591e+02 1.553999999999999915e+01 4.200000000000000000e+01
-7.884700000000000273e+02 4.456000000000000227e+01 3.151000000000000156e+01
-7.883300000000000409e+02 5.509999999999999787e+00 4.192999999999999972e+01
-7.883200000000000500e+02 2.228000000000000114e+01 2.612999999999999901e+01
-7.880700000000000500e+02 1.994999999999999929e+01 1.753999999999999915e+01
-7.880000000000000000e+02 1.923999999999999844e+01 1.152999999999999936e+01
-7.878400000000000318e+02 2.328000000000000114e+01 3.549999999999999822e+00
-7.884900000000000091e+02 4.847999999999999687e+01 2.630999999999999872e+01
-7.883200000000000500e+02 9.070000000000000284e+00 3.603999999999999915e+01
-7.880000000000000000e+02 2.726999999999999957e+01 3.850000000000000089e+00
-7.885299999999999727e+02 1.701000000000000156e+01 4.757999999999999829e+01
-7.877000000000000455e+02 2.237000000000000099e+01 5.419999999999999929e+00
-7.882999999999999545e+02 2.483999999999999986e+01 1.258000000000000007e+01
-7.884199999999999591e+02 3.774000000000000199e+01 3.459000000000000341e+01
-7.883700000000000045e+02 1.583000000000000007e+01 3.903000000000000114e+01
-7.877400000000000091e+02 2.269999999999999929e+01 4.410000000000000142e+00
-7.880499999999999545e+02 2.628000000000000114e+01 9.099999999999999645e+00
-7.885599999999999454e+02 2.269000000000000128e+01 4.689000000000000057e+01
-7.880199999999999818e+02 2.289999999999999858e+01 8.060000000000000497e+00
-7.884099999999999682e+02 8.399999999999999689e-01 4.821999999999999886e+01
-7.883400000000000318e+02 4.849999999999999645e+00 4.227000000000000313e+01
-7.884800000000000182e+02 4.646999999999999886e+01 3.007000000000000028e+01
-7.877899999999999636e+02 1.308999999999999986e+01 3.142999999999999972e+01
-7.876900000000000546e+02 1.326999999999999957e+01 2.510000000000000142e+01
-7.880599999999999454e+02 2.082000000000000028e+01 1.176999999999999957e+01
-7.882400000000000091e+02 1.939999999999999858e+01 2.939000000000000057e+01
-7.879900000000000091e+02 2.894999999999999929e+01 3.350000000000000089e+00
-7.884800000000000182e+02 5.078999999999999915e+01 2.601999999999999957e+01
-7.884600000000000364e+02 4.153000000000000114e+01 4.125000000000000000e+01
-7.884400000000000546e+02 2.026999999999999957e+01 4.200999999999999801e+01
-7.883300000000000409e+02 9.539999999999999147e+00 3.588000000000000256e+01
-7.884299999999999500e+02 9.119999999999999218e+00 4.464000000000000057e+01
-7.878300000000000409e+02 2.185000000000000142e+01 7.370000000000000107e+00
-7.882599999999999909e+02 3.066000000000000014e+01 5.929999999999999716e+00
-7.882400000000000091e+02 3.303000000000000114e+01 4.219999999999999751e+00
-7.880399999999999636e+02 1.862000000000000099e+01 1.563000000000000078e+01
-7.880299999999999727e+02 1.746000000000000085e+01 1.556000000000000050e+01
-7.885099999999999909e+02 2.960000000000000142e+01 4.339000000000000057e+01
-7.877100000000000364e+02 1.514000000000000057e+01 2.280999999999999872e+01
-7.878400000000000318e+02 1.494999999999999929e+01 2.692000000000000171e+01
-7.882200000000000273e+02 3.697999999999999687e+01 1.149999999999999911e+00
-7.883200000000000500e+02 1.366000000000000014e+01 3.126000000000000156e+01
-7.883400000000000318e+02 2.433999999999999986e+01 3.202000000000000313e+01
-7.883999999999999773e+02 4.790000000000000036e+00 4.559000000000000341e+01
-7.880599999999999454e+02 2.432999999999999829e+01 1.161999999999999922e+01
-7.881100000000000136e+02 3.098999999999999844e+01 5.349999999999999645e+00
-7.878600000000000136e+02 2.982999999999999829e+01 4.000000000000000083e-02
-7.883099999999999454e+02 2.310000000000000142e+01 1.543999999999999950e+01
-7.878799999999999955e+02 3.218999999999999773e+01 0.000000000000000000e+00
-7.881100000000000136e+02 2.701000000000000156e+01 1.083000000000000007e+01
-7.877599999999999909e+02 1.676999999999999957e+01 1.892000000000000171e+01
-7.882999999999999545e+02 2.494999999999999929e+01 1.248000000000000043e+01
-7.882599999999999909e+02 3.092000000000000171e+01 5.650000000000000355e+00
-7.884199999999999591e+02 3.378000000000000114e+01 3.759000000000000341e+01
-7.883899999999999864e+02 8.130000000000000782e+00 4.318999999999999773e+01
-7.884299999999999500e+02 1.360000000000000098e+00 4.821000000000000085e+01
-7.879099999999999682e+02 1.637000000000000099e+01 2.867000000000000171e+01
-7.884600000000000364e+02 5.078000000000000114e+01 2.601999999999999957e+01
-7.883500000000000227e+02 1.297000000000000064e+01 3.660000000000000142e+01
-7.882200000000000273e+02 3.392000000000000171e+01 2.350000000000000089e+00
-7.882500000000000000e+02 3.185000000000000142e+01 4.610000000000000320e+00
-7.880000000000000000e+02 2.739999999999999858e+01 3.779999999999999805e+00
-7.877899999999999636e+02 2.176000000000000156e+01 6.530000000000000249e+00
-7.880700000000000500e+02 1.992999999999999972e+01 1.800000000000000000e+01
-7.877899999999999636e+02 1.173000000000000043e+01 3.307999999999999829e+01
-7.885499999999999545e+02 2.589000000000000057e+01 4.554999999999999716e+01
-7.881100000000000136e+02 3.026000000000000156e+01 5.790000000000000036e+00
-7.878600000000000136e+02 2.966000000000000014e+01 8.000000000000000167e-02
-7.883099999999999454e+02 1.000000000000000000e+01 3.572999999999999687e+01
-7.880099999999999909e+02 1.948000000000000043e+01 1.134999999999999964e+01
-7.884299999999999500e+02 3.692000000000000171e+01 3.867000000000000171e+01
-7.885599999999999454e+02 2.628000000000000114e+01 4.578999999999999915e+01
-7.878099999999999454e+02 2.294999999999999929e+01 6.469999999999999751e+00
-7.880299999999999727e+02 1.733999999999999986e+01 1.769999999999999929e+01
-7.883200000000000500e+02 1.912000000000000099e+01 2.942000000000000171e+01
-7.883799999999999955e+02 3.300000000000000000e+01 2.550000000000000000e+01
-7.880199999999999818e+02 3.062999999999999901e+01 2.180000000000000160e+00
-7.884700000000000273e+02 2.528999999999999915e+01 4.490999999999999659e+01
-7.884400000000000546e+02 4.271999999999999886e+01 2.608999999999999986e+01
-7.880700000000000500e+02 2.462000000000000099e+01 9.140000000000000568e+00
-7.883200000000000500e+02 1.305000000000000071e+01 3.335000000000000142e+01
-7.885399999999999636e+02 1.692999999999999972e+01 4.767000000000000171e+01
-7.880499999999999545e+02 2.423000000000000043e+01 1.151999999999999957e+01
-7.883099999999999454e+02 2.123999999999999844e+01 1.685999999999999943e+01
-7.883400000000000318e+02 6.290000000000000036e+00 4.184000000000000341e+01
-7.883700000000000045e+02 3.229999999999999982e+00 4.359000000000000341e+01
-7.878700000000000045e+02 2.871999999999999886e+01 9.599999999999999645e-01
-7.879099999999999682e+02 2.387999999999999901e+01 4.419999999999999929e+00
-7.883200000000000500e+02 2.151999999999999957e+01 2.660999999999999943e+01
-7.877799999999999727e+02 1.216000000000000014e+01 2.823999999999999844e+01
-7.881200000000000045e+02 2.939000000000000057e+01 7.450000000000000178e+00
-7.877899999999999636e+02 1.646999999999999886e+01 2.026999999999999957e+01
-7.880900000000000318e+02 2.362000000000000099e+01 1.433999999999999986e+01
-7.882500000000000000e+02 1.866000000000000014e+01 3.001000000000000156e+01
-7.885900000000000318e+02 4.043999999999999773e+01 4.567000000000000171e+01
