-7.883200000000000500e+02 6.240000000000000213e+00 4.081000000000000227e+01
-7.879400000000000546e+02 3.270000000000000284e+01 0.000000000000000000e+00
-7.883899999999999864e+02 3.238000000000000256e+01 2.894999999999999929e+01
-7.882300000000000182e+02 1.867999999999999972e+01 2.998999999999999844e+01
-7.883099999999999454e+02 2.585000000000000142e+01 1.141999999999999993e+01
-7.877899999999999636e+02 1.139000000000000057e+01 3.375999999999999801e+01
-7.882500000000000000e+02 3.328999999999999915e+01 3.779999999999999805e+00
-7.884299999999999500e+02 5.019999999999999574e+00 4.721999999999999886e+01
-7.883099999999999454e+02 1.376999999999999957e+01 3.096000000000000085e+01
-7.878200000000000500e+02 2.810000000000000142e+01 0.000000000000000000e+00
-7.884400000000000546e+02 9.970000000000000639e+00 4.467999999999999972e+01
-7.880800000000000409e+02 2.342999999999999972e+01 1.289000000000000057e+01
-7.877200000000000273e+02 2.146000000000000085e+01 5.990000000000000213e+00
-7.881299999999999955e+02 2.903999999999999915e+01 8.439999999999999503e+00
-7.876900000000000546e+02 1.300999999999999979e+01 2.557000000000000028e+01
-7.881299999999999955e+02 3.528000000000000114e+01 9.000000000000000222e-01
-7.880099999999999909e+02 2.305999999999999872e+01 8.050000000000000711e+00
-7.884199999999999591e+02 1.553999999999999915e+01 4.200000000000000000e+01
-7.878400000000000318e+02 2.319999999999999929e+01 3.689999999999999947e+00
-7.883200000000000500e+02 9.070000000000000284e+00 3.603999999999999915e+01
-7.885800000000000409e+02 2.258999999999999986e+01 4.757999999999999829e+01
-7.886000000000000227e+02 3.128000000000000114e+01 4.653999999999999915e+01
-7.884099999999999682e+02 2.567999999999999972e+01 3.259000000000000341e+01
-7.883300000000000409e+02 2.269000000000000128e+01 1.550999999999999979e+01
-7.880700000000000500e+02 1.994999999999999929e+01 1.753999999999999915e+01
-7.879099999999999682e+02 1.635000000000000142e+01 3.033999999999999986e+01
-7.885399999999999636e+02 1.610000000000000142e+01 4.782000000000000028e+01
-7.883200000000000500e+02 2.230999999999999872e+01 2.605000000000000071e+01
-7.878099999999999454e+02 2.105999999999999872e+01 8.349999999999999645e+00
-7.877300000000000182e+02 1.555000000000000071e+01 2.087999999999999901e+01
-7.884099999999999682e+02 2.123000000000000043e+01 3.882000000000000028e+01
-7.884199999999999591e+02 4.175999999999999801e+01 2.603999999999999915e+01
-7.884700000000000273e+02 4.456000000000000227e+01 3.151000000000000156e+01
-7.882200000000000273e+02 3.709000000000000341e+01 1.020000000000000018e+00
-7.880000000000000000e+02 2.726999999999999957e+01 3.850000000000000089e+00
-7.881100000000000136e+02 3.207999999999999829e+01 4.379999999999999893e+00
-7.884900000000000091e+02 4.854999999999999716e+01 2.619999999999999929e+01
-7.880199999999999818e+02 1.728000000000000114e+01 1.673999999999999844e+01
-7.885900000000000318e+02 4.190999999999999659e+01 4.506000000000000227e+01
-7.880000000000000000e+02 1.923999999999999844e+01 1.152999999999999936e+01
-7.882799999999999727e+02 2.985000000000000142e+01 7.969999999999999751e+00
-7.884199999999999591e+02 5.699999999999999512e-01 4.840999999999999659e+01
-7.878400000000000318e+02 1.494999999999999929e+01 2.637000000000000099e+01
-7.880299999999999727e+02 2.057000000000000028e+01 1.121000000000000085e+01
-7.885399999999999636e+02 1.692999999999999972e+01 4.767000000000000171e+01
-7.878600000000000136e+02 2.966000000000000014e+01 8.000000000000000167e-02
-7.877899999999999636e+02 1.173000000000000043e+01 3.307999999999999829e+01
-7.878400000000000318e+02 2.328000000000000114e+01 3.549999999999999822e+00
-7.879099999999999682e+02 1.637000000000000099e+01 2.867000000000000171e+01
-7.883500000000000227e+02 1.194999999999999929e+01 3.682999999999999829e+01
-7.881100000000000136e+02 3.098999999999999844e+01 5.349999999999999645e+00
-7.884099999999999682e+02 3.993999999999999773e+01 2.603000000000000114e+01
-7.883400000000000318e+02 4.849999999999999645e+00 4.227000000000000313e+01
-7.883200000000000500e+02 2.228000000000000114e+01 2.612999999999999901e+01
-7.880299999999999727e+02 1.733999999999999986e+01 1.769999999999999929e+01
-7.880499999999999545e+02 2.882999999999999829e+01 4.360000000000000320e+00
-7.879800000000000182e+02 3.436999999999999744e+01 0.000000000000000000e+00
-7.882200000000000273e+02 3.392000000000000171e+01 2.350000000000000089e+00
-7.882400000000000091e+02 3.388000000000000256e+01 2.399999999999999911e+00
-7.885000000000000000e+02 1.933999999999999986e+01 4.545000000000000284e+01
-7.880000000000000000e+02 2.221999999999999886e+01 8.130000000000000782e+00
-7.883899999999999864e+02 1.687999999999999901e+01 3.750000000000000000e+01
-7.880900000000000318e+02 2.308999999999999986e+01 1.469999999999999929e+01
-7.883700000000000045e+02 8.679999999999999716e+00 4.260000000000000142e+01
-7.879199999999999591e+02 1.676999999999999957e+01 2.992999999999999972e+01
-7.884299999999999500e+02 5.959999999999999964e+00 4.689000000000000057e+01
-7.883200000000000500e+02 2.296000000000000085e+01 1.480000000000000071e+01
-7.881200000000000045e+02 2.939000000000000057e+01 7.450000000000000178e+00
-7.876900000000000546e+02 1.306000000000000050e+01 2.519999999999999929e+01
-7.883799999999999955e+02 3.017000000000000171e+01 2.964999999999999858e+01
-7.882999999999999545e+02 2.494999999999999929e+01 1.248000000000000043e+01
-7.883200000000000500e+02 1.366000000000000014e+01 3.126000000000000156e+01
-7.884900000000000091e+02 5.049000000000000199e+01 2.603000000000000114e+01
-7.883300000000000409e+02 1.080000000000000071e+01 3.745000000000000284e+01
-7.883999999999999773e+02 2.678000000000000114e+01 3.125000000000000000e+01
-7.880599999999999454e+02 1.957999999999999829e+01 1.883999999999999986e+01
-7.885900000000000318e+02 2.701999999999999957e+01 4.671000000000000085e+01
-7.881799999999999500e+02 2.110999999999999943e+01 2.791000000000000014e+01
-7.877000000000000455e+02 2.237000000000000099e+01 5.419999999999999929e+00
-7.882599999999999909e+02 3.092000000000000171e+01 5.650000000000000355e+00
-7.885700000000000500e+02 4.050999999999999801e+01 4.478999999999999915e+01
-7.884299999999999500e+02 1.360000000000000098e+00 4.821000000000000085e+01
-7.878400000000000318e+02 2.250000000000000000e+01 7.870000000000000107e+00
-7.877599999999999909e+02 1.676999999999999957e+01 1.892000000000000171e+01
-7.883200000000000500e+02 2.228999999999999915e+01 2.608999999999999986e+01
-7.877400000000000091e+02 1.451999999999999957e+01 2.251999999999999957e+01
-7.883300000000000409e+02 1.892999999999999972e+01 2.953999999999999915e+01
-7.884700000000000273e+02 1.118999999999999950e+01 4.663000000000000256e+01
-7.885599999999999454e+02 2.269000000000000128e+01 4.689000000000000057e+01
-7.884600000000000364e+02 2.050000000000000000e+01 4.225999999999999801e+01
-7.885299999999999727e+02 1.596000000000000085e+01 4.714000000000000057e+01
-7.878799999999999955e+02 3.218999999999999773e+01 0.000000000000000000e+00
-7.882899999999999636e+02 2.167999999999999972e+01 1.633999999999999986e+01
-7.884600000000000364e+02 5.830000000000000071e+00 4.834000000000000341e+01
-7.884099999999999682e+02 8.399999999999999689e-01 4.821999999999999886e+01
-7.880900000000000318e+02 2.362000000000000099e+01 1.433999999999999986e+01
-7.880800000000000409e+02 2.644000000000000128e+01 7.240000000000000213e+00
-7.882999999999999545e+02 1.153999999999999915e+01 3.475999999999999801e+01
-7.878300000000000409e+02 1.450999999999999979e+01 2.632999999999999829e+01
-7.876900000000000546e+02 1.326999999999999957e+01 2.510000000000000142e+01
-7.880299999999999727e+02 1.746000000000000085e+01 1.556000000000000050e+01
-7.884099999999999682e+02 1.782000000000000028e+01 4.060999999999999943e+01
-7.884500000000000455e+02 4.600999999999999801e+01 2.621999999999999886e+01
-7.882500000000000000e+02 3.185000000000000142e+01 4.610000000000000320e+00
-7.878600000000000136e+02 2.982999999999999829e+01 4.000000000000000083e-02
-7.877899999999999636e+02 1.308999999999999986e+01 3.142999999999999972e+01
-7.883400000000000318e+02 5.410000000000000142e+00 4.189999999999999858e+01
-7.885299999999999727e+02 4.610999999999999943e+01 4.286999999999999744e+01
-7.877799999999999727e+02 2.260000000000000142e+01 6.400000000000000355e+00
-7.884199999999999591e+02 3.158999999999999986e+01 3.795000000000000284e+01
-7.884299999999999500e+02 4.175000000000000000e+01 3.864000000000000057e+01
-7.882200000000000273e+02 3.697999999999999687e+01 1.149999999999999911e+00
-7.879900000000000091e+02 2.894999999999999929e+01 3.350000000000000089e+00
-7.882999999999999545e+02 2.483999999999999986e+01 1.258000000000000007e+01
-7.882599999999999909e+02 3.066000000000000014e+01 5.929999999999999716e+00
-7.880900000000000318e+02 2.255999999999999872e+01 1.550000000000000000e+01
-7.883200000000000500e+02 9.980000000000000426e+00 3.585000000000000142e+01
-7.880800000000000409e+02 2.351999999999999957e+01 9.509999999999999787e+00
-7.884900000000000091e+02 4.847999999999999687e+01 2.630999999999999872e+01
-7.880099999999999909e+02 2.019000000000000128e+01 1.034999999999999964e+01
-7.882000000000000455e+02 3.083999999999999986e+01 5.719999999999999751e+00
-7.885599999999999454e+02 2.628000000000000114e+01 4.578999999999999915e+01
-7.877899999999999636e+02 2.176000000000000156e+01 6.530000000000000249e+00
-7.877999999999999545e+02 1.113000000000000078e+01 3.450000000000000000e+01
-7.880900000000000318e+02 2.246999999999999886e+01 1.628000000000000114e+01
-7.883600000000000136e+02 3.345000000000000284e+01 2.876999999999999957e+01
-7.878300000000000409e+02 2.189999999999999858e+01 7.219999999999999751e+00
-7.882599999999999909e+02 2.039999999999999858e+01 2.876999999999999957e+01
