-7.884900000000000091e+02 4.854999999999999716e+01 2.619999999999999929e+01
-7.877200000000000273e+02 2.146000000000000085e+01 5.990000000000000213e+00
-7.884199999999999591e+02 5.699999999999999512e-01 4.840999999999999659e+01
-7.876900000000000546e+02 1.300999999999999979e+01 2.557000000000000028e+01
-7.884199999999999591e+02 4.175999999999999801e+01 2.603999999999999915e+01
-7.882300000000000182e+02 1.867999999999999972e+01 2.998999999999999844e+01
-7.884099999999999682e+02 2.123000000000000043e+01 3.882000000000000028e+01
-7.883200000000000500e+02 2.250000000000000000e+01 2.592000000000000171e+01
-7.883799999999999955e+02 3.182999999999999829e+01 2.814000000000000057e+01
-7.883099999999999454e+02 2.585000000000000142e+01 1.141999999999999993e+01
-7.883099999999999454e+02 1.351999999999999957e+01 3.117999999999999972e+01
-7.886000000000000227e+02 3.128000000000000114e+01 4.653999999999999915e+01
-7.878200000000000500e+02 2.810000000000000142e+01 0.000000000000000000e+00
-7.878400000000000318e+02 1.494999999999999929e+01 2.637000000000000099e+01
-7.884400000000000546e+02 9.970000000000000639e+00 4.467999999999999972e+01
-7.880900000000000318e+02 2.410999999999999943e+01 1.243999999999999950e+01
-7.878500000000000227e+02 2.319999999999999929e+01 3.649999999999999911e+00
-7.885800000000000409e+02 2.258999999999999986e+01 4.757999999999999829e+01
-7.883200000000000500e+02 5.870000000000000107e+00 4.115999999999999659e+01
-7.882799999999999727e+02 2.985000000000000142e+01 7.969999999999999751e+00
-7.877799999999999727e+02 1.165000000000000036e+01 3.359000000000000341e+01
-7.883200000000000500e+02 9.070000000000000284e+00 3.603999999999999915e+01
-7.881299999999999955e+02 3.817999999999999972e+01 0.000000000000000000e+00
-7.881100000000000136e+02 3.207999999999999829e+01 4.379999999999999893e+00
-7.883300000000000409e+02 2.269000000000000128e+01 1.550999999999999979e+01
-7.882500000000000000e+02 3.328999999999999915e+01 3.779999999999999805e+00
-7.880099999999999909e+02 2.305999999999999872e+01 8.050000000000000711e+00
-7.884199999999999591e+02 1.553999999999999915e+01 4.200000000000000000e+01
-7.885399999999999636e+02 1.610000000000000142e+01 4.782000000000000028e+01
-7.881299999999999955e+02 2.892999999999999972e+01 8.580000000000000071e+00
-7.884299999999999500e+02 4.860000000000000320e+00 4.720000000000000284e+01
-7.880000000000000000e+02 2.726999999999999957e+01 3.850000000000000089e+00
-7.884700000000000273e+02 4.456000000000000227e+01 3.151000000000000156e+01
-7.877300000000000182e+02 1.555000000000000071e+01 2.087999999999999901e+01
-7.880199999999999818e+02 1.728000000000000114e+01 1.673999999999999844e+01
-7.880000000000000000e+02 1.923999999999999844e+01 1.152999999999999936e+01
-7.885900000000000318e+02 4.190999999999999659e+01 4.506000000000000227e+01
-7.880800000000000409e+02 2.082999999999999829e+01 1.832000000000000028e+01
-7.884099999999999682e+02 2.567999999999999972e+01 3.259000000000000341e+01
-7.879400000000000546e+02 3.270000000000000284e+01 0.000000000000000000e+00
-7.878099999999999454e+02 2.105999999999999872e+01 8.349999999999999645e+00
-7.879099999999999682e+02 1.635000000000000142e+01 3.033999999999999986e+01
-7.882599999999999909e+02 3.066000000000000014e+01 5.929999999999999716e+00
-7.885199999999999818e+02 4.340999999999999659e+01 4.221000000000000085e+01
-7.880900000000000318e+02 3.123999999999999844e+01 4.419999999999999929e+00
-7.884900000000000091e+02 1.391000000000000014e+01 4.675000000000000000e+01
-7.878799999999999955e+02 3.218999999999999773e+01 0.000000000000000000e+00
-7.883899999999999864e+02 3.116000000000000014e+01 2.850000000000000000e+01
-7.883799999999999955e+02 2.279999999999999805e+00 4.707000000000000028e+01
-7.878300000000000409e+02 2.191000000000000014e+01 7.179999999999999716e+00
-7.880199999999999818e+02 1.978000000000000114e+01 1.093999999999999950e+01
-7.883099999999999454e+02 1.376999999999999957e+01 3.096000000000000085e+01
-7.885299999999999727e+02 3.525999999999999801e+01 4.461999999999999744e+01
-7.883700000000000045e+02 1.600000000000000000e+01 3.180999999999999872e+01
-7.883200000000000500e+02 2.221999999999999886e+01 2.594999999999999929e+01
-7.877999999999999545e+02 1.127999999999999936e+01 3.361999999999999744e+01
-7.878099999999999454e+02 2.312999999999999901e+01 3.819999999999999840e+00
-7.882899999999999636e+02 8.810000000000000497e+00 4.004999999999999716e+01
-7.883500000000000227e+02 3.614000000000000057e+01 2.596000000000000085e+01
-7.883799999999999955e+02 3.620000000000000107e+00 4.456000000000000227e+01
-7.883700000000000045e+02 1.472000000000000064e+01 3.939000000000000057e+01
-7.882200000000000273e+02 3.392000000000000171e+01 2.350000000000000089e+00
-7.880700000000000500e+02 2.046000000000000085e+01 1.721999999999999886e+01
-7.878600000000000136e+02 2.982999999999999829e+01 4.000000000000000083e-02
-7.879199999999999591e+02 1.691000000000000014e+01 2.851000000000000156e+01
-7.877000000000000455e+02 2.237000000000000099e+01 5.419999999999999929e+00
-7.883099999999999454e+02 2.623999999999999844e+01 1.092999999999999972e+01
-7.885599999999999454e+02 3.032999999999999829e+01 4.481000000000000227e+01
-7.885399999999999636e+02 2.244999999999999929e+01 4.578000000000000114e+01
-7.881799999999999500e+02 2.110999999999999943e+01 2.791000000000000014e+01
-7.877599999999999909e+02 1.676999999999999957e+01 1.892000000000000171e+01
-7.882899999999999636e+02 2.167999999999999972e+01 1.633999999999999986e+01
-7.876900000000000546e+02 1.326999999999999957e+01 2.510000000000000142e+01
-7.880900000000000318e+02 2.308999999999999986e+01 1.469999999999999929e+01
-7.884900000000000091e+02 4.847999999999999687e+01 2.630999999999999872e+01
-7.879199999999999591e+02 1.676999999999999957e+01 2.992999999999999972e+01
-7.880299999999999727e+02 1.746000000000000085e+01 1.556000000000000050e+01
-7.882500000000000000e+02 3.185000000000000142e+01 4.610000000000000320e+00
-7.884500000000000455e+02 1.048000000000000043e+01 4.502000000000000313e+01
-7.878899999999999864e+02 2.462999999999999901e+01 6.500000000000000000e+00
-7.879900000000000091e+02 2.605000000000000071e+01 4.990000000000000213e+00
-7.883400000000000318e+02 4.849999999999999645e+00 4.227000000000000313e+01
-7.880499999999999545e+02 2.676999999999999957e+01 8.939999999999999503e+00
-7.878700000000000045e+02 2.837000000000000099e+01 1.780000000000000027e+00
-7.880800000000000409e+02 2.716000000000000014e+01 8.039999999999999147e+00
-7.879800000000000182e+02 3.436999999999999744e+01 0.000000000000000000e+00
-7.883600000000000136e+02 1.466999999999999993e+01 3.295000000000000284e+01
-7.883200000000000500e+02 9.980000000000000426e+00 3.585000000000000142e+01
-7.878099999999999454e+02 2.632999999999999829e+01 2.540000000000000036e+00
-7.879299999999999500e+02 2.439999999999999858e+01 7.269999999999999574e+00
-7.882599999999999909e+02 3.092000000000000171e+01 5.650000000000000355e+00
-7.878400000000000318e+02 1.475999999999999979e+01 2.694999999999999929e+01
-7.876900000000000546e+02 1.306000000000000050e+01 2.519999999999999929e+01
-7.885900000000000318e+02 4.186999999999999744e+01 4.517000000000000171e+01
-7.883300000000000409e+02 1.725000000000000000e+01 3.146000000000000085e+01
-7.883700000000000045e+02 3.636999999999999744e+01 2.610000000000000142e+01
-7.879099999999999682e+02 2.601999999999999957e+01 5.309999999999999609e+00
-7.877999999999999545e+02 1.318999999999999950e+01 3.042999999999999972e+01
-7.882999999999999545e+02 2.483999999999999986e+01 1.258000000000000007e+01
-7.880800000000000409e+02 2.342999999999999972e+01 1.289000000000000057e+01
-7.882899999999999636e+02 2.160999999999999943e+01 1.642000000000000171e+01
-7.884900000000000091e+02 5.049000000000000199e+01 2.603000000000000114e+01
-7.884199999999999591e+02 1.629999999999999893e+00 4.775999999999999801e+01
-7.883600000000000136e+02 1.994999999999999929e+01 2.971999999999999886e+01
-7.880399999999999636e+02 1.773000000000000043e+01 1.755999999999999872e+01
-7.877400000000000091e+02 1.451999999999999957e+01 2.251999999999999957e+01
-7.885299999999999727e+02 1.935000000000000142e+01 4.697999999999999687e+01
-7.883600000000000136e+02 3.039999999999999858e+01 2.816000000000000014e+01
-7.882000000000000455e+02 3.083999999999999986e+01 5.719999999999999751e+00
-7.882400000000000091e+02 3.336999999999999744e+01 3.729999999999999982e+00
-7.884600000000000364e+02 5.830000000000000071e+00 4.834000000000000341e+01
-7.885900000000000318e+02 2.701999999999999957e+01 4.671000000000000085e+01
-7.884500000000000455e+02 1.093999999999999950e+01 4.467999999999999972e+01
-7.880399999999999636e+02 1.978000000000000114e+01 1.441999999999999993e+01
-7.885000000000000000e+02 1.341000000000000014e+01 4.765999999999999659e+01
-7.878200000000000500e+02 2.133999999999999986e+01 7.889999999999999680e+00
-7.883500000000000227e+02 5.690000000000000391e+00 4.197999999999999687e+01
-7.880900000000000318e+02 2.255999999999999872e+01 1.550000000000000000e+01
-7.884800000000000182e+02 3.420000000000000284e+01 4.207000000000000028e+01
-7.883500000000000227e+02 1.194999999999999929e+01 3.682999999999999829e+01
-7.882200000000000273e+02 3.553999999999999915e+01 6.199999999999999956e-01
-7.884700000000000273e+02 4.613000000000000256e+01 2.621000000000000085e+01
-7.884099999999999682e+02 2.421000000000000085e+01 3.671000000000000085e+01
-7.883899999999999864e+02 1.687999999999999901e+01 3.750000000000000000e+01
-7.883600000000000136e+02 7.160000000000000142e+00 4.181000000000000227e+01
-7.877799999999999727e+02 1.282000000000000028e+01 3.025000000000000000e+01
-7.884299999999999500e+02 1.360000000000000098e+00 4.821000000000000085e+01
-7.880900000000000318e+02 2.362000000000000099e+01 1.433999999999999986e+01
