-7.881299999999999955e+02 3.699000000000000199e+01 0.000000000000000000e+00
-7.880800000000000409e+02 2.082999999999999829e+01 1.832000000000000028e+01
-7.882400000000000091e+02 3.552000000000000313e+01 1.209999999999999964e+00
-7.884199999999999591e+02 1.519999999999999929e+01 4.165999999999999659e+01
-7.881000000000000227e+02 2.505999999999999872e+01 1.139000000000000057e+01
-7.881299999999999955e+02 2.866000000000000014e+01 8.669999999999999929e+00
-7.884800000000000182e+02 4.450000000000000000e+01 3.318999999999999773e+01
-7.885800000000000409e+02 2.258999999999999986e+01 4.757999999999999829e+01
-7.882300000000000182e+02 1.867999999999999972e+01 2.998999999999999844e+01
-7.885399999999999636e+02 1.582000000000000028e+01 4.779999999999999716e+01
-7.883099999999999454e+02 2.085999999999999943e+01 1.889999999999999858e+01
-7.884099999999999682e+02 2.123000000000000043e+01 3.882000000000000028e+01
-7.880199999999999818e+02 1.728000000000000114e+01 1.673999999999999844e+01
-7.878099999999999454e+02 2.105999999999999872e+01 8.349999999999999645e+00
-7.883099999999999454e+02 2.208999999999999986e+01 1.583000000000000007e+01
-7.885900000000000318e+02 4.190999999999999659e+01 4.506000000000000227e+01
-7.878500000000000227e+02 2.319999999999999929e+01 3.649999999999999911e+00
-7.883099999999999454e+02 1.335999999999999943e+01 3.157000000000000028e+01
-7.884900000000000091e+02 4.925999999999999801e+01 2.610000000000000142e+01
-7.880000000000000000e+02 2.726999999999999957e+01 3.850000000000000089e+00
-7.880000000000000000e+02 1.923999999999999844e+01 1.152999999999999936e+01
-7.879199999999999591e+02 1.639000000000000057e+01 3.082000000000000028e+01
-7.884299999999999500e+02 4.860000000000000320e+00 4.720000000000000284e+01
-7.882599999999999909e+02 3.292000000000000171e+01 3.430000000000000160e+00
-7.884199999999999591e+02 5.699999999999999512e-01 4.840999999999999659e+01
-7.884400000000000546e+02 9.970000000000000639e+00 4.467999999999999972e+01
-7.883099999999999454e+02 9.279999999999999361e+00 3.568999999999999773e+01
-7.884099999999999682e+02 2.567999999999999972e+01 3.259000000000000341e+01
-7.877899999999999636e+02 1.164000000000000057e+01 3.349000000000000199e+01
-7.882799999999999727e+02 2.985000000000000142e+01 7.969999999999999751e+00
-7.878300000000000409e+02 1.458000000000000007e+01 2.553999999999999915e+01
-7.877000000000000455e+02 1.280000000000000071e+01 2.573000000000000043e+01
-7.880099999999999909e+02 2.305999999999999872e+01 8.050000000000000711e+00
-7.884199999999999591e+02 4.167999999999999972e+01 2.603999999999999915e+01
-7.886000000000000227e+02 3.133999999999999986e+01 4.652000000000000313e+01
-7.881100000000000136e+02 3.207999999999999829e+01 4.379999999999999893e+00
-7.883099999999999454e+02 2.585000000000000142e+01 1.141999999999999993e+01
-7.879500000000000455e+02 3.340999999999999659e+01 0.000000000000000000e+00
-7.877200000000000273e+02 2.146000000000000085e+01 5.990000000000000213e+00
-7.883899999999999864e+02 3.196999999999999886e+01 2.837999999999999901e+01
-7.877500000000000000e+02 1.563000000000000078e+01 2.000000000000000000e+01
-7.882899999999999636e+02 6.160000000000000142e+00 4.117999999999999972e+01
-7.878500000000000227e+02 2.778999999999999915e+01 0.000000000000000000e+00
-7.883200000000000500e+02 2.216000000000000014e+01 2.603000000000000114e+01
-7.877000000000000455e+02 2.237000000000000099e+01 5.419999999999999929e+00
-7.883300000000000409e+02 2.269000000000000128e+01 1.550999999999999979e+01
-7.883799999999999955e+02 1.858999999999999986e+01 3.207000000000000028e+01
-7.884099999999999682e+02 6.800000000000000488e-01 4.835999999999999943e+01
-7.878300000000000409e+02 2.155999999999999872e+01 7.200000000000000178e+00
-7.878700000000000045e+02 2.407999999999999829e+01 3.000000000000000000e+00
-7.883500000000000227e+02 2.537999999999999901e+01 2.873000000000000043e+01
-7.883700000000000045e+02 3.167000000000000171e+01 2.971999999999999886e+01
-7.881000000000000227e+02 2.676999999999999957e+01 8.119999999999999218e+00
-7.877000000000000455e+02 1.309999999999999964e+01 2.533999999999999986e+01
-7.880199999999999818e+02 2.328999999999999915e+01 8.179999999999999716e+00
-7.885099999999999909e+02 2.121000000000000085e+01 4.393999999999999773e+01
-7.885199999999999818e+02 4.696000000000000085e+01 4.174000000000000199e+01
-7.880099999999999909e+02 2.685999999999999943e+01 5.700000000000000178e+00
-7.882699999999999818e+02 3.017000000000000171e+01 6.469999999999999751e+00
-7.877999999999999545e+02 1.233999999999999986e+01 3.293999999999999773e+01
-7.883300000000000409e+02 1.332000000000000028e+01 3.517999999999999972e+01
-7.885199999999999818e+02 1.566000000000000014e+01 4.702000000000000313e+01
-7.884400000000000546e+02 5.639999999999999680e+00 4.725999999999999801e+01
-7.879199999999999591e+02 1.687999999999999901e+01 2.928999999999999915e+01
-7.878799999999999955e+02 3.141000000000000014e+01 0.000000000000000000e+00
-7.884800000000000182e+02 4.903999999999999915e+01 2.603000000000000114e+01
-7.883799999999999955e+02 1.397000000000000064e+01 4.250000000000000000e+01
-7.882599999999999909e+02 3.189000000000000057e+01 4.559999999999999609e+00
-7.880900000000000318e+02 2.251000000000000156e+01 1.549000000000000021e+01
-7.885700000000000500e+02 4.092000000000000171e+01 4.446000000000000085e+01
-7.885800000000000409e+02 2.771000000000000085e+01 4.611999999999999744e+01
-7.880399999999999636e+02 2.087000000000000099e+01 1.174000000000000021e+01
-7.883500000000000227e+02 5.690000000000000391e+00 4.197999999999999687e+01
-7.882799999999999727e+02 1.876999999999999957e+01 3.017000000000000171e+01
-7.880700000000000500e+02 2.287999999999999901e+01 1.088000000000000078e+01
-7.882200000000000273e+02 3.553999999999999915e+01 6.199999999999999956e-01
-7.877400000000000091e+02 1.458999999999999986e+01 2.235999999999999943e+01
-7.878200000000000500e+02 1.501999999999999957e+01 2.358999999999999986e+01
-7.880700000000000500e+02 3.119999999999999929e+01 3.379999999999999893e+00
-7.884500000000000455e+02 4.525999999999999801e+01 2.605999999999999872e+01
-7.883099999999999454e+02 2.444000000000000128e+01 1.303999999999999915e+01
-7.880299999999999727e+02 1.728999999999999915e+01 1.751999999999999957e+01
-7.883799999999999955e+02 9.279999999999999361e+00 4.290999999999999659e+01
-7.882899999999999636e+02 1.114000000000000057e+01 3.467000000000000171e+01
-7.877899999999999636e+02 1.344999999999999929e+01 2.946000000000000085e+01
-7.880399999999999636e+02 1.900000000000000000e+01 1.882000000000000028e+01
-7.883099999999999454e+02 1.308000000000000007e+01 3.242000000000000171e+01
-7.883500000000000227e+02 2.532000000000000028e+01 2.942999999999999972e+01
-7.885099999999999909e+02 1.380000000000000071e+01 4.700000000000000000e+01
-7.880900000000000318e+02 3.171999999999999886e+01 3.720000000000000195e+00
-7.880700000000000500e+02 2.592999999999999972e+01 7.209999999999999964e+00
-7.882599999999999909e+02 3.092000000000000171e+01 5.650000000000000355e+00
-7.878200000000000500e+02 2.119000000000000128e+01 8.720000000000000639e+00
-7.878099999999999454e+02 1.365000000000000036e+01 3.116000000000000014e+01
-7.876900000000000546e+02 1.300999999999999979e+01 2.557000000000000028e+01
-7.885399999999999636e+02 3.071999999999999886e+01 4.397999999999999687e+01
-7.884700000000000273e+02 4.456000000000000227e+01 3.151000000000000156e+01
-7.883400000000000318e+02 1.250999999999999979e+01 3.911999999999999744e+01
-7.879099999999999682e+02 1.632000000000000028e+01 2.951000000000000156e+01
-7.882500000000000000e+02 1.862999999999999901e+01 3.005000000000000071e+01
-7.885700000000000500e+02 2.382000000000000028e+01 4.689000000000000057e+01
-7.882999999999999545e+02 2.607000000000000028e+01 1.116000000000000014e+01
-7.885199999999999818e+02 4.206000000000000227e+01 4.234000000000000341e+01
-7.880000000000000000e+02 3.217999999999999972e+01 9.699999999999999734e-01
-7.883799999999999955e+02 3.171000000000000085e+01 2.967000000000000171e+01
-7.880099999999999909e+02 2.064999999999999858e+01 1.003999999999999915e+01
-7.882400000000000091e+02 3.445000000000000284e+01 1.780000000000000027e+00
-7.878799999999999955e+02 2.539000000000000057e+01 4.870000000000000107e+00
-7.884900000000000091e+02 4.854999999999999716e+01 2.619999999999999929e+01
-7.883200000000000500e+02 5.769999999999999574e+00 4.164000000000000057e+01
-7.880399999999999636e+02 2.235000000000000142e+01 1.083999999999999986e+01
-7.883200000000000500e+02 2.221999999999999886e+01 2.594999999999999929e+01
-7.882400000000000091e+02 3.428999999999999915e+01 1.959999999999999964e+00
-7.884600000000000364e+02 4.689999999999999858e+01 2.601999999999999957e+01
-7.883700000000000045e+02 1.976000000000000156e+01 3.160000000000000142e+01
-7.880800000000000409e+02 2.375000000000000000e+01 1.110999999999999943e+01
-7.883200000000000500e+02 9.060000000000000497e+00 3.611999999999999744e+01
-7.883400000000000318e+02 2.503000000000000114e+01 1.730000000000000071e+01
-7.884400000000000546e+02 2.000000000000000000e+00 4.835000000000000142e+01
-7.884400000000000546e+02 8.519999999999999574e+00 4.671999999999999886e+01
-7.876599999999999682e+02 1.375000000000000000e+01 2.450000000000000000e+01
-7.884099999999999682e+02 6.469999999999999751e+00 4.534000000000000341e+01
-7.880199999999999818e+02 2.846999999999999886e+01 3.620000000000000107e+00
-7.880299999999999727e+02 1.737000000000000099e+01 1.469999999999999929e+01
-7.885000000000000000e+02 2.057000000000000028e+01 4.547999999999999687e+01
-7.883500000000000227e+02 2.562999999999999901e+01 2.869000000000000128e+01
-7.878200000000000500e+02 2.153000000000000114e+01 7.080000000000000071e+00
-7.886000000000000227e+02 3.107000000000000028e+01 4.653999999999999915e+01
