-7.884400000000000546e+02 9.970000000000000639e+00 4.467999999999999972e+01
-7.878099999999999454e+02 2.105999999999999872e+01 8.349999999999999645e+00
-7.877200000000000273e+02 2.146000000000000085e+01 5.990000000000000213e+00
-7.877000000000000455e+02 1.280000000000000071e+01 2.573000000000000043e+01
-7.882999999999999545e+02 1.357000000000000028e+01 3.153000000000000114e+01
-7.879199999999999591e+02 1.639000000000000057e+01 3.082000000000000028e+01
-7.878500000000000227e+02 2.778999999999999915e+01 0.000000000000000000e+00
-7.880099999999999909e+02 2.305999999999999872e+01 8.050000000000000711e+00
-7.882400000000000091e+02 3.539999999999999858e+01 1.080000000000000071e+00
-7.885900000000000318e+02 4.190999999999999659e+01 4.506000000000000227e+01
-7.883899999999999864e+02 3.196999999999999886e+01 2.837999999999999901e+01
-7.884900000000000091e+02 4.875000000000000000e+01 2.614999999999999858e+01
-7.878500000000000227e+02 2.319999999999999929e+01 3.649999999999999911e+00
-7.883099999999999454e+02 2.085999999999999943e+01 1.889999999999999858e+01
-7.878300000000000409e+02 1.458000000000000007e+01 2.553999999999999915e+01
-7.881000000000000227e+02 2.505999999999999872e+01 1.139000000000000057e+01
-7.882999999999999545e+02 5.790000000000000036e+00 4.134000000000000341e+01
-7.884800000000000182e+02 4.450000000000000000e+01 3.318999999999999773e+01
-7.882799999999999727e+02 2.985000000000000142e+01 7.969999999999999751e+00
-7.883099999999999454e+02 2.208999999999999986e+01 1.583000000000000007e+01
-7.880000000000000000e+02 1.923999999999999844e+01 1.152999999999999936e+01
-7.884199999999999591e+02 1.519999999999999929e+01 4.165999999999999659e+01
-7.880000000000000000e+02 2.726999999999999957e+01 3.850000000000000089e+00
-7.884400000000000546e+02 5.040000000000000036e+00 4.732000000000000028e+01
-7.882300000000000182e+02 1.842000000000000171e+01 3.051000000000000156e+01
-7.881100000000000136e+02 3.207999999999999829e+01 4.379999999999999893e+00
-7.885399999999999636e+02 1.582000000000000028e+01 4.779999999999999716e+01
-7.886000000000000227e+02 3.133999999999999986e+01 4.652000000000000313e+01
-7.884199999999999591e+02 4.167999999999999972e+01 2.603999999999999915e+01
-7.880800000000000409e+02 2.082999999999999829e+01 1.832000000000000028e+01
-7.885800000000000409e+02 2.258999999999999986e+01 4.757999999999999829e+01
-7.883099999999999454e+02 2.585000000000000142e+01 1.141999999999999993e+01
-7.879500000000000455e+02 3.340999999999999659e+01 0.000000000000000000e+00
-7.877899999999999636e+02 1.164000000000000057e+01 3.349000000000000199e+01
-7.882599999999999909e+02 3.292000000000000171e+01 3.430000000000000160e+00
-7.883099999999999454e+02 9.279999999999999361e+00 3.568999999999999773e+01
-7.884299999999999500e+02 6.899999999999999467e-01 4.836999999999999744e+01
-7.881299999999999955e+02 3.699000000000000199e+01 0.000000000000000000e+00
-7.884099999999999682e+02 2.123000000000000043e+01 3.882000000000000028e+01
-7.877500000000000000e+02 1.563000000000000078e+01 2.000000000000000000e+01
-7.880199999999999818e+02 1.728000000000000114e+01 1.673999999999999844e+01
-7.881299999999999955e+02 2.866000000000000014e+01 8.669999999999999929e+00
-7.884099999999999682e+02 2.567999999999999972e+01 3.259000000000000341e+01
-7.883899999999999864e+02 3.151000000000000156e+01 2.866000000000000014e+01
-7.884199999999999591e+02 5.699999999999999512e-01 4.840999999999999659e+01
-7.884800000000000182e+02 4.903999999999999915e+01 2.603000000000000114e+01
-7.882799999999999727e+02 3.089999999999999858e+01 5.650000000000000355e+00
-7.880900000000000318e+02 3.171999999999999886e+01 3.720000000000000195e+00
-7.879800000000000182e+02 3.142999999999999972e+01 1.330000000000000071e+00
-7.878700000000000045e+02 2.407999999999999829e+01 3.000000000000000000e+00
-7.880299999999999727e+02 1.737000000000000099e+01 1.469999999999999929e+01
-7.880700000000000500e+02 2.025000000000000000e+01 1.648999999999999844e+01
-7.884500000000000455e+02 8.169999999999999929e+00 4.700999999999999801e+01
-7.884400000000000546e+02 5.740000000000000213e+00 4.728999999999999915e+01
-7.886000000000000227e+02 2.707999999999999829e+01 4.702000000000000313e+01
-7.885199999999999818e+02 4.678999999999999915e+01 4.142999999999999972e+01
-7.883099999999999454e+02 2.444000000000000128e+01 1.303999999999999915e+01
-7.883799999999999955e+02 2.269000000000000128e+01 3.021000000000000085e+01
-7.882699999999999818e+02 3.026000000000000156e+01 6.389999999999999680e+00
-7.880099999999999909e+02 2.196999999999999886e+01 8.560000000000000497e+00
-7.883200000000000500e+02 2.216000000000000014e+01 2.603000000000000114e+01
-7.880800000000000409e+02 2.353000000000000114e+01 1.127999999999999936e+01
-7.882200000000000273e+02 3.553999999999999915e+01 6.199999999999999956e-01
-7.882899999999999636e+02 1.175999999999999979e+01 3.567000000000000171e+01
-7.877999999999999545e+02 1.233999999999999986e+01 3.293999999999999773e+01
-7.880199999999999818e+02 2.585000000000000142e+01 6.209999999999999964e+00
-7.882999999999999545e+02 2.239999999999999858e+01 1.549000000000000021e+01
-7.884800000000000182e+02 4.607999999999999829e+01 2.942999999999999972e+01
-7.883799999999999955e+02 1.858999999999999986e+01 3.207000000000000028e+01
-7.880700000000000500e+02 2.092000000000000171e+01 1.382000000000000028e+01
-7.877400000000000091e+02 1.458999999999999986e+01 2.235999999999999943e+01
-7.881000000000000227e+02 2.676999999999999957e+01 8.119999999999999218e+00
-7.885499999999999545e+02 3.692000000000000171e+01 4.618999999999999773e+01
-7.883200000000000500e+02 1.271000000000000085e+01 3.202000000000000313e+01
-7.883300000000000409e+02 1.316999999999999993e+01 3.832999999999999829e+01
-7.877000000000000455e+02 1.309999999999999964e+01 2.533999999999999986e+01
-7.882999999999999545e+02 6.209999999999999964e+00 4.124000000000000199e+01
-7.884900000000000091e+02 1.403999999999999915e+01 4.675999999999999801e+01
-7.877599999999999909e+02 2.126000000000000156e+01 6.179999999999999716e+00
-7.877899999999999636e+02 1.344999999999999929e+01 2.946000000000000085e+01
-7.885900000000000318e+02 2.671000000000000085e+01 4.700000000000000000e+01
-7.882999999999999545e+02 1.871000000000000085e+01 2.969000000000000128e+01
-7.879199999999999591e+02 1.687999999999999901e+01 2.928999999999999915e+01
-7.877000000000000455e+02 2.237000000000000099e+01 5.419999999999999929e+00
-7.878600000000000136e+02 2.391000000000000014e+01 3.459999999999999964e+00
-7.876599999999999682e+02 1.375000000000000000e+01 2.450000000000000000e+01
-7.882999999999999545e+02 2.607000000000000028e+01 1.116000000000000014e+01
-7.884299999999999500e+02 4.343999999999999773e+01 2.603000000000000114e+01
-7.882699999999999818e+02 3.019999999999999929e+01 6.440000000000000391e+00
-7.881100000000000136e+02 2.605999999999999872e+01 9.220000000000000639e+00
-7.885399999999999636e+02 1.832999999999999829e+01 4.696000000000000085e+01
-7.884199999999999591e+02 2.712999999999999901e+01 3.768999999999999773e+01
-7.885199999999999818e+02 2.617999999999999972e+01 4.396000000000000085e+01
-7.885800000000000409e+02 4.021000000000000085e+01 4.550999999999999801e+01
-7.884700000000000273e+02 9.820000000000000284e+00 4.697999999999999687e+01
-7.884600000000000364e+02 2.589000000000000057e+01 4.038000000000000256e+01
-7.879099999999999682e+02 1.632000000000000028e+01 2.951000000000000156e+01
-7.884199999999999591e+02 1.040000000000000036e+00 4.829999999999999716e+01
-7.882999999999999545e+02 5.160000000000000142e+00 4.493999999999999773e+01
-7.882999999999999545e+02 1.242999999999999972e+01 3.428000000000000114e+01
-7.880700000000000500e+02 3.119999999999999929e+01 3.379999999999999893e+00
-7.878700000000000045e+02 1.717999999999999972e+01 2.583999999999999986e+01
-7.880299999999999727e+02 2.710000000000000142e+01 5.589999999999999858e+00
-7.880099999999999909e+02 2.064999999999999858e+01 1.003999999999999915e+01
-7.884400000000000546e+02 6.799999999999999822e+00 4.681000000000000227e+01
-7.884700000000000273e+02 4.457000000000000028e+01 3.125000000000000000e+01
-7.880700000000000500e+02 2.287999999999999901e+01 1.088000000000000078e+01
-7.883400000000000318e+02 1.250999999999999979e+01 3.911999999999999744e+01
-7.885099999999999909e+02 2.121000000000000085e+01 4.393999999999999773e+01
-7.880599999999999454e+02 2.014000000000000057e+01 1.791000000000000014e+01
-7.883400000000000318e+02 2.451000000000000156e+01 1.730000000000000071e+01
-7.880399999999999636e+02 1.757000000000000028e+01 1.646000000000000085e+01
-7.883200000000000500e+02 1.739000000000000057e+01 3.101000000000000156e+01
-7.882400000000000091e+02 3.428999999999999915e+01 1.959999999999999964e+00
-7.883899999999999864e+02 3.121000000000000085e+01 2.903999999999999915e+01
-7.882400000000000091e+02 3.445000000000000284e+01 1.780000000000000027e+00
-7.883200000000000500e+02 9.089999999999999858e+00 3.602000000000000313e+01
-7.879900000000000091e+02 2.237999999999999901e+01 7.830000000000000071e+00
-7.880099999999999909e+02 3.253000000000000114e+01 9.799999999999999822e-01
-7.877899999999999636e+02 1.215000000000000036e+01 3.103999999999999915e+01
-7.883200000000000500e+02 2.232000000000000028e+01 2.587000000000000099e+01
-7.876900000000000546e+02 1.300999999999999979e+01 2.557000000000000028e+01
-7.878200000000000500e+02 2.101999999999999957e+01 8.419999999999999929e+00
-7.884900000000000091e+02 4.925999999999999801e+01 2.610000000000000142e+01
-7.880000000000000000e+02 2.051000000000000156e+01 1.066999999999999993e+01
-7.884800000000000182e+02 4.686999999999999744e+01 2.625000000000000000e+01
-7.885199999999999818e+02 1.566000000000000014e+01 4.702000000000000313e+01
-7.880700000000000500e+02 2.582999999999999829e+01 7.450000000000000178e+00
