-7.884099999999999682e+02 2.567999999999999972e+01 3.259000000000000341e+01
-7.883099999999999454e+02 2.585000000000000142e+01 1.141999999999999993e+01
-7.877500000000000000e+02 1.563000000000000078e+01 2.000000000000000000e+01
-7.884099999999999682e+02 2.123000000000000043e+01 3.882000000000000028e+01
-7.881299999999999955e+02 2.866000000000000014e+01 8.669999999999999929e+00
-7.882300000000000182e+02 1.842000000000000171e+01 3.051000000000000156e+01
-7.882400000000000091e+02 3.539999999999999858e+01 1.080000000000000071e+00
-7.883899999999999864e+02 3.196999999999999886e+01 2.837999999999999901e+01
-7.879600000000000364e+02 3.296999999999999886e+01 0.000000000000000000e+00
-7.882100000000000364e+02 3.617999999999999972e+01 0.000000000000000000e+00
-7.885800000000000409e+02 2.258999999999999986e+01 4.757999999999999829e+01
-7.880199999999999818e+02 1.728000000000000114e+01 1.673999999999999844e+01
-7.882999999999999545e+02 1.357000000000000028e+01 3.153000000000000114e+01
-7.884199999999999591e+02 1.519999999999999929e+01 4.165999999999999659e+01
-7.877100000000000364e+02 2.198000000000000043e+01 5.639999999999999680e+00
-7.882799999999999727e+02 2.985000000000000142e+01 7.969999999999999751e+00
-7.886000000000000227e+02 3.133999999999999986e+01 4.652000000000000313e+01
-7.879199999999999591e+02 1.621000000000000085e+01 3.014000000000000057e+01
-7.877899999999999636e+02 1.094999999999999929e+01 3.322999999999999687e+01
-7.878300000000000409e+02 2.769999999999999929e+01 0.000000000000000000e+00
-7.884800000000000182e+02 4.450000000000000000e+01 3.318999999999999773e+01
-7.884299999999999500e+02 6.899999999999999467e-01 4.836999999999999744e+01
-7.884400000000000546e+02 9.970000000000000639e+00 4.467999999999999972e+01
-7.878500000000000227e+02 2.319999999999999929e+01 3.649999999999999911e+00
-7.884099999999999682e+02 4.157000000000000028e+01 2.603999999999999915e+01
-7.878300000000000409e+02 1.458000000000000007e+01 2.553999999999999915e+01
-7.880800000000000409e+02 2.082999999999999829e+01 1.832000000000000028e+01
-7.884400000000000546e+02 5.040000000000000036e+00 4.732000000000000028e+01
-7.878099999999999454e+02 2.105999999999999872e+01 8.349999999999999645e+00
-7.880000000000000000e+02 2.726999999999999957e+01 3.850000000000000089e+00
-7.881100000000000136e+02 3.204999999999999716e+01 4.019999999999999574e+00
-7.882599999999999909e+02 3.292000000000000171e+01 3.430000000000000160e+00
-7.885900000000000318e+02 4.190999999999999659e+01 4.506000000000000227e+01
-7.883099999999999454e+02 2.085999999999999943e+01 1.889999999999999858e+01
-7.884900000000000091e+02 4.878000000000000114e+01 2.614000000000000057e+01
-7.877000000000000455e+02 1.280000000000000071e+01 2.573000000000000043e+01
-7.880099999999999909e+02 2.296999999999999886e+01 7.969999999999999751e+00
-7.885399999999999636e+02 1.582000000000000028e+01 4.779999999999999716e+01
-7.883099999999999454e+02 2.208999999999999986e+01 1.583000000000000007e+01
-7.882999999999999545e+02 5.790000000000000036e+00 4.134000000000000341e+01
-7.880000000000000000e+02 1.923999999999999844e+01 1.152999999999999936e+01
-7.882999999999999545e+02 9.250000000000000000e+00 3.582999999999999829e+01
-7.881100000000000136e+02 2.516000000000000014e+01 1.240000000000000036e+01
-7.883799999999999955e+02 3.259000000000000341e+01 2.514000000000000057e+01
-7.878500000000000227e+02 2.778999999999999915e+01 0.000000000000000000e+00
-7.884500000000000455e+02 6.339999999999999858e+00 4.732999999999999829e+01
-7.883099999999999454e+02 1.234999999999999964e+01 3.173000000000000043e+01
-7.882999999999999545e+02 6.209999999999999964e+00 4.121000000000000085e+01
-7.882799999999999727e+02 2.921999999999999886e+01 8.349999999999999645e+00
-7.880900000000000318e+02 2.596999999999999886e+01 9.949999999999999289e+00
-7.884600000000000364e+02 4.622999999999999687e+01 2.660999999999999943e+01
-7.876900000000000546e+02 1.300999999999999979e+01 2.557000000000000028e+01
-7.883300000000000409e+02 2.339999999999999858e+01 1.431000000000000050e+01
-7.880399999999999636e+02 1.896999999999999886e+01 1.610000000000000142e+01
-7.885199999999999818e+02 4.678999999999999915e+01 4.142999999999999972e+01
-7.884800000000000182e+02 4.821000000000000085e+01 2.612000000000000099e+01
-7.882899999999999636e+02 1.844000000000000128e+01 3.023000000000000043e+01
-7.877899999999999636e+02 1.080000000000000071e+01 3.353000000000000114e+01
-7.885099999999999909e+02 1.769000000000000128e+01 4.682999999999999829e+01
-7.877200000000000273e+02 2.139999999999999858e+01 6.049999999999999822e+00
-7.885199999999999818e+02 2.619000000000000128e+01 4.370000000000000284e+01
-7.883200000000000500e+02 8.039999999999999147e+00 3.902000000000000313e+01
-7.885499999999999545e+02 4.114999999999999858e+01 4.407999999999999829e+01
-7.880099999999999909e+02 2.332999999999999829e+01 7.099999999999999645e+00
-7.880700000000000500e+02 3.119999999999999929e+01 3.379999999999999893e+00
-7.876599999999999682e+02 1.375000000000000000e+01 2.450000000000000000e+01
-7.880499999999999545e+02 2.132999999999999829e+01 1.236999999999999922e+01
-7.883799999999999955e+02 2.123999999999999844e+01 3.096000000000000085e+01
-7.884099999999999682e+02 7.800000000000000266e-01 4.822999999999999687e+01
-7.880199999999999818e+02 3.247999999999999687e+01 1.389999999999999902e+00
-7.880599999999999454e+02 2.848999999999999844e+01 6.009999999999999787e+00
-7.884800000000000182e+02 1.298000000000000043e+01 4.738000000000000256e+01
-7.882599999999999909e+02 3.325000000000000000e+01 3.089999999999999858e+00
-7.885700000000000500e+02 2.223000000000000043e+01 4.724000000000000199e+01
-7.882200000000000273e+02 3.553999999999999915e+01 6.199999999999999956e-01
-7.881000000000000227e+02 2.505999999999999872e+01 1.139000000000000057e+01
-7.882999999999999545e+02 2.607000000000000028e+01 1.116000000000000014e+01
-7.885000000000000000e+02 1.478999999999999915e+01 4.639000000000000057e+01
-7.878200000000000500e+02 2.101999999999999957e+01 8.419999999999999929e+00
-7.879099999999999682e+02 1.632000000000000028e+01 2.951000000000000156e+01
-7.876900000000000546e+02 1.413000000000000078e+01 2.483999999999999986e+01
-7.879299999999999500e+02 2.237999999999999901e+01 6.110000000000000320e+00
-7.883200000000000500e+02 2.228999999999999915e+01 2.592999999999999972e+01
-7.877599999999999909e+02 1.701000000000000156e+01 1.955000000000000071e+01
-7.883899999999999864e+02 2.100000000000000000e+01 3.992000000000000171e+01
-7.877400000000000091e+02 1.458999999999999986e+01 2.235999999999999943e+01
-7.879500000000000455e+02 2.330999999999999872e+01 6.269999999999999574e+00
-7.885800000000000409e+02 4.177000000000000313e+01 4.543999999999999773e+01
-7.878500000000000227e+02 2.126999999999999957e+01 9.160000000000000142e+00
-7.877000000000000455e+02 2.237000000000000099e+01 5.419999999999999929e+00
-7.883300000000000409e+02 1.082000000000000028e+01 3.845000000000000284e+01
-7.879800000000000182e+02 3.142999999999999972e+01 1.330000000000000071e+00
-7.878400000000000318e+02 1.464000000000000057e+01 2.498999999999999844e+01
-7.885599999999999454e+02 2.305000000000000071e+01 4.689999999999999858e+01
-7.882899999999999636e+02 2.226000000000000156e+01 1.565000000000000036e+01
-7.877899999999999636e+02 1.215000000000000036e+01 3.103999999999999915e+01
-7.882899999999999636e+02 1.583999999999999986e+01 3.064999999999999858e+01
-7.884700000000000273e+02 4.457000000000000028e+01 3.125000000000000000e+01
-7.885299999999999727e+02 1.751999999999999957e+01 4.700000000000000000e+01
-7.882400000000000091e+02 3.272999999999999687e+01 3.629999999999999893e+00
-7.878099999999999454e+02 2.716000000000000014e+01 2.529999999999999805e+00
-7.882300000000000182e+02 3.525000000000000000e+01 1.189999999999999947e+00
-7.881000000000000227e+02 2.530999999999999872e+01 1.108000000000000007e+01
-7.880700000000000500e+02 2.025000000000000000e+01 1.648999999999999844e+01
-7.885900000000000318e+02 2.982999999999999829e+01 4.647999999999999687e+01
-7.882000000000000455e+02 3.141000000000000014e+01 5.820000000000000284e+00
-7.883300000000000409e+02 7.049999999999999822e+00 4.052000000000000313e+01
-7.884199999999999591e+02 6.400000000000000133e-01 4.835999999999999943e+01
-7.880599999999999454e+02 2.150000000000000000e+01 1.177999999999999936e+01
-7.884600000000000364e+02 1.061999999999999922e+01 4.597999999999999687e+01
-7.879199999999999591e+02 1.687999999999999901e+01 2.928999999999999915e+01
-7.884500000000000455e+02 4.146000000000000085e+01 4.035000000000000142e+01
-7.880299999999999727e+02 1.737000000000000099e+01 1.469999999999999929e+01
-7.884299999999999500e+02 4.381000000000000227e+01 2.601999999999999957e+01
-7.883600000000000136e+02 1.281000000000000050e+01 3.795000000000000284e+01
-7.882999999999999545e+02 1.871000000000000085e+01 2.969000000000000128e+01
-7.884400000000000546e+02 5.740000000000000213e+00 4.728999999999999915e+01
-7.880000000000000000e+02 2.746999999999999886e+01 3.709999999999999964e+00
-7.884800000000000182e+02 5.110999999999999943e+01 2.601000000000000156e+01
-7.882699999999999818e+02 3.019999999999999929e+01 6.440000000000000391e+00
-7.879400000000000546e+02 2.394000000000000128e+01 4.910000000000000142e+00
-7.882899999999999636e+02 2.746000000000000085e+01 1.048000000000000043e+01
-7.883200000000000500e+02 2.232000000000000028e+01 2.587000000000000099e+01
-7.884199999999999591e+02 3.207000000000000028e+01 3.852000000000000313e+01
-7.881000000000000227e+02 2.730999999999999872e+01 1.011999999999999922e+01
-7.883700000000000045e+02 1.850000000000000000e+01 3.126000000000000156e+01
-7.877000000000000455e+02 1.309999999999999964e+01 2.533999999999999986e+01
-7.883099999999999454e+02 5.870000000000000107e+00 4.121999999999999886e+01
