-7.881100000000000136e+02 3.204999999999999716e+01 4.019999999999999574e+00
-7.878500000000000227e+02 2.319999999999999929e+01 3.649999999999999911e+00
-7.884900000000000091e+02 4.878000000000000114e+01 2.614000000000000057e+01
-7.878300000000000409e+02 1.458000000000000007e+01 2.553999999999999915e+01
-7.877899999999999636e+02 1.094999999999999929e+01 3.322999999999999687e+01
-7.882400000000000091e+02 3.539999999999999858e+01 1.080000000000000071e+00
-7.879600000000000364e+02 3.290999999999999659e+01 0.000000000000000000e+00
-7.879400000000000546e+02 1.607000000000000028e+01 3.046000000000000085e+01
-7.885900000000000318e+02 4.190999999999999659e+01 4.506000000000000227e+01
-7.882599999999999909e+02 3.292000000000000171e+01 3.430000000000000160e+00
-7.882300000000000182e+02 1.842000000000000171e+01 3.051000000000000156e+01
-7.880199999999999818e+02 1.728000000000000114e+01 1.673999999999999844e+01
-7.878099999999999454e+02 2.105999999999999872e+01 8.349999999999999645e+00
-7.878300000000000409e+02 2.769999999999999929e+01 0.000000000000000000e+00
-7.883200000000000500e+02 2.217999999999999972e+01 1.573000000000000043e+01
-7.884400000000000546e+02 9.970000000000000639e+00 4.467999999999999972e+01
-7.880099999999999909e+02 2.296999999999999886e+01 7.969999999999999751e+00
-7.880000000000000000e+02 1.923999999999999844e+01 1.152999999999999936e+01
-7.877200000000000273e+02 1.563000000000000078e+01 1.994999999999999929e+01
-7.882100000000000364e+02 3.617999999999999972e+01 0.000000000000000000e+00
-7.880499999999999545e+02 1.921000000000000085e+01 1.651000000000000156e+01
-7.883099999999999454e+02 2.085999999999999943e+01 1.889999999999999858e+01
-7.881100000000000136e+02 2.516000000000000014e+01 1.240000000000000036e+01
-7.882799999999999727e+02 2.985000000000000142e+01 7.969999999999999751e+00
-7.884099999999999682e+02 1.900000000000000000e+01 3.667000000000000171e+01
-7.883899999999999864e+02 3.196999999999999886e+01 2.837999999999999901e+01
-7.884400000000000546e+02 5.040000000000000036e+00 4.732000000000000028e+01
-7.884099999999999682e+02 2.567999999999999972e+01 3.259000000000000341e+01
-7.882999999999999545e+02 9.250000000000000000e+00 3.582999999999999829e+01
-7.884099999999999682e+02 4.157000000000000028e+01 2.603999999999999915e+01
-7.885800000000000409e+02 2.258999999999999986e+01 4.757999999999999829e+01
-7.883200000000000500e+02 5.799999999999999822e+00 4.090999999999999659e+01
-7.880000000000000000e+02 2.726999999999999957e+01 3.850000000000000089e+00
-7.883099999999999454e+02 2.585000000000000142e+01 1.141999999999999993e+01
-7.885399999999999636e+02 1.582000000000000028e+01 4.779999999999999716e+01
-7.884800000000000182e+02 4.450000000000000000e+01 3.318999999999999773e+01
-7.881299999999999955e+02 2.866000000000000014e+01 8.669999999999999929e+00
-7.886000000000000227e+02 3.133999999999999986e+01 4.652000000000000313e+01
-7.884299999999999500e+02 6.899999999999999467e-01 4.836999999999999744e+01
-7.877000000000000455e+02 1.280000000000000071e+01 2.573000000000000043e+01
-7.883099999999999454e+02 1.234999999999999964e+01 3.173000000000000043e+01
-7.877100000000000364e+02 2.198000000000000043e+01 5.639999999999999680e+00
-7.884199999999999591e+02 1.519999999999999929e+01 4.165999999999999659e+01
-7.884199999999999591e+02 2.510999999999999943e+01 3.714999999999999858e+01
-7.882100000000000364e+02 3.278999999999999915e+01 3.560000000000000053e+00
-7.884600000000000364e+02 1.061999999999999922e+01 4.597999999999999687e+01
-7.885199999999999818e+02 1.746000000000000085e+01 4.695000000000000284e+01
-7.880099999999999909e+02 2.067999999999999972e+01 1.018999999999999950e+01
-7.884700000000000273e+02 4.963000000000000256e+01 2.605000000000000071e+01
-7.882300000000000182e+02 1.842000000000000171e+01 3.051000000000000156e+01
-7.878999999999999773e+02 2.810999999999999943e+01 1.110000000000000098e+00
-7.882799999999999727e+02 2.012999999999999901e+01 1.823000000000000043e+01
-7.882200000000000273e+02 3.553999999999999915e+01 6.199999999999999956e-01
-7.876900000000000546e+02 1.300999999999999979e+01 2.557000000000000028e+01
-7.879099999999999682e+02 1.632000000000000028e+01 2.951000000000000156e+01
-7.877100000000000364e+02 1.306000000000000050e+01 2.546999999999999886e+01
-7.885800000000000409e+02 3.965999999999999659e+01 4.578999999999999915e+01
-7.885099999999999909e+02 4.861999999999999744e+01 4.110999999999999943e+01
-7.885700000000000500e+02 2.223000000000000043e+01 4.724000000000000199e+01
-7.880099999999999909e+02 2.789000000000000057e+01 3.930000000000000160e+00
-7.879400000000000546e+02 2.407999999999999829e+01 4.759999999999999787e+00
-7.883999999999999773e+02 1.879999999999999893e+00 4.735000000000000142e+01
-7.880399999999999636e+02 1.896999999999999886e+01 1.610000000000000142e+01
-7.884500000000000455e+02 4.950000000000000178e+00 4.778999999999999915e+01
-7.877599999999999909e+02 1.701000000000000156e+01 1.955000000000000071e+01
-7.883300000000000409e+02 5.639999999999999680e+00 4.134000000000000341e+01
-7.879600000000000364e+02 2.430000000000000071e+01 7.669999999999999929e+00
-7.879800000000000182e+02 3.252000000000000313e+01 5.999999999999999778e-01
-7.878700000000000045e+02 2.123999999999999844e+01 7.580000000000000071e+00
-7.883899999999999864e+02 2.089000000000000057e+01 3.660999999999999943e+01
-7.882699999999999818e+02 2.891000000000000014e+01 7.889999999999999680e+00
-7.877899999999999636e+02 1.080000000000000071e+01 3.353000000000000114e+01
-7.884400000000000546e+02 4.629999999999999716e+01 2.610999999999999943e+01
-7.877000000000000455e+02 2.237000000000000099e+01 5.419999999999999929e+00
-7.882899999999999636e+02 2.723000000000000043e+01 9.800000000000000711e+00
-7.880700000000000500e+02 2.837000000000000099e+01 6.370000000000000107e+00
-7.882899999999999636e+02 2.226000000000000156e+01 1.565000000000000036e+01
-7.885900000000000318e+02 2.944999999999999929e+01 4.714999999999999858e+01
-7.880599999999999454e+02 2.262000000000000099e+01 1.248000000000000043e+01
-7.883999999999999773e+02 3.524000000000000199e+01 2.621000000000000085e+01
-7.882899999999999636e+02 1.217999999999999972e+01 3.409000000000000341e+01
-7.877500000000000000e+02 1.481000000000000050e+01 2.137999999999999901e+01
-7.884900000000000091e+02 1.367999999999999972e+01 4.724000000000000199e+01
-7.882400000000000091e+02 3.272999999999999687e+01 3.629999999999999893e+00
-7.883099999999999454e+02 7.530000000000000249e+00 3.961999999999999744e+01
-7.880199999999999818e+02 2.312999999999999901e+01 1.027999999999999936e+01
-7.885199999999999818e+02 1.416000000000000014e+01 4.785999999999999943e+01
-7.880299999999999727e+02 1.733999999999999986e+01 1.438000000000000078e+01
-7.884099999999999682e+02 3.693999999999999773e+01 3.250999999999999801e+01
-7.880499999999999545e+02 2.746999999999999886e+01 5.370000000000000107e+00
-7.882500000000000000e+02 3.214999999999999858e+01 6.150000000000000355e+00
-7.878099999999999454e+02 1.159999999999999964e+01 3.076000000000000156e+01
-7.876900000000000546e+02 1.318999999999999950e+01 2.523999999999999844e+01
-7.884099999999999682e+02 1.448000000000000043e+01 4.296999999999999886e+01
-7.883099999999999454e+02 6.440000000000000391e+00 4.086999999999999744e+01
-7.882799999999999727e+02 1.855999999999999872e+01 3.017000000000000171e+01
-7.885900000000000318e+02 3.640999999999999659e+01 4.584000000000000341e+01
-7.882799999999999727e+02 2.164999999999999858e+01 1.671000000000000085e+01
-7.884199999999999591e+02 1.900000000000000000e+01 4.139999999999999858e+01
-7.883200000000000500e+02 9.769999999999999574e+00 3.857999999999999829e+01
-7.882899999999999636e+02 2.046999999999999886e+01 1.778999999999999915e+01
-7.884800000000000182e+02 4.967999999999999972e+01 2.605000000000000071e+01
-7.883500000000000227e+02 1.451999999999999957e+01 3.510999999999999943e+01
-7.878300000000000409e+02 2.396000000000000085e+01 3.250000000000000000e+00
-7.879299999999999500e+02 3.173999999999999844e+01 9.000000000000000222e-01
-7.879199999999999591e+02 1.589000000000000057e+01 3.078000000000000114e+01
-7.880599999999999454e+02 1.971000000000000085e+01 1.498000000000000043e+01
-7.885099999999999909e+02 2.203999999999999915e+01 4.492000000000000171e+01
-7.877599999999999909e+02 2.132000000000000028e+01 5.820000000000000284e+00
-7.885099999999999909e+02 4.857000000000000028e+01 4.164000000000000057e+01
-7.882400000000000091e+02 3.158999999999999986e+01 4.900000000000000355e+00
-7.878500000000000227e+02 2.778999999999999915e+01 0.000000000000000000e+00
-7.884099999999999682e+02 2.069999999999999840e+00 4.731000000000000227e+01
-7.880599999999999454e+02 2.580000000000000071e+01 7.690000000000000391e+00
-7.882300000000000182e+02 3.520000000000000284e+01 1.010000000000000009e+00
-7.885199999999999818e+02 3.902000000000000313e+01 4.307000000000000028e+01
-7.877400000000000091e+02 1.458999999999999986e+01 2.235999999999999943e+01
-7.883099999999999454e+02 2.607000000000000028e+01 1.116000000000000014e+01
-7.883600000000000136e+02 3.176000000000000156e+01 2.328000000000000114e+01
-7.880499999999999545e+02 2.026999999999999957e+01 1.068999999999999950e+01
-7.880800000000000409e+02 3.107999999999999829e+01 3.930000000000000160e+00
-7.879199999999999591e+02 1.675000000000000000e+01 2.683999999999999986e+01
-7.883600000000000136e+02 4.120000000000000107e+00 4.239999999999999858e+01
-7.884099999999999682e+02 8.679999999999999716e+00 4.334000000000000341e+01
-7.883899999999999864e+02 2.228999999999999915e+01 3.214000000000000057e+01
-7.882799999999999727e+02 2.603000000000000114e+01 1.118999999999999950e+01
-7.884500000000000455e+02 4.652000000000000313e+01 2.610999999999999943e+01
-7.885099999999999909e+02 1.489000000000000057e+01 4.753000000000000114e+01
