-7.883099999999999454e+02 2.085999999999999943e+01 1.889999999999999858e+01
-7.884199999999999591e+02 1.519999999999999929e+01 4.165999999999999659e+01
-7.881299999999999955e+02 2.866000000000000014e+01 8.669999999999999929e+00
-7.878300000000000409e+02 1.458000000000000007e+01 2.553999999999999915e+01
-7.882799999999999727e+02 2.985000000000000142e+01 7.969999999999999751e+00
-7.883099999999999454e+02 2.585000000000000142e+01 1.141999999999999993e+01
-7.885399999999999636e+02 1.582000000000000028e+01 4.779999999999999716e+01
-7.884400000000000546e+02 4.929999999999999716e+00 4.732000000000000028e+01
-7.881100000000000136e+02 3.204999999999999716e+01 4.019999999999999574e+00
-7.884099999999999682e+02 1.900000000000000000e+01 3.667000000000000171e+01
-7.882300000000000182e+02 1.842000000000000171e+01 3.051000000000000156e+01
-7.880499999999999545e+02 1.921000000000000085e+01 1.651000000000000156e+01
-7.885099999999999909e+02 4.861999999999999744e+01 4.110999999999999943e+01
-7.880000000000000000e+02 2.726999999999999957e+01 3.850000000000000089e+00
-7.878099999999999454e+02 2.105999999999999872e+01 8.349999999999999645e+00
-7.880099999999999909e+02 2.296999999999999886e+01 7.969999999999999751e+00
-7.877100000000000364e+02 2.198000000000000043e+01 5.639999999999999680e+00
-7.882999999999999545e+02 9.250000000000000000e+00 3.582999999999999829e+01
-7.877200000000000273e+02 1.563000000000000078e+01 1.994999999999999929e+01
-7.880199999999999818e+02 1.728000000000000114e+01 1.673999999999999844e+01
-7.878400000000000318e+02 2.710000000000000142e+01 1.400000000000000133e-01
-7.885900000000000318e+02 4.190999999999999659e+01 4.506000000000000227e+01
-7.883200000000000500e+02 5.799999999999999822e+00 4.090999999999999659e+01
-7.884099999999999682e+02 2.567999999999999972e+01 3.259000000000000341e+01
-7.884400000000000546e+02 9.970000000000000639e+00 4.467999999999999972e+01
-7.886000000000000227e+02 3.133999999999999986e+01 4.652000000000000313e+01
-7.882400000000000091e+02 3.539999999999999858e+01 1.080000000000000071e+00
-7.884299999999999500e+02 6.899999999999999467e-01 4.836999999999999744e+01
-7.880000000000000000e+02 1.923999999999999844e+01 1.152999999999999936e+01
-7.885800000000000409e+02 2.258999999999999986e+01 4.757999999999999829e+01
-7.876799999999999500e+02 1.296000000000000085e+01 2.564999999999999858e+01
-7.884900000000000091e+02 4.878000000000000114e+01 2.614000000000000057e+01
-7.883200000000000500e+02 2.217999999999999972e+01 1.573000000000000043e+01
-7.881100000000000136e+02 2.480999999999999872e+01 1.318999999999999950e+01
-7.879400000000000546e+02 1.607000000000000028e+01 3.046000000000000085e+01
-7.882599999999999909e+02 3.321999999999999886e+01 3.419999999999999929e+00
-7.884099999999999682e+02 4.157000000000000028e+01 2.603999999999999915e+01
-7.878500000000000227e+02 2.319999999999999929e+01 3.649999999999999911e+00
-7.883200000000000500e+02 1.281000000000000050e+01 3.135999999999999943e+01
-7.879600000000000364e+02 3.285000000000000142e+01 0.000000000000000000e+00
-7.883899999999999864e+02 3.196999999999999886e+01 2.837999999999999901e+01
-7.877699999999999818e+02 1.128999999999999915e+01 3.313000000000000256e+01
-7.882000000000000455e+02 3.504999999999999716e+01 1.159999999999999920e+00
-7.877500000000000000e+02 1.481000000000000050e+01 2.137999999999999901e+01
-7.878700000000000045e+02 1.492999999999999972e+01 3.076999999999999957e+01
-7.885000000000000000e+02 1.330000000000000071e+01 4.720000000000000284e+01
-7.877599999999999909e+02 1.299000000000000021e+01 2.580000000000000071e+01
-7.880299999999999727e+02 2.407999999999999829e+01 7.290000000000000036e+00
-7.877599999999999909e+02 1.701000000000000156e+01 1.955000000000000071e+01
-7.881000000000000227e+02 3.119000000000000128e+01 4.599999999999999645e+00
-7.882799999999999727e+02 2.164999999999999858e+01 1.671000000000000085e+01
-7.883200000000000500e+02 2.017999999999999972e+01 2.950000000000000000e+01
-7.880299999999999727e+02 2.850000000000000000e+01 3.129999999999999893e+00
-7.883500000000000227e+02 2.569000000000000128e+01 2.848000000000000043e+01
-7.882500000000000000e+02 3.214999999999999858e+01 6.150000000000000355e+00
-7.879400000000000546e+02 2.407999999999999829e+01 4.759999999999999787e+00
-7.882799999999999727e+02 2.012999999999999901e+01 1.823000000000000043e+01
-7.883099999999999454e+02 1.234999999999999964e+01 3.173000000000000043e+01
-7.885599999999999454e+02 2.755000000000000071e+01 4.532000000000000028e+01
-7.882400000000000091e+02 3.272999999999999687e+01 3.629999999999999893e+00
-7.885099999999999909e+02 2.203999999999999915e+01 4.492000000000000171e+01
-7.883099999999999454e+02 6.440000000000000391e+00 4.086999999999999744e+01
-7.880199999999999818e+02 3.429999999999999716e+01 2.069999999999999840e+00
-7.883700000000000045e+02 3.092999999999999972e+01 2.608999999999999986e+01
-7.884099999999999682e+02 2.069999999999999840e+00 4.731000000000000227e+01
-7.885199999999999818e+02 3.902000000000000313e+01 4.307000000000000028e+01
-7.881000000000000227e+02 2.969000000000000128e+01 6.480000000000000426e+00
-7.876900000000000546e+02 1.300999999999999979e+01 2.557000000000000028e+01
-7.880700000000000500e+02 2.023000000000000043e+01 1.477999999999999936e+01
-7.877599999999999909e+02 2.132000000000000028e+01 5.820000000000000284e+00
-7.884500000000000455e+02 1.598000000000000043e+01 4.234000000000000341e+01
-7.885099999999999909e+02 4.857000000000000028e+01 4.164000000000000057e+01
-7.884700000000000273e+02 4.963000000000000256e+01 2.605000000000000071e+01
-7.880099999999999909e+02 2.067999999999999972e+01 1.018999999999999950e+01
-7.884500000000000455e+02 4.652000000000000313e+01 2.610999999999999943e+01
-7.881000000000000227e+02 2.419000000000000128e+01 1.455000000000000071e+01
-7.878300000000000409e+02 2.769999999999999929e+01 0.000000000000000000e+00
-7.882300000000000182e+02 3.520000000000000284e+01 1.010000000000000009e+00
-7.877000000000000455e+02 2.237000000000000099e+01 5.419999999999999929e+00
-7.878099999999999454e+02 1.283999999999999986e+01 3.064000000000000057e+01
-7.883899999999999864e+02 1.166000000000000014e+01 4.265999999999999659e+01
-7.884500000000000455e+02 5.179999999999999716e+00 4.759000000000000341e+01
-7.882899999999999636e+02 2.723000000000000043e+01 9.800000000000000711e+00
-7.883200000000000500e+02 7.889999999999999680e+00 4.043999999999999773e+01
-7.884700000000000273e+02 2.246000000000000085e+01 4.132999999999999829e+01
-7.883600000000000136e+02 1.022000000000000064e+01 4.068999999999999773e+01
-7.880599999999999454e+02 2.021999999999999886e+01 1.291000000000000014e+01
-7.883300000000000409e+02 1.233999999999999986e+01 3.635000000000000142e+01
-7.877000000000000455e+02 1.280000000000000071e+01 2.573000000000000043e+01
-7.880599999999999454e+02 1.971000000000000085e+01 1.498000000000000043e+01
-7.884900000000000091e+02 4.410000000000000142e+01 3.014000000000000057e+01
-7.885499999999999545e+02 2.612000000000000099e+01 4.578000000000000114e+01
-7.879099999999999682e+02 1.632000000000000028e+01 2.951000000000000156e+01
-7.882799999999999727e+02 1.855999999999999872e+01 3.017000000000000171e+01
-7.878300000000000409e+02 2.396000000000000085e+01 3.250000000000000000e+00
-7.882799999999999727e+02 2.603000000000000114e+01 1.118999999999999950e+01
-7.882400000000000091e+02 3.158999999999999986e+01 4.900000000000000355e+00
-7.885800000000000409e+02 4.007999999999999829e+01 4.575999999999999801e+01
-7.882899999999999636e+02 2.046999999999999886e+01 1.778999999999999915e+01
-7.882899999999999636e+02 2.226000000000000156e+01 1.565000000000000036e+01
-7.883999999999999773e+02 1.879999999999999893e+00 4.735000000000000142e+01
-7.882999999999999545e+02 7.440000000000000391e+00 3.971000000000000085e+01
-7.885199999999999818e+02 2.421000000000000085e+01 4.417000000000000171e+01
-7.885199999999999818e+02 1.368999999999999950e+01 4.786999999999999744e+01
-7.878700000000000045e+02 2.123999999999999844e+01 7.580000000000000071e+00
-7.883300000000000409e+02 2.467000000000000171e+01 2.932000000000000028e+01
-7.879299999999999500e+02 1.653000000000000114e+01 2.832000000000000028e+01
-7.883300000000000409e+02 1.510999999999999943e+01 3.432999999999999829e+01
-7.883300000000000409e+02 5.639999999999999680e+00 4.134000000000000341e+01
-7.884800000000000182e+02 4.967999999999999972e+01 2.605000000000000071e+01
-7.881100000000000136e+02 2.516000000000000014e+01 1.240000000000000036e+01
-7.878999999999999773e+02 2.810999999999999943e+01 1.110000000000000098e+00
-7.883600000000000136e+02 4.120000000000000107e+00 4.239999999999999858e+01
-7.879700000000000273e+02 2.989999999999999858e+01 1.889999999999999902e+00
-7.880299999999999727e+02 1.733999999999999986e+01 1.438000000000000078e+01
-7.880800000000000409e+02 3.107999999999999829e+01 3.930000000000000160e+00
-7.882699999999999818e+02 2.907999999999999829e+01 7.679999999999999716e+00
-7.880000000000000000e+02 2.494999999999999929e+01 5.790000000000000036e+00
-7.882100000000000364e+02 3.617999999999999972e+01 0.000000000000000000e+00
-7.884800000000000182e+02 2.096000000000000085e+01 4.492999999999999972e+01
-7.880199999999999818e+02 2.298000000000000043e+01 8.060000000000000497e+00
-7.877400000000000091e+02 1.458999999999999986e+01 2.235999999999999943e+01
-7.881000000000000227e+02 2.771000000000000085e+01 9.609999999999999432e+00
-7.883600000000000136e+02 2.791000000000000014e+01 2.778999999999999915e+01
-7.883600000000000136e+02 3.176000000000000156e+01 2.328000000000000114e+01
-7.877899999999999636e+02 1.080000000000000071e+01 3.353000000000000114e+01
-7.882899999999999636e+02 2.228999999999999915e+01 1.561999999999999922e+01
-7.884400000000000546e+02 4.102000000000000313e+01 3.900000000000000000e+01
