-7.879600000000000364e+02 3.285000000000000142e+01 0.000000000000000000e+00
-7.877699999999999818e+02 1.128999999999999915e+01 3.313000000000000256e+01
-7.882799999999999727e+02 2.985000000000000142e+01 7.969999999999999751e+00
-7.878200000000000500e+02 2.308999999999999986e+01 3.899999999999999911e+00
-7.881100000000000136e+02 3.204999999999999716e+01 4.019999999999999574e+00
-7.885800000000000409e+02 2.258999999999999986e+01 4.757999999999999829e+01
-7.883200000000000500e+02 2.217999999999999972e+01 1.573000000000000043e+01
-7.884099999999999682e+02 1.900000000000000000e+01 3.667000000000000171e+01
-7.884299999999999500e+02 6.899999999999999467e-01 4.836999999999999744e+01
-7.877200000000000273e+02 1.563000000000000078e+01 1.994999999999999929e+01
-7.886000000000000227e+02 3.064999999999999858e+01 4.649000000000000199e+01
-7.880499999999999545e+02 4.456000000000000227e+01 0.000000000000000000e+00
-7.884800000000000182e+02 4.332000000000000028e+01 3.413000000000000256e+01
-7.883999999999999773e+02 4.114999999999999858e+01 2.601000000000000156e+01
-7.877100000000000364e+02 2.200000000000000000e+01 5.580000000000000071e+00
-7.883200000000000500e+02 1.291000000000000014e+01 3.114000000000000057e+01
-7.880099999999999909e+02 2.296999999999999886e+01 7.969999999999999751e+00
-7.883200000000000500e+02 5.799999999999999822e+00 4.090999999999999659e+01
-7.884099999999999682e+02 2.567999999999999972e+01 3.259000000000000341e+01
-7.884400000000000546e+02 9.839999999999999858e+00 4.474000000000000199e+01
-7.882300000000000182e+02 3.599000000000000199e+01 4.699999999999999734e-01
-7.880099999999999909e+02 1.887999999999999901e+01 1.191000000000000014e+01
-7.883099999999999454e+02 9.230000000000000426e+00 3.582000000000000028e+01
-7.878400000000000318e+02 2.710000000000000142e+01 1.400000000000000133e-01
-7.882599999999999909e+02 3.321999999999999886e+01 3.419999999999999929e+00
-7.878300000000000409e+02 1.419999999999999929e+01 2.548000000000000043e+01
-7.881299999999999955e+02 2.866000000000000014e+01 8.669999999999999929e+00
-7.885900000000000318e+02 4.190999999999999659e+01 4.506000000000000227e+01
-7.884199999999999591e+02 1.519999999999999929e+01 4.165999999999999659e+01
-7.880599999999999454e+02 1.932999999999999829e+01 1.723999999999999844e+01
-7.879400000000000546e+02 1.607000000000000028e+01 3.046000000000000085e+01
-7.879900000000000091e+02 2.694999999999999929e+01 3.950000000000000178e+00
-7.885399999999999636e+02 1.577999999999999936e+01 4.781000000000000227e+01
-7.882599999999999909e+02 1.948999999999999844e+01 2.964000000000000057e+01
-7.883899999999999864e+02 3.196999999999999886e+01 2.837999999999999901e+01
-7.878099999999999454e+02 2.105999999999999872e+01 8.349999999999999645e+00
-7.876799999999999500e+02 1.296000000000000085e+01 2.564999999999999858e+01
-7.883099999999999454e+02 2.585000000000000142e+01 1.141999999999999993e+01
-7.881100000000000136e+02 2.480999999999999872e+01 1.318999999999999950e+01
-7.883099999999999454e+02 2.075000000000000000e+01 1.894999999999999929e+01
-7.880199999999999818e+02 1.728000000000000114e+01 1.673999999999999844e+01
-7.884400000000000546e+02 4.929999999999999716e+00 4.732000000000000028e+01
-7.884900000000000091e+02 4.911999999999999744e+01 2.612000000000000099e+01
-7.882599999999999909e+02 3.327000000000000313e+01 3.339999999999999858e+00
-7.881000000000000227e+02 2.589999999999999858e+01 9.429999999999999716e+00
-7.882599999999999909e+02 1.957000000000000028e+01 2.955000000000000071e+01
-7.882799999999999727e+02 2.012999999999999901e+01 1.823000000000000043e+01
-7.885099999999999909e+02 1.433999999999999986e+01 4.720000000000000284e+01
-7.880800000000000409e+02 2.321999999999999886e+01 1.194999999999999929e+01
-7.883300000000000409e+02 5.679999999999999716e+00 4.097999999999999687e+01
-7.885800000000000409e+02 2.748000000000000043e+01 4.650999999999999801e+01
-7.884600000000000364e+02 5.004999999999999716e+01 2.603999999999999915e+01
-7.883200000000000500e+02 2.100000000000000000e+01 2.782000000000000028e+01
-7.883400000000000318e+02 1.105000000000000071e+01 3.867000000000000171e+01
-7.880599999999999454e+02 2.087999999999999901e+01 1.107000000000000028e+01
-7.884199999999999591e+02 4.014000000000000057e+01 2.607000000000000028e+01
-7.879099999999999682e+02 1.558999999999999986e+01 3.076999999999999957e+01
-7.883300000000000409e+02 1.510999999999999943e+01 3.432999999999999829e+01
-7.884900000000000091e+02 1.023000000000000043e+01 4.785999999999999943e+01
-7.878200000000000500e+02 1.086999999999999922e+01 3.382999999999999829e+01
-7.877000000000000455e+02 1.361999999999999922e+01 2.492999999999999972e+01
-7.878500000000000227e+02 2.180000000000000071e+01 8.269999999999999574e+00
-7.884600000000000364e+02 1.373000000000000043e+01 4.507999999999999829e+01
-7.880599999999999454e+02 2.471000000000000085e+01 8.529999999999999361e+00
-7.882300000000000182e+02 3.520000000000000284e+01 1.010000000000000009e+00
-7.877000000000000455e+02 1.280000000000000071e+01 2.573000000000000043e+01
-7.885099999999999909e+02 4.861999999999999744e+01 4.110999999999999943e+01
-7.885099999999999909e+02 2.203999999999999915e+01 4.492000000000000171e+01
-7.882899999999999636e+02 2.798000000000000043e+01 9.589999999999999858e+00
-7.880399999999999636e+02 1.875000000000000000e+01 1.533999999999999986e+01
-7.885900000000000318e+02 3.868999999999999773e+01 4.560000000000000142e+01
-7.883999999999999773e+02 1.878999999999999915e+01 3.654999999999999716e+01
-7.878600000000000136e+02 2.223999999999999844e+01 6.910000000000000142e+00
-7.880099999999999909e+02 2.614999999999999858e+01 5.700000000000000178e+00
-7.884099999999999682e+02 2.069999999999999840e+00 4.731000000000000227e+01
-7.883600000000000136e+02 2.737999999999999901e+01 2.773999999999999844e+01
-7.878200000000000500e+02 1.692999999999999972e+01 1.942999999999999972e+01
-7.882599999999999909e+02 2.096999999999999886e+01 1.721999999999999886e+01
-7.879700000000000273e+02 2.989999999999999858e+01 1.889999999999999902e+00
-7.878999999999999773e+02 2.664000000000000057e+01 2.390000000000000124e+00
-7.882999999999999545e+02 2.582000000000000028e+01 1.141999999999999993e+01
-7.877100000000000364e+02 2.198000000000000043e+01 5.639999999999999680e+00
-7.881200000000000045e+02 3.103000000000000114e+01 5.019999999999999574e+00
-7.877400000000000091e+02 1.458999999999999986e+01 2.235999999999999943e+01
-7.882400000000000091e+02 3.539999999999999858e+01 1.080000000000000071e+00
-7.884400000000000546e+02 7.000000000000000000e+00 4.652000000000000313e+01
-7.880399999999999636e+02 2.685000000000000142e+01 5.860000000000000320e+00
-7.880000000000000000e+02 1.973000000000000043e+01 1.063000000000000078e+01
-7.880700000000000500e+02 2.328999999999999915e+01 1.033000000000000007e+01
-7.882699999999999818e+02 2.907999999999999829e+01 7.679999999999999716e+00
-7.879700000000000273e+02 3.239000000000000057e+01 1.300000000000000044e-01
-7.885399999999999636e+02 1.582000000000000028e+01 4.779999999999999716e+01
-7.884199999999999591e+02 2.680999999999999872e+01 3.699000000000000199e+01
-7.883600000000000136e+02 4.120000000000000107e+00 4.239999999999999858e+01
-7.885599999999999454e+02 2.746999999999999886e+01 4.510000000000000142e+01
-7.878999999999999773e+02 2.682000000000000028e+01 1.959999999999999964e+00
-7.881900000000000546e+02 3.535999999999999943e+01 8.199999999999999512e-01
-7.877599999999999909e+02 2.132000000000000028e+01 5.820000000000000284e+00
-7.885599999999999454e+02 3.986999999999999744e+01 4.385999999999999943e+01
-7.880800000000000409e+02 3.107999999999999829e+01 3.930000000000000160e+00
-7.882500000000000000e+02 3.272999999999999687e+01 3.709999999999999964e+00
-7.884400000000000546e+02 4.622999999999999687e+01 2.601000000000000156e+01
-7.878099999999999454e+02 1.299000000000000021e+01 2.942000000000000171e+01
-7.884299999999999500e+02 1.699999999999999956e+00 4.834000000000000341e+01
-7.877799999999999727e+02 1.689000000000000057e+01 1.953000000000000114e+01
-7.883200000000000500e+02 2.317000000000000171e+01 1.457000000000000028e+01
-7.883200000000000500e+02 5.860000000000000320e+00 4.082999999999999829e+01
-7.884500000000000455e+02 1.598000000000000043e+01 4.234000000000000341e+01
-7.883300000000000409e+02 2.528999999999999915e+01 2.792999999999999972e+01
-7.880599999999999454e+02 1.994000000000000128e+01 1.544999999999999929e+01
-7.884900000000000091e+02 4.410000000000000142e+01 3.014000000000000057e+01
-7.876900000000000546e+02 1.300999999999999979e+01 2.557000000000000028e+01
-7.884700000000000273e+02 4.963000000000000256e+01 2.605000000000000071e+01
-7.882799999999999727e+02 2.612999999999999901e+01 1.108999999999999986e+01
-7.883200000000000500e+02 1.281000000000000050e+01 3.135999999999999943e+01
-7.880499999999999545e+02 2.417000000000000171e+01 7.490000000000000213e+00
-7.885000000000000000e+02 1.284999999999999964e+01 4.822999999999999687e+01
-7.881100000000000136e+02 2.669999999999999929e+01 8.810000000000000497e+00
-7.884500000000000455e+02 4.199000000000000199e+01 4.067999999999999972e+01
-7.883600000000000136e+02 1.773999999999999844e+01 3.180000000000000071e+01
-7.878500000000000227e+02 2.319999999999999929e+01 3.649999999999999911e+00
-7.877500000000000000e+02 1.481000000000000050e+01 2.137999999999999901e+01
-7.877000000000000455e+02 2.237000000000000099e+01 5.419999999999999929e+00
-7.879099999999999682e+02 1.632000000000000028e+01 2.951000000000000156e+01
-7.879299999999999500e+02 1.703000000000000114e+01 2.817000000000000171e+01
-7.882300000000000182e+02 1.842000000000000171e+01 3.051000000000000156e+01
-7.885700000000000500e+02 2.123999999999999844e+01 4.763000000000000256e+01
-7.883099999999999454e+02 8.019999999999999574e+00 4.018999999999999773e+01
