-7.883099999999999454e+02 1.268999999999999950e+01 3.073000000000000043e+01
-7.882500000000000000e+02 3.495000000000000284e+01 1.260000000000000009e+00
-7.879400000000000546e+02 1.607000000000000028e+01 3.046000000000000085e+01
-7.884900000000000091e+02 4.911999999999999744e+01 2.612000000000000099e+01
-7.881100000000000136e+02 2.480999999999999872e+01 1.318999999999999950e+01
-7.884299999999999500e+02 6.899999999999999467e-01 4.836999999999999744e+01
-7.882400000000000091e+02 1.889000000000000057e+01 2.975000000000000000e+01
-7.878400000000000318e+02 2.710000000000000142e+01 1.400000000000000133e-01
-7.883200000000000500e+02 2.217999999999999972e+01 1.573000000000000043e+01
-7.883999999999999773e+02 3.543999999999999773e+01 3.087999999999999901e+01
-7.880199999999999818e+02 1.728000000000000114e+01 1.673999999999999844e+01
-7.886100000000000136e+02 3.101999999999999957e+01 4.721999999999999886e+01
-7.877300000000000182e+02 1.739000000000000057e+01 1.626000000000000156e+01
-7.879900000000000091e+02 2.694999999999999929e+01 3.399999999999999911e+00
-7.883200000000000500e+02 5.799999999999999822e+00 4.090999999999999659e+01
-7.876799999999999500e+02 1.296000000000000085e+01 2.564999999999999858e+01
-7.880099999999999909e+02 1.858999999999999986e+01 1.175000000000000000e+01
-7.878300000000000409e+02 1.419999999999999929e+01 2.548000000000000043e+01
-7.878899999999999864e+02 1.962000000000000099e+01 8.710000000000000853e+00
-7.883999999999999773e+02 4.114999999999999858e+01 2.601000000000000156e+01
-7.879600000000000364e+02 3.285000000000000142e+01 0.000000000000000000e+00
-7.885800000000000409e+02 2.258999999999999986e+01 4.757999999999999829e+01
-7.877200000000000273e+02 1.563000000000000078e+01 1.994999999999999929e+01
-7.883099999999999454e+02 9.230000000000000426e+00 3.582000000000000028e+01
-7.880800000000000409e+02 2.082999999999999829e+01 1.753999999999999915e+01
-7.884400000000000546e+02 4.929999999999999716e+00 4.732000000000000028e+01
-7.884800000000000182e+02 4.322999999999999687e+01 3.343999999999999773e+01
-7.881799999999999500e+02 3.659000000000000341e+01 0.000000000000000000e+00
-7.884400000000000546e+02 9.839999999999999858e+00 4.474000000000000199e+01
-7.882599999999999909e+02 3.268999999999999773e+01 3.709999999999999964e+00
-7.885399999999999636e+02 1.577999999999999936e+01 4.781000000000000227e+01
-7.883200000000000500e+02 2.205000000000000071e+01 2.132999999999999829e+01
-7.878500000000000227e+02 2.319999999999999929e+01 3.649999999999999911e+00
-7.883099999999999454e+02 2.571999999999999886e+01 1.155000000000000071e+01
-7.884099999999999682e+02 2.567999999999999972e+01 3.259000000000000341e+01
-7.883999999999999773e+02 1.946000000000000085e+01 3.511999999999999744e+01
-7.881299999999999955e+02 2.866000000000000014e+01 8.669999999999999929e+00
-7.881100000000000136e+02 3.204999999999999716e+01 4.019999999999999574e+00
-7.877699999999999818e+02 1.128999999999999915e+01 3.313000000000000256e+01
-7.885900000000000318e+02 4.190999999999999659e+01 4.506000000000000227e+01
-7.880099999999999909e+02 2.296999999999999886e+01 7.969999999999999751e+00
-7.877100000000000364e+02 2.200000000000000000e+01 5.580000000000000071e+00
-7.882799999999999727e+02 2.985000000000000142e+01 7.969999999999999751e+00
-7.884199999999999591e+02 1.508999999999999986e+01 4.170000000000000284e+01
-7.884600000000000364e+02 1.058000000000000007e+01 4.603000000000000114e+01
-7.884199999999999591e+02 4.042000000000000171e+01 2.616000000000000014e+01
-7.882599999999999909e+02 2.096999999999999886e+01 1.721999999999999886e+01
-7.883899999999999864e+02 1.732000000000000028e+01 3.679999999999999716e+01
-7.882999999999999545e+02 2.596999999999999886e+01 1.140000000000000036e+01
-7.877699999999999818e+02 1.610000000000000142e+01 2.237999999999999901e+01
-7.877100000000000364e+02 1.458000000000000007e+01 2.307000000000000028e+01
-7.879600000000000364e+02 2.976999999999999957e+01 2.700000000000000178e+00
-7.878200000000000500e+02 1.107000000000000028e+01 3.363000000000000256e+01
-7.883300000000000409e+02 5.650000000000000355e+00 4.359000000000000341e+01
-7.880900000000000318e+02 2.455000000000000071e+01 1.121000000000000085e+01
-7.881100000000000136e+02 2.971999999999999886e+01 6.360000000000000320e+00
-7.877000000000000455e+02 2.237000000000000099e+01 5.419999999999999929e+00
-7.884099999999999682e+02 3.500000000000000000e+00 4.686999999999999744e+01
-7.883300000000000409e+02 1.490000000000000036e+01 3.431000000000000227e+01
-7.878200000000000500e+02 2.135999999999999943e+01 7.160000000000000142e+00
-7.883799999999999955e+02 3.321000000000000085e+01 2.487999999999999901e+01
-7.884800000000000182e+02 2.955000000000000071e+01 4.253999999999999915e+01
-7.880299999999999727e+02 1.725000000000000000e+01 1.794999999999999929e+01
-7.882799999999999727e+02 2.982000000000000028e+01 7.980000000000000426e+00
-7.879600000000000364e+02 2.076999999999999957e+01 8.699999999999999289e+00
-7.877500000000000000e+02 2.246000000000000085e+01 6.099999999999999645e+00
-7.882500000000000000e+02 3.495000000000000284e+01 1.260000000000000009e+00
-7.876900000000000546e+02 1.324000000000000021e+01 2.519999999999999929e+01
-7.884800000000000182e+02 5.047999999999999687e+01 2.605999999999999872e+01
-7.879199999999999591e+02 3.278999999999999915e+01 0.000000000000000000e+00
-7.880700000000000500e+02 2.035999999999999943e+01 1.450000000000000000e+01
-7.883899999999999864e+02 2.619000000000000128e+01 3.211999999999999744e+01
-7.883200000000000500e+02 2.160999999999999943e+01 2.655000000000000071e+01
-7.884299999999999500e+02 3.485000000000000142e+01 3.702000000000000313e+01
-7.882699999999999818e+02 1.967000000000000171e+01 2.957999999999999829e+01
-7.882400000000000091e+02 3.399000000000000199e+01 2.270000000000000018e+00
-7.883200000000000500e+02 1.014000000000000057e+01 3.403000000000000114e+01
-7.878700000000000045e+02 2.828999999999999915e+01 4.699999999999999734e-01
-7.882400000000000091e+02 3.509000000000000341e+01 1.149999999999999911e+00
-7.880800000000000409e+02 3.060000000000000142e+01 4.410000000000000142e+00
-7.885599999999999454e+02 2.605000000000000071e+01 4.614999999999999858e+01
-7.883799999999999955e+02 1.524000000000000021e+01 3.989000000000000057e+01
-7.879400000000000546e+02 1.664999999999999858e+01 2.844999999999999929e+01
-7.879900000000000091e+02 1.973000000000000043e+01 1.013000000000000078e+01
-7.885199999999999818e+02 1.623999999999999844e+01 4.717999999999999972e+01
-7.884199999999999591e+02 1.060000000000000053e+00 4.829999999999999716e+01
-7.884800000000000182e+02 4.414999999999999858e+01 3.058999999999999986e+01
-7.885099999999999909e+02 1.524000000000000021e+01 4.715999999999999659e+01
-7.884500000000000455e+02 6.860000000000000320e+00 4.706000000000000227e+01
-7.877100000000000364e+02 2.198000000000000043e+01 5.639999999999999680e+00
-7.882200000000000273e+02 3.389000000000000057e+01 2.399999999999999911e+00
-7.880700000000000500e+02 2.167999999999999972e+01 1.086999999999999922e+01
-7.882999999999999545e+02 1.253999999999999915e+01 3.218999999999999773e+01
-7.877300000000000182e+02 2.544000000000000128e+01 3.399999999999999911e+00
-7.882400000000000091e+02 3.525999999999999801e+01 1.040000000000000036e+00
-7.883500000000000227e+02 9.460000000000000853e+00 4.071999999999999886e+01
-7.880299999999999727e+02 3.148999999999999844e+01 3.169999999999999929e+00
-7.882799999999999727e+02 1.826999999999999957e+01 2.989999999999999858e+01
-7.878799999999999955e+02 2.017999999999999972e+01 8.189999999999999503e+00
-7.879700000000000273e+02 2.946999999999999886e+01 2.950000000000000178e+00
-7.885900000000000318e+02 3.092999999999999972e+01 4.629999999999999716e+01
-7.884099999999999682e+02 8.000000000000000444e-01 4.813000000000000256e+01
-7.878200000000000500e+02 1.086999999999999922e+01 3.382999999999999829e+01
-7.884099999999999682e+02 3.646000000000000085e+01 3.192000000000000171e+01
-7.881299999999999955e+02 2.917000000000000171e+01 7.480000000000000426e+00
-7.883999999999999773e+02 1.407000000000000028e+01 4.170000000000000284e+01
-7.880199999999999818e+02 1.939000000000000057e+01 1.166000000000000014e+01
-7.880299999999999727e+02 1.821000000000000085e+01 1.701999999999999957e+01
-7.885000000000000000e+02 4.860000000000000142e+01 4.129999999999999716e+01
-7.877300000000000182e+02 1.513000000000000078e+01 2.069000000000000128e+01
-7.884099999999999682e+02 1.969000000000000128e+01 3.993999999999999773e+01
-7.882500000000000000e+02 3.243999999999999773e+01 3.970000000000000195e+00
-7.883200000000000500e+02 6.330000000000000071e+00 4.078000000000000114e+01
-7.880000000000000000e+02 3.196000000000000085e+01 2.390000000000000124e+00
-7.883099999999999454e+02 2.526000000000000156e+01 1.208999999999999986e+01
-7.878899999999999864e+02 2.658999999999999986e+01 2.600000000000000089e+00
-7.882899999999999636e+02 2.798000000000000043e+01 9.310000000000000497e+00
-7.880199999999999818e+02 2.162000000000000099e+01 8.880000000000000782e+00
-7.885499999999999545e+02 2.101000000000000156e+01 4.692999999999999972e+01
-7.885900000000000318e+02 3.954999999999999716e+01 4.582000000000000028e+01
-7.883400000000000318e+02 9.970000000000000639e+00 3.907999999999999829e+01
-7.883500000000000227e+02 2.078000000000000114e+01 2.935000000000000142e+01
-7.882799999999999727e+02 2.012999999999999901e+01 1.823000000000000043e+01
-7.876799999999999500e+02 1.298000000000000043e+01 2.541000000000000014e+01
-7.883200000000000500e+02 2.292999999999999972e+01 1.482000000000000028e+01
-7.877000000000000455e+02 1.418999999999999950e+01 2.480000000000000071e+01
-7.883300000000000409e+02 3.183999999999999986e+01 2.160000000000000142e+01
-7.884900000000000091e+02 4.921999999999999886e+01 2.610999999999999943e+01
