-7.883200000000000500e+02 5.799999999999999822e+00 4.090999999999999659e+01
-7.882799999999999727e+02 2.985000000000000142e+01 7.969999999999999751e+00
-7.884099999999999682e+02 2.567999999999999972e+01 3.259000000000000341e+01
-7.884299999999999500e+02 6.899999999999999467e-01 4.836999999999999744e+01
-7.881399999999999864e+02 3.628000000000000114e+01 0.000000000000000000e+00
-7.878899999999999864e+02 1.962000000000000099e+01 8.710000000000000853e+00
-7.877699999999999818e+02 1.128999999999999915e+01 3.313000000000000256e+01
-7.881100000000000136e+02 2.480999999999999872e+01 1.318999999999999950e+01
-7.885800000000000409e+02 2.258999999999999986e+01 4.757999999999999829e+01
-7.880800000000000409e+02 2.082999999999999829e+01 1.753999999999999915e+01
-7.884299999999999500e+02 9.880000000000000782e+00 4.422999999999999687e+01
-7.885900000000000318e+02 4.190999999999999659e+01 4.506000000000000227e+01
-7.878400000000000318e+02 2.710000000000000142e+01 1.400000000000000133e-01
-7.883099999999999454e+02 1.268999999999999950e+01 3.073000000000000043e+01
-7.877300000000000182e+02 1.739000000000000057e+01 1.626000000000000156e+01
-7.880199999999999818e+02 1.728000000000000114e+01 1.673999999999999844e+01
-7.884199999999999591e+02 1.508999999999999986e+01 4.170000000000000284e+01
-7.882599999999999909e+02 3.268999999999999773e+01 3.709999999999999964e+00
-7.882799999999999727e+02 1.826999999999999957e+01 2.989999999999999858e+01
-7.881299999999999955e+02 2.866000000000000014e+01 8.669999999999999929e+00
-7.886000000000000227e+02 3.141000000000000014e+01 4.671000000000000085e+01
-7.882500000000000000e+02 3.495000000000000284e+01 1.260000000000000009e+00
-7.877100000000000364e+02 2.226999999999999957e+01 4.700000000000000178e+00
-7.883099999999999454e+02 2.571000000000000085e+01 1.158000000000000007e+01
-7.879400000000000546e+02 1.607000000000000028e+01 3.046000000000000085e+01
-7.879900000000000091e+02 2.694999999999999929e+01 3.399999999999999911e+00
-7.883200000000000500e+02 2.217999999999999972e+01 1.573000000000000043e+01
-7.884800000000000182e+02 4.322999999999999687e+01 3.343999999999999773e+01
-7.878500000000000227e+02 2.303000000000000114e+01 3.910000000000000142e+00
-7.885399999999999636e+02 1.577999999999999936e+01 4.781000000000000227e+01
-7.884400000000000546e+02 4.929999999999999716e+00 4.732000000000000028e+01
-7.877200000000000273e+02 1.563000000000000078e+01 1.994999999999999929e+01
-7.882899999999999636e+02 8.640000000000000568e+00 3.670000000000000284e+01
-7.883999999999999773e+02 2.057000000000000028e+01 3.853999999999999915e+01
-7.883999999999999773e+02 4.114999999999999858e+01 2.601000000000000156e+01
-7.883999999999999773e+02 3.543999999999999773e+01 3.087999999999999901e+01
-7.879600000000000364e+02 3.285000000000000142e+01 0.000000000000000000e+00
-7.883200000000000500e+02 2.205000000000000071e+01 2.132999999999999829e+01
-7.876799999999999500e+02 1.296000000000000085e+01 2.564999999999999858e+01
-7.878300000000000409e+02 1.442999999999999972e+01 2.507999999999999829e+01
-7.880099999999999909e+02 2.296999999999999886e+01 7.969999999999999751e+00
-7.881100000000000136e+02 3.204999999999999716e+01 4.019999999999999574e+00
-7.880099999999999909e+02 1.855000000000000071e+01 1.172000000000000064e+01
-7.884900000000000091e+02 4.911999999999999744e+01 2.612000000000000099e+01
-7.878600000000000136e+02 2.030999999999999872e+01 7.169999999999999929e+00
-7.882899999999999636e+02 7.809999999999999609e+00 3.939999999999999858e+01
-7.880199999999999818e+02 3.100000000000000000e+01 1.929999999999999938e+00
-7.886000000000000227e+02 3.803000000000000114e+01 4.668999999999999773e+01
-7.885599999999999454e+02 2.605000000000000071e+01 4.614999999999999858e+01
-7.884299999999999500e+02 4.917999999999999972e+01 2.601999999999999957e+01
-7.882100000000000364e+02 3.296999999999999886e+01 3.390000000000000124e+00
-7.885099999999999909e+02 1.425999999999999979e+01 4.725999999999999801e+01
-7.881599999999999682e+02 3.589999999999999858e+01 2.800000000000000266e-01
-7.883400000000000318e+02 1.839999999999999858e+01 3.089999999999999858e+01
-7.879500000000000455e+02 2.314999999999999858e+01 5.160000000000000142e+00
-7.880399999999999636e+02 2.275000000000000000e+01 8.470000000000000639e+00
-7.884199999999999591e+02 3.745000000000000284e+01 3.774000000000000199e+01
-7.884500000000000455e+02 6.860000000000000320e+00 4.706000000000000227e+01
-7.885800000000000409e+02 3.051000000000000156e+01 4.649000000000000199e+01
-7.878600000000000136e+02 2.585000000000000142e+01 1.709999999999999964e+00
-7.879400000000000546e+02 1.626000000000000156e+01 2.853000000000000114e+01
-7.880900000000000318e+02 2.450000000000000000e+01 1.083000000000000007e+01
-7.883500000000000227e+02 2.948999999999999844e+01 2.082999999999999829e+01
-7.884500000000000455e+02 8.029999999999999361e+00 4.642000000000000171e+01
-7.883300000000000409e+02 2.312000000000000099e+01 2.910000000000000142e+01
-7.885000000000000000e+02 1.832999999999999829e+01 4.686999999999999744e+01
-7.883999999999999773e+02 9.300000000000000488e-01 4.800999999999999801e+01
-7.882999999999999545e+02 2.596999999999999886e+01 1.140000000000000036e+01
-7.880700000000000500e+02 2.035999999999999943e+01 1.450000000000000000e+01
-7.879099999999999682e+02 2.850000000000000000e+01 1.659999999999999920e+00
-7.878300000000000409e+02 1.419999999999999929e+01 2.548000000000000043e+01
-7.877699999999999818e+02 1.705000000000000071e+01 1.932999999999999829e+01
-7.885000000000000000e+02 4.850000000000000000e+01 4.114000000000000057e+01
-7.883099999999999454e+02 1.259999999999999964e+01 3.235000000000000142e+01
-7.878200000000000500e+02 1.107000000000000028e+01 3.363000000000000256e+01
-7.884900000000000091e+02 4.921999999999999886e+01 2.610999999999999943e+01
-7.882799999999999727e+02 2.012999999999999901e+01 1.823000000000000043e+01
-7.882599999999999909e+02 3.234000000000000341e+01 4.049999999999999822e+00
-7.880199999999999818e+02 1.939000000000000057e+01 1.166000000000000014e+01
-7.877100000000000364e+02 2.198000000000000043e+01 5.639999999999999680e+00
-7.880900000000000318e+02 2.814999999999999858e+01 6.379999999999999893e+00
-7.882500000000000000e+02 3.495000000000000284e+01 1.260000000000000009e+00
-7.882599999999999909e+02 3.030000000000000071e+01 7.719999999999999751e+00
-7.883200000000000500e+02 5.900000000000000355e+00 4.081000000000000227e+01
-7.876900000000000546e+02 1.324000000000000021e+01 2.519999999999999929e+01
-7.877200000000000273e+02 1.666000000000000014e+01 1.907000000000000028e+01
-7.884199999999999591e+02 2.203000000000000114e+01 3.960999999999999943e+01
-7.880599999999999454e+02 2.017999999999999972e+01 1.571000000000000085e+01
-7.884099999999999682e+02 3.646000000000000085e+01 3.192000000000000171e+01
-7.884099999999999682e+02 7.900000000000000355e-01 4.813000000000000256e+01
-7.883400000000000318e+02 2.337000000000000099e+01 1.626999999999999957e+01
-7.880800000000000409e+02 2.501000000000000156e+01 8.160000000000000142e+00
-7.876799999999999500e+02 1.298000000000000043e+01 2.541000000000000014e+01
-7.879400000000000546e+02 1.664999999999999858e+01 2.844999999999999929e+01
-7.883899999999999864e+02 2.116000000000000014e+01 3.456000000000000227e+01
-7.884900000000000091e+02 4.225999999999999801e+01 4.193999999999999773e+01
-7.885099999999999909e+02 1.524000000000000021e+01 4.715999999999999659e+01
-7.882899999999999636e+02 2.796999999999999886e+01 1.083999999999999986e+01
-7.885900000000000318e+02 3.035999999999999943e+01 4.656000000000000227e+01
-7.884700000000000273e+02 2.889999999999999858e+01 4.125000000000000000e+01
-7.879199999999999591e+02 2.123999999999999844e+01 6.440000000000000391e+00
-7.885499999999999545e+02 2.391000000000000014e+01 4.606000000000000227e+01
-7.882899999999999636e+02 1.122000000000000064e+01 3.515999999999999659e+01
-7.877100000000000364e+02 1.458000000000000007e+01 2.307000000000000028e+01
-7.882999999999999545e+02 1.253999999999999915e+01 3.218999999999999773e+01
-7.884800000000000182e+02 5.047999999999999687e+01 2.605999999999999872e+01
-7.881100000000000136e+02 3.192000000000000171e+01 4.059999999999999609e+00
-7.884800000000000182e+02 1.231000000000000050e+01 4.696000000000000085e+01
-7.882200000000000273e+02 3.413000000000000256e+01 2.140000000000000124e+00
-7.877100000000000364e+02 2.200000000000000000e+01 5.580000000000000071e+00
-7.883200000000000500e+02 6.330000000000000071e+00 4.078000000000000114e+01
-7.884900000000000091e+02 4.910000000000000142e+01 4.093999999999999773e+01
-7.882400000000000091e+02 3.525999999999999801e+01 1.040000000000000036e+00
-7.880299999999999727e+02 1.896000000000000085e+01 1.246000000000000085e+01
-7.880099999999999909e+02 3.107000000000000028e+01 1.830000000000000071e+00
-7.878600000000000136e+02 3.046999999999999886e+01 0.000000000000000000e+00
-7.880399999999999636e+02 1.817999999999999972e+01 1.630999999999999872e+01
-7.880299999999999727e+02 2.167999999999999972e+01 8.650000000000000355e+00
-7.880900000000000318e+02 2.417000000000000171e+01 1.150000000000000000e+01
-7.883999999999999773e+02 4.114999999999999858e+01 2.601000000000000156e+01
-7.884400000000000546e+02 1.398000000000000043e+01 4.393999999999999773e+01
-7.883200000000000500e+02 2.160999999999999943e+01 2.655000000000000071e+01
-7.882799999999999727e+02 2.982000000000000028e+01 7.980000000000000426e+00
-7.880199999999999818e+02 2.791000000000000014e+01 4.059999999999999609e+00
-7.878500000000000227e+02 1.583999999999999986e+01 2.998000000000000043e+01
-7.882500000000000000e+02 3.285000000000000142e+01 3.509999999999999787e+00
-7.883400000000000318e+02 1.883999999999999986e+01 2.948000000000000043e+01
-7.882000000000000455e+02 3.688000000000000256e+01 0.000000000000000000e+00
