-7.879299999999999500e+02 3.023000000000000043e+01 2.000000000000000111e-01
-7.879900000000000091e+02 1.932000000000000028e+01 1.082000000000000028e+01
-7.881299999999999955e+02 2.730000000000000071e+01 9.470000000000000639e+00
-7.885599999999999454e+02 2.857999999999999829e+01 4.609000000000000341e+01
-7.881100000000000136e+02 2.471999999999999886e+01 1.309999999999999964e+01
-7.885900000000000318e+02 4.190999999999999659e+01 4.506000000000000227e+01
-7.882799999999999727e+02 1.994999999999999929e+01 1.894999999999999929e+01
-7.879900000000000091e+02 2.198999999999999844e+01 8.130000000000000782e+00
-7.885099999999999909e+02 1.425999999999999979e+01 4.725999999999999801e+01
-7.878200000000000500e+02 1.478999999999999915e+01 2.125000000000000000e+01
-7.879400000000000546e+02 1.664999999999999858e+01 2.844999999999999929e+01
-7.885000000000000000e+02 4.850000000000000000e+01 4.114000000000000057e+01
-7.879500000000000455e+02 2.687000000000000099e+01 3.299999999999999822e+00
-7.878400000000000318e+02 2.710000000000000142e+01 1.400000000000000133e-01
-7.884400000000000546e+02 4.240999999999999659e+01 2.605999999999999872e+01
-7.885800000000000409e+02 2.258999999999999986e+01 4.757999999999999829e+01
-7.880800000000000409e+02 2.082999999999999829e+01 1.753999999999999915e+01
-7.883899999999999864e+02 1.923000000000000043e+01 3.677000000000000313e+01
-7.883500000000000227e+02 2.948999999999999844e+01 2.082999999999999829e+01
-7.884099999999999682e+02 7.900000000000000355e-01 4.813000000000000256e+01
-7.878600000000000136e+02 2.030999999999999872e+01 7.169999999999999929e+00
-7.883500000000000227e+02 1.200000000000000000e+01 3.506000000000000227e+01
-7.878500000000000227e+02 2.303000000000000114e+01 3.910000000000000142e+00
-7.876900000000000546e+02 1.698999999999999844e+01 1.639999999999999858e+01
-7.881100000000000136e+02 3.204999999999999716e+01 4.019999999999999574e+00
-7.883099999999999454e+02 2.569999999999999929e+01 1.155000000000000071e+01
-7.883600000000000136e+02 7.650000000000000355e+00 4.157999999999999829e+01
-7.881399999999999864e+02 3.625999999999999801e+01 0.000000000000000000e+00
-7.880199999999999818e+02 1.760999999999999943e+01 1.637999999999999901e+01
-7.877799999999999727e+02 1.307000000000000028e+01 2.521999999999999886e+01
-7.882799999999999727e+02 2.985000000000000142e+01 7.969999999999999751e+00
-7.883400000000000318e+02 3.609999999999999876e+00 4.546999999999999886e+01
-7.883200000000000500e+02 1.966000000000000014e+01 2.935999999999999943e+01
-7.876799999999999500e+02 1.298000000000000043e+01 2.541000000000000014e+01
-7.882599999999999909e+02 3.268999999999999773e+01 3.709999999999999964e+00
-7.878200000000000500e+02 1.107000000000000028e+01 3.363000000000000256e+01
-7.879600000000000364e+02 3.285000000000000142e+01 0.000000000000000000e+00
-7.884400000000000546e+02 4.929999999999999716e+00 4.732000000000000028e+01
-7.884600000000000364e+02 3.917000000000000171e+01 4.103999999999999915e+01
-7.880900000000000318e+02 2.814999999999999858e+01 6.379999999999999893e+00
-7.884900000000000091e+02 4.900999999999999801e+01 2.612999999999999901e+01
-7.880199999999999818e+02 2.791000000000000014e+01 4.059999999999999609e+00
-7.885000000000000000e+02 1.344999999999999929e+01 4.720000000000000284e+01
-7.880700000000000500e+02 2.035999999999999943e+01 1.450000000000000000e+01
-7.882400000000000091e+02 3.507000000000000028e+01 1.189999999999999947e+00
-7.878400000000000318e+02 2.396000000000000085e+01 3.680000000000000160e+00
-7.878600000000000136e+02 2.585000000000000142e+01 1.709999999999999964e+00
-7.882899999999999636e+02 8.080000000000000071e+00 3.921000000000000085e+01
-7.880800000000000409e+02 2.491000000000000014e+01 1.123000000000000043e+01
-7.877200000000000273e+02 1.563000000000000078e+01 1.994999999999999929e+01
-7.883999999999999773e+02 4.046000000000000085e+01 2.603000000000000114e+01
-7.882899999999999636e+02 2.796999999999999886e+01 1.083999999999999986e+01
-7.882799999999999727e+02 2.853999999999999915e+01 8.300000000000000711e+00
-7.882999999999999545e+02 1.253999999999999915e+01 3.218999999999999773e+01
-7.884199999999999591e+02 3.421999999999999886e+01 3.665999999999999659e+01
-7.877300000000000182e+02 1.739000000000000057e+01 1.626000000000000156e+01
-7.882400000000000091e+02 3.506000000000000227e+01 3.689999999999999947e+00
-7.886000000000000227e+02 3.139000000000000057e+01 4.671000000000000085e+01
-7.880199999999999818e+02 1.939000000000000057e+01 1.166000000000000014e+01
-7.880599999999999454e+02 2.235000000000000142e+01 9.609999999999999432e+00
-7.883400000000000318e+02 1.726999999999999957e+01 3.008999999999999986e+01
-7.883099999999999454e+02 2.119999999999999929e+01 2.810999999999999943e+01
-7.876900000000000546e+02 1.324000000000000021e+01 2.519999999999999929e+01
-7.883999999999999773e+02 3.529999999999999716e+01 3.091000000000000014e+01
-7.884299999999999500e+02 6.899999999999999467e-01 4.836999999999999744e+01
-7.884299999999999500e+02 1.732000000000000028e+01 4.260999999999999943e+01
-7.878099999999999454e+02 1.414000000000000057e+01 2.546000000000000085e+01
-7.879400000000000546e+02 1.626000000000000156e+01 2.853000000000000114e+01
-7.882300000000000182e+02 3.350999999999999801e+01 2.950000000000000178e+00
-7.878899999999999864e+02 1.962000000000000099e+01 8.710000000000000853e+00
-7.877699999999999818e+02 1.128999999999999915e+01 3.313000000000000256e+01
-7.879400000000000546e+02 1.607000000000000028e+01 3.046000000000000085e+01
-7.880099999999999909e+02 2.296999999999999886e+01 7.969999999999999751e+00
-7.884700000000000273e+02 1.773000000000000043e+01 4.371000000000000085e+01
-7.885599999999999454e+02 2.398000000000000043e+01 4.618999999999999773e+01
-7.885700000000000500e+02 4.321999999999999886e+01 4.465999999999999659e+01
-7.883999999999999773e+02 1.994000000000000128e+01 3.878999999999999915e+01
-7.881799999999999500e+02 3.674000000000000199e+01 0.000000000000000000e+00
-7.882899999999999636e+02 7.809999999999999609e+00 3.939999999999999858e+01
-7.881200000000000045e+02 2.655999999999999872e+01 1.090000000000000036e+01
-7.882999999999999545e+02 2.596999999999999886e+01 1.126999999999999957e+01
-7.880499999999999545e+02 2.078000000000000114e+01 1.236999999999999922e+01
-7.884600000000000364e+02 4.145000000000000284e+01 4.034000000000000341e+01
-7.884199999999999591e+02 2.790000000000000036e+00 4.703999999999999915e+01
-7.883099999999999454e+02 1.259999999999999964e+01 3.235000000000000142e+01
-7.882899999999999636e+02 2.807000000000000028e+01 9.669999999999999929e+00
-7.882599999999999909e+02 3.026000000000000156e+01 7.790000000000000036e+00
-7.878600000000000136e+02 1.710000000000000142e+01 2.480999999999999872e+01
-7.883700000000000045e+02 2.355999999999999872e+01 2.908999999999999986e+01
-7.880199999999999818e+02 1.725000000000000000e+01 1.787000000000000099e+01
-7.883999999999999773e+02 1.219999999999999973e+00 4.775999999999999801e+01
-7.878600000000000136e+02 3.046999999999999886e+01 0.000000000000000000e+00
-7.880499999999999545e+02 2.055999999999999872e+01 1.410999999999999943e+01
-7.882300000000000182e+02 3.361999999999999744e+01 2.680000000000000160e+00
-7.880399999999999636e+02 2.748000000000000043e+01 5.099999999999999645e+00
-7.882899999999999636e+02 2.026000000000000156e+01 1.807000000000000028e+01
-7.878300000000000409e+02 2.387999999999999901e+01 3.500000000000000000e+00
-7.877899999999999636e+02 1.144999999999999929e+01 3.214999999999999858e+01
-7.884600000000000364e+02 1.246000000000000085e+01 4.507999999999999829e+01
-7.884299999999999500e+02 4.142999999999999972e+01 2.617000000000000171e+01
-7.876799999999999500e+02 1.296000000000000085e+01 2.564999999999999858e+01
-7.883999999999999773e+02 4.114999999999999858e+01 2.601000000000000156e+01
-7.885599999999999454e+02 2.305999999999999872e+01 4.693999999999999773e+01
-7.884299999999999500e+02 9.880000000000000782e+00 4.422999999999999687e+01
-7.880800000000000409e+02 2.476000000000000156e+01 1.139000000000000057e+01
-7.883099999999999454e+02 1.342999999999999972e+01 3.178999999999999915e+01
-7.878799999999999955e+02 2.112000000000000099e+01 8.310000000000000497e+00
-7.880199999999999818e+02 1.728000000000000114e+01 1.673999999999999844e+01
-7.878300000000000409e+02 1.442999999999999972e+01 2.507999999999999829e+01
-7.880900000000000318e+02 2.248000000000000043e+01 1.538000000000000078e+01
-7.881599999999999682e+02 3.614999999999999858e+01 7.399999999999999911e-01
-7.880800000000000409e+02 2.501000000000000156e+01 8.160000000000000142e+00
-7.882500000000000000e+02 2.985999999999999943e+01 7.940000000000000391e+00
-7.878600000000000136e+02 2.576000000000000156e+01 1.909999999999999920e+00
-7.880099999999999909e+02 1.917999999999999972e+01 1.107000000000000028e+01
-7.883999999999999773e+02 3.543999999999999773e+01 3.087999999999999901e+01
-7.884800000000000182e+02 3.044999999999999929e+01 4.204999999999999716e+01
-7.882500000000000000e+02 3.242000000000000171e+01 3.970000000000000195e+00
-7.880099999999999909e+02 3.144999999999999929e+01 1.439999999999999947e+00
-7.885000000000000000e+02 1.219999999999999929e+01 4.774000000000000199e+01
-7.884199999999999591e+02 3.765999999999999659e+01 3.593999999999999773e+01
-7.883200000000000500e+02 5.799999999999999822e+00 4.090999999999999659e+01
-7.883099999999999454e+02 2.375000000000000000e+01 1.390000000000000036e+01
-7.877799999999999727e+02 2.294999999999999929e+01 5.759999999999999787e+00
-7.884800000000000182e+02 4.942000000000000171e+01 2.608999999999999986e+01
-7.885299999999999727e+02 2.728999999999999915e+01 4.354999999999999716e+01
-7.882300000000000182e+02 3.229999999999999716e+01 4.099999999999999645e+00
-7.883400000000000318e+02 2.469000000000000128e+01 2.880999999999999872e+01
