-7.883600000000000136e+02 4.339999999999999858e+00 4.231000000000000227e+01
-7.883400000000000318e+02 1.705000000000000071e+01 3.328000000000000114e+01
-7.878099999999999454e+02 1.101999999999999957e+01 3.521999999999999886e+01
-7.878400000000000318e+02 1.996999999999999886e+01 7.690000000000000391e+00
-7.881100000000000136e+02 2.471999999999999886e+01 1.309999999999999964e+01
-7.878700000000000045e+02 1.334999999999999964e+01 3.053999999999999915e+01
-7.885099999999999909e+02 4.853000000000000114e+01 4.121999999999999886e+01
-7.885700000000000500e+02 2.112000000000000099e+01 4.731000000000000227e+01
-7.881200000000000045e+02 2.808999999999999986e+01 8.810000000000000497e+00
-7.883600000000000136e+02 7.650000000000000355e+00 4.157999999999999829e+01
-7.879500000000000455e+02 2.687000000000000099e+01 3.299999999999999822e+00
-7.880599999999999454e+02 1.932000000000000028e+01 1.866000000000000014e+01
-7.883999999999999773e+02 1.020000000000000018e+00 4.796999999999999886e+01
-7.881399999999999864e+02 3.625999999999999801e+01 0.000000000000000000e+00
-7.879900000000000091e+02 2.198999999999999844e+01 8.130000000000000782e+00
-7.883500000000000227e+02 1.200000000000000000e+01 3.506000000000000227e+01
-7.883099999999999454e+02 2.569999999999999929e+01 1.155000000000000071e+01
-7.876799999999999500e+02 1.623000000000000043e+01 1.955999999999999872e+01
-7.882799999999999727e+02 1.994999999999999929e+01 1.894999999999999929e+01
-7.885499999999999545e+02 3.692000000000000171e+01 4.428000000000000114e+01
-7.884900000000000091e+02 4.964999999999999858e+01 2.916000000000000014e+01
-7.878200000000000500e+02 2.548999999999999844e+01 1.399999999999999911e+00
-7.885099999999999909e+02 1.341999999999999993e+01 4.725000000000000000e+01
-7.879900000000000091e+02 1.932000000000000028e+01 1.082000000000000028e+01
-7.883500000000000227e+02 2.653000000000000114e+01 1.889999999999999858e+01
-7.880900000000000318e+02 1.458000000000000007e+01 3.467000000000000171e+01
-7.881100000000000136e+02 3.204999999999999716e+01 4.019999999999999574e+00
-7.878799999999999955e+02 3.256000000000000227e+01 0.000000000000000000e+00
-7.883200000000000500e+02 1.966000000000000014e+01 2.935999999999999943e+01
-7.882799999999999727e+02 2.985000000000000142e+01 7.969999999999999751e+00
-7.878200000000000500e+02 2.239000000000000057e+01 4.900000000000000355e+00
-7.880199999999999818e+02 1.767000000000000171e+01 1.600000000000000000e+01
-7.876799999999999500e+02 1.298000000000000043e+01 2.541000000000000014e+01
-7.878200000000000500e+02 1.478999999999999915e+01 2.125000000000000000e+01
-7.880800000000000409e+02 2.053999999999999915e+01 1.582000000000000028e+01
-7.885599999999999454e+02 2.748000000000000043e+01 4.499000000000000199e+01
-7.879500000000000455e+02 1.680999999999999872e+01 2.855000000000000071e+01
-7.882599999999999909e+02 3.268999999999999773e+01 3.689999999999999947e+00
-7.878500000000000227e+02 2.830999999999999872e+01 3.900000000000000133e-01
-7.882999999999999545e+02 2.646000000000000085e+01 1.069999999999999929e+01
-7.882300000000000182e+02 3.361999999999999744e+01 2.680000000000000160e+00
-7.881799999999999500e+02 3.646000000000000085e+01 0.000000000000000000e+00
-7.884099999999999682e+02 5.280000000000000249e+00 4.665999999999999659e+01
-7.882599999999999909e+02 3.260000000000000142e+01 6.679999999999999716e+00
-7.880499999999999545e+02 2.071999999999999886e+01 1.072000000000000064e+01
-7.885099999999999909e+02 3.546999999999999886e+01 4.407999999999999829e+01
-7.880599999999999454e+02 2.014999999999999858e+01 1.565000000000000036e+01
-7.883999999999999773e+02 1.219999999999999973e+00 4.775999999999999801e+01
-7.884900000000000091e+02 1.960000000000000142e+01 4.607000000000000028e+01
-7.876900000000000546e+02 1.324000000000000021e+01 2.519999999999999929e+01
-7.878300000000000409e+02 2.389000000000000057e+01 3.399999999999999911e+00
-7.883799999999999955e+02 6.769999999999999574e+00 4.245000000000000284e+01
-7.880700000000000500e+02 2.353999999999999915e+01 1.128999999999999915e+01
-7.877500000000000000e+02 1.717999999999999972e+01 1.637999999999999901e+01
-7.876900000000000546e+02 1.698999999999999844e+01 1.639999999999999858e+01
-7.878600000000000136e+02 2.585000000000000142e+01 1.709999999999999964e+00
-7.877300000000000182e+02 1.348000000000000043e+01 2.582000000000000028e+01
-7.882599999999999909e+02 3.278000000000000114e+01 3.580000000000000071e+00
-7.885800000000000409e+02 2.937000000000000099e+01 4.609000000000000341e+01
-7.881000000000000227e+02 2.691000000000000014e+01 7.769999999999999574e+00
-7.883099999999999454e+02 1.782999999999999829e+01 3.289000000000000057e+01
-7.884800000000000182e+02 4.942000000000000171e+01 2.608999999999999986e+01
-7.877599999999999909e+02 1.349000000000000021e+01 2.112999999999999901e+01
-7.883500000000000227e+02 2.276000000000000156e+01 2.928000000000000114e+01
-7.878200000000000500e+02 1.107000000000000028e+01 3.363000000000000256e+01
-7.884400000000000546e+02 3.792999999999999972e+01 3.952000000000000313e+01
-7.880299999999999727e+02 2.632999999999999829e+01 5.500000000000000000e+00
-7.883099999999999454e+02 2.217000000000000171e+01 1.575000000000000000e+01
-7.880199999999999818e+02 2.255000000000000071e+01 9.500000000000000000e+00
-7.879400000000000546e+02 1.664999999999999858e+01 2.844999999999999929e+01
-7.877599999999999909e+02 2.117000000000000171e+01 6.400000000000000355e+00
-7.883200000000000500e+02 1.121000000000000085e+01 3.697999999999999687e+01
-7.884800000000000182e+02 1.115000000000000036e+01 4.710999999999999943e+01
-7.885099999999999909e+02 4.774000000000000199e+01 4.127000000000000313e+01
-7.883400000000000318e+02 4.230000000000000426e+00 4.318999999999999773e+01
-7.880499999999999545e+02 1.951999999999999957e+01 1.158000000000000007e+01
-7.883700000000000045e+02 3.058999999999999986e+01 2.271000000000000085e+01
-7.884099999999999682e+02 1.089000000000000057e+01 4.268999999999999773e+01
-7.878400000000000318e+02 2.550000000000000000e+01 1.340000000000000080e+00
-7.882599999999999909e+02 3.026000000000000156e+01 7.790000000000000036e+00
-7.882599999999999909e+02 3.271000000000000085e+01 3.660000000000000142e+00
-7.878600000000000136e+02 1.408000000000000007e+01 2.680000000000000071e+01
-7.884099999999999682e+02 1.210999999999999943e+01 4.221999999999999886e+01
-7.886000000000000227e+02 3.139000000000000057e+01 4.671000000000000085e+01
-7.878600000000000136e+02 1.710000000000000142e+01 2.480999999999999872e+01
-7.878500000000000227e+02 2.303000000000000114e+01 3.910000000000000142e+00
-7.879400000000000546e+02 1.626000000000000156e+01 2.853000000000000114e+01
-7.880900000000000318e+02 2.532999999999999829e+01 1.093999999999999950e+01
-7.884400000000000546e+02 4.178000000000000114e+01 3.921000000000000085e+01
-7.885000000000000000e+02 1.273000000000000043e+01 4.736999999999999744e+01
-7.883600000000000136e+02 3.007999999999999829e+01 2.762999999999999901e+01
-7.884900000000000091e+02 4.967000000000000171e+01 2.894000000000000128e+01
-7.882200000000000273e+02 3.513000000000000256e+01 1.080000000000000071e+00
-7.883300000000000409e+02 1.857999999999999829e+01 3.171000000000000085e+01
-7.877200000000000273e+02 1.563000000000000078e+01 1.994999999999999929e+01
-7.880700000000000500e+02 2.035999999999999943e+01 1.450000000000000000e+01
-7.880199999999999818e+02 1.760999999999999943e+01 1.637999999999999901e+01
-7.882999999999999545e+02 2.601999999999999957e+01 1.121000000000000085e+01
-7.878600000000000136e+02 2.576000000000000156e+01 1.909999999999999920e+00
-7.884800000000000182e+02 3.044999999999999929e+01 4.204999999999999716e+01
-7.878600000000000136e+02 2.030999999999999872e+01 7.169999999999999929e+00
-7.876799999999999500e+02 1.296000000000000085e+01 2.564999999999999858e+01
-7.885800000000000409e+02 4.107000000000000028e+01 4.496999999999999886e+01
-7.881100000000000136e+02 2.798000000000000043e+01 7.959999999999999964e+00
-7.883999999999999773e+02 1.229999999999999982e+00 4.774000000000000199e+01
-7.880099999999999909e+02 2.087999999999999901e+01 9.630000000000000782e+00
-7.882500000000000000e+02 3.270000000000000284e+01 3.660000000000000142e+00
-7.884700000000000273e+02 1.773000000000000043e+01 4.371000000000000085e+01
-7.880099999999999909e+02 3.144999999999999929e+01 1.439999999999999947e+00
-7.880399999999999636e+02 2.358999999999999986e+01 8.269999999999999574e+00
-7.878400000000000318e+02 2.710000000000000142e+01 1.400000000000000133e-01
-7.880399999999999636e+02 1.892000000000000171e+01 1.381000000000000050e+01
-7.885599999999999454e+02 4.457000000000000028e+01 4.439999999999999858e+01
-7.877899999999999636e+02 1.144999999999999929e+01 3.214999999999999858e+01
-7.879299999999999500e+02 3.023000000000000043e+01 2.000000000000000111e-01
-7.878700000000000045e+02 2.542999999999999972e+01 2.379999999999999893e+00
-7.884500000000000455e+02 4.609000000000000341e+01 2.601999999999999957e+01
-7.885900000000000318e+02 3.445000000000000284e+01 4.642999999999999972e+01
-7.877699999999999818e+02 1.505000000000000071e+01 2.035999999999999943e+01
-7.882999999999999545e+02 8.910000000000000142e+00 3.753999999999999915e+01
-7.884299999999999500e+02 3.900999999999999801e+01 3.717000000000000171e+01
-7.884099999999999682e+02 1.264000000000000057e+01 4.214999999999999858e+01
-7.882999999999999545e+02 2.639999999999999858e+01 1.075000000000000000e+01
-7.883700000000000045e+02 2.428000000000000114e+01 2.978000000000000114e+01
-7.884700000000000273e+02 1.432000000000000028e+01 4.540999999999999659e+01
-7.883999999999999773e+02 4.309999999999999609e+00 4.421999999999999886e+01
-7.880800000000000409e+02 2.430999999999999872e+01 1.166000000000000014e+01
-7.882799999999999727e+02 2.878000000000000114e+01 9.140000000000000568e+00
