-7.882999999999999545e+02 2.205000000000000071e+01 2.910000000000000142e+01
-7.878899999999999864e+02 3.254999999999999716e+01 0.000000000000000000e+00
-7.880199999999999818e+02 1.767000000000000171e+01 1.600000000000000000e+01
-7.879500000000000455e+02 2.687000000000000099e+01 3.299999999999999822e+00
-7.885599999999999454e+02 3.735000000000000142e+01 4.435000000000000142e+01
-7.883600000000000136e+02 2.839999999999999858e+01 2.837000000000000099e+01
-7.877500000000000000e+02 1.476999999999999957e+01 1.873000000000000043e+01
-7.884900000000000091e+02 4.964999999999999858e+01 2.916000000000000014e+01
-7.881100000000000136e+02 3.204999999999999716e+01 4.019999999999999574e+00
-7.885099999999999909e+02 4.849000000000000199e+01 4.121999999999999886e+01
-7.878400000000000318e+02 1.996999999999999886e+01 7.690000000000000391e+00
-7.881100000000000136e+02 2.482000000000000028e+01 1.215000000000000036e+01
-7.877400000000000091e+02 2.257000000000000028e+01 4.410000000000000142e+00
-7.878099999999999454e+02 1.315000000000000036e+01 2.860999999999999943e+01
-7.883600000000000136e+02 4.339999999999999858e+00 4.231000000000000227e+01
-7.882799999999999727e+02 3.019999999999999929e+01 7.790000000000000036e+00
-7.883600000000000136e+02 7.650000000000000355e+00 4.157999999999999829e+01
-7.885700000000000500e+02 2.112000000000000099e+01 4.731000000000000227e+01
-7.883999999999999773e+02 9.799999999999999822e-01 4.800000000000000000e+01
-7.878200000000000500e+02 2.548999999999999844e+01 1.399999999999999911e+00
-7.885900000000000318e+02 2.860999999999999943e+01 4.696999999999999886e+01
-7.876799999999999500e+02 1.298000000000000043e+01 2.541000000000000014e+01
-7.879400000000000546e+02 1.626000000000000156e+01 2.853000000000000114e+01
-7.878099999999999454e+02 1.101999999999999957e+01 3.521999999999999886e+01
-7.878300000000000409e+02 1.466999999999999993e+01 2.200000000000000000e+01
-7.883099999999999454e+02 2.601000000000000156e+01 1.118999999999999950e+01
-7.881100000000000136e+02 2.798000000000000043e+01 7.959999999999999964e+00
-7.883200000000000500e+02 1.628999999999999915e+01 3.374000000000000199e+01
-7.880000000000000000e+02 2.269000000000000128e+01 7.570000000000000284e+00
-7.880900000000000318e+02 1.458000000000000007e+01 3.467000000000000171e+01
-7.885099999999999909e+02 1.341999999999999993e+01 4.725000000000000000e+01
-7.883500000000000227e+02 1.200000000000000000e+01 3.506000000000000227e+01
-7.884800000000000182e+02 9.080000000000000071e+00 4.768999999999999773e+01
-7.881399999999999864e+02 3.625999999999999801e+01 0.000000000000000000e+00
-7.883500000000000227e+02 2.653000000000000114e+01 1.889999999999999858e+01
-7.881000000000000227e+02 2.328999999999999915e+01 1.839999999999999858e+01
-7.880599999999999454e+02 1.932000000000000028e+01 1.866000000000000014e+01
-7.879900000000000091e+02 1.932000000000000028e+01 1.082000000000000028e+01
-7.877699999999999818e+02 1.500000000000000000e+01 1.853999999999999915e+01
-7.883700000000000045e+02 2.982999999999999829e+01 2.783999999999999986e+01
-7.880099999999999909e+02 3.171999999999999886e+01 1.060000000000000053e+00
-7.876900000000000546e+02 1.324000000000000021e+01 2.519999999999999929e+01
-7.880499999999999545e+02 2.537999999999999901e+01 6.969999999999999751e+00
-7.883400000000000318e+02 6.769999999999999574e+00 4.103999999999999915e+01
-7.877999999999999545e+02 1.633999999999999986e+01 1.669999999999999929e+01
-7.883600000000000136e+02 2.790000000000000036e+00 4.615999999999999659e+01
-7.878200000000000500e+02 1.107000000000000028e+01 3.363000000000000256e+01
-7.880499999999999545e+02 3.066000000000000014e+01 3.689999999999999947e+00
-7.880800000000000409e+02 2.257000000000000028e+01 1.478999999999999915e+01
-7.880199999999999818e+02 1.833999999999999986e+01 1.250999999999999979e+01
-7.878600000000000136e+02 2.083999999999999986e+01 7.030000000000000249e+00
-7.884400000000000546e+02 4.353000000000000114e+01 2.607000000000000028e+01
-7.885399999999999636e+02 2.001000000000000156e+01 4.668999999999999773e+01
-7.884099999999999682e+02 3.832000000000000028e+01 2.610000000000000142e+01
-7.878899999999999864e+02 1.352999999999999936e+01 3.037999999999999901e+01
-7.884400000000000546e+02 2.271000000000000085e+01 4.003999999999999915e+01
-7.883799999999999955e+02 2.332999999999999829e+01 3.144000000000000128e+01
-7.882100000000000364e+02 3.560000000000000142e+01 5.699999999999999512e-01
-7.882799999999999727e+02 2.985000000000000142e+01 7.969999999999999751e+00
-7.879500000000000455e+02 1.635999999999999943e+01 2.721000000000000085e+01
-7.884800000000000182e+02 9.810000000000000497e+00 4.763000000000000256e+01
-7.878200000000000500e+02 1.478999999999999915e+01 2.125000000000000000e+01
-7.885099999999999909e+02 4.774000000000000199e+01 4.127000000000000313e+01
-7.884199999999999591e+02 1.792000000000000171e+01 4.103000000000000114e+01
-7.882899999999999636e+02 1.081000000000000050e+01 3.732000000000000028e+01
-7.883099999999999454e+02 2.569999999999999929e+01 1.155000000000000071e+01
-7.878300000000000409e+02 2.453000000000000114e+01 3.339999999999999858e+00
-7.883999999999999773e+02 1.020000000000000018e+00 4.796999999999999886e+01
-7.878500000000000227e+02 2.519000000000000128e+01 1.699999999999999956e+00
-7.884800000000000182e+02 1.238000000000000078e+01 4.697999999999999687e+01
-7.880900000000000318e+02 2.532999999999999829e+01 1.093999999999999950e+01
-7.878899999999999864e+02 2.557999999999999829e+01 2.609999999999999876e+00
-7.878799999999999955e+02 2.194999999999999929e+01 5.809999999999999609e+00
-7.885399999999999636e+02 4.290999999999999659e+01 4.375000000000000000e+01
-7.879400000000000546e+02 2.553000000000000114e+01 3.430000000000000160e+00
-7.883600000000000136e+02 3.007999999999999829e+01 2.762999999999999901e+01
-7.883600000000000136e+02 2.750000000000000000e+00 4.625999999999999801e+01
-7.877200000000000273e+02 1.391999999999999993e+01 2.676000000000000156e+01
-7.880199999999999818e+02 1.760999999999999943e+01 1.637999999999999901e+01
-7.883700000000000045e+02 1.637000000000000099e+01 3.456000000000000227e+01
-7.880700000000000500e+02 2.983999999999999986e+01 6.639999999999999680e+00
-7.885900000000000318e+02 2.976000000000000156e+01 4.647999999999999687e+01
-7.884400000000000546e+02 4.165999999999999659e+01 3.888000000000000256e+01
-7.878899999999999864e+02 2.282000000000000028e+01 4.839999999999999858e+00
-7.880499999999999545e+02 2.460999999999999943e+01 7.299999999999999822e+00
-7.879199999999999591e+02 1.557000000000000028e+01 2.978000000000000114e+01
-7.880800000000000409e+02 2.053999999999999915e+01 1.582000000000000028e+01
-7.883799999999999955e+02 2.412999999999999901e+01 3.123000000000000043e+01
-7.884700000000000273e+02 9.699999999999999289e+00 4.704999999999999716e+01
-7.882599999999999909e+02 2.992000000000000171e+01 6.750000000000000000e+00
-7.880299999999999727e+02 1.937999999999999901e+01 1.157000000000000028e+01
-7.882599999999999909e+02 3.207999999999999829e+01 6.139999999999999680e+00
-7.885000000000000000e+02 1.259999999999999964e+01 4.722999999999999687e+01
-7.883999999999999773e+02 1.219999999999999973e+00 4.775999999999999801e+01
-7.880800000000000409e+02 2.366000000000000014e+01 1.250000000000000000e+01
-7.881699999999999591e+02 3.599000000000000199e+01 1.499999999999999944e-01
-7.884800000000000182e+02 1.703999999999999915e+01 4.517999999999999972e+01
-7.884900000000000091e+02 4.967000000000000171e+01 2.894000000000000128e+01
-7.878600000000000136e+02 2.617999999999999972e+01 1.629999999999999893e+00
-7.879299999999999500e+02 3.023000000000000043e+01 2.000000000000000111e-01
-7.882999999999999545e+02 2.648000000000000043e+01 1.066999999999999993e+01
-7.883600000000000136e+02 3.016000000000000014e+01 2.219999999999999929e+01
-7.884600000000000364e+02 1.691000000000000014e+01 4.507999999999999829e+01
-7.877699999999999818e+02 2.167999999999999972e+01 6.669999999999999929e+00
-7.877599999999999909e+02 1.467999999999999972e+01 1.880999999999999872e+01
-7.878200000000000500e+02 1.153999999999999915e+01 3.307999999999999829e+01
-7.884800000000000182e+02 3.577000000000000313e+01 4.034000000000000341e+01
-7.881799999999999500e+02 3.456000000000000227e+01 1.679999999999999938e+00
-7.883400000000000318e+02 2.387999999999999901e+01 2.808999999999999986e+01
-7.878700000000000045e+02 1.334999999999999964e+01 3.053999999999999915e+01
-7.885000000000000000e+02 1.246000000000000085e+01 4.724000000000000199e+01
-7.877400000000000091e+02 1.673000000000000043e+01 1.632000000000000028e+01
-7.878200000000000500e+02 1.742000000000000171e+01 1.607000000000000028e+01
-7.884299999999999500e+02 4.929999999999999716e+00 4.585999999999999943e+01
-7.878600000000000136e+02 2.030999999999999872e+01 7.169999999999999929e+00
-7.878600000000000136e+02 2.576000000000000156e+01 1.909999999999999920e+00
-7.882699999999999818e+02 1.169999999999999929e+01 3.661999999999999744e+01
-7.880900000000000318e+02 2.546000000000000085e+01 1.067999999999999972e+01
-7.883099999999999454e+02 6.190000000000000391e+00 4.071000000000000085e+01
-7.882400000000000091e+02 3.247999999999999687e+01 5.849999999999999645e+00
-7.878600000000000136e+02 3.046999999999999886e+01 0.000000000000000000e+00
-7.883700000000000045e+02 1.766000000000000014e+01 3.429999999999999716e+01
-7.884299999999999500e+02 4.135999999999999943e+01 2.607999999999999829e+01
-7.883899999999999864e+02 3.176000000000000156e+01 3.051999999999999957e+01
-7.880299999999999727e+02 2.751999999999999957e+01 4.820000000000000284e+00
-7.883999999999999773e+02 2.000000000000000000e+00 4.675999999999999801e+01
-7.883700000000000045e+02 3.058999999999999986e+01 2.271000000000000085e+01
-7.885599999999999454e+02 2.085999999999999943e+01 4.713000000000000256e+01
