-7.878099999999999454e+02 1.315000000000000036e+01 2.860999999999999943e+01
-7.883500000000000227e+02 2.653000000000000114e+01 1.889999999999999858e+01
-7.885599999999999454e+02 3.735000000000000142e+01 4.435000000000000142e+01
-7.881100000000000136e+02 2.798000000000000043e+01 7.959999999999999964e+00
-7.880599999999999454e+02 1.932000000000000028e+01 1.866000000000000014e+01
-7.878899999999999864e+02 3.254999999999999716e+01 0.000000000000000000e+00
-7.883999999999999773e+02 9.799999999999999822e-01 4.800000000000000000e+01
-7.878200000000000500e+02 2.548999999999999844e+01 1.399999999999999911e+00
-7.885099999999999909e+02 4.849000000000000199e+01 4.121999999999999886e+01
-7.883600000000000136e+02 7.650000000000000355e+00 4.157999999999999829e+01
-7.881399999999999864e+02 3.625999999999999801e+01 0.000000000000000000e+00
-7.880000000000000000e+02 2.269000000000000128e+01 7.570000000000000284e+00
-7.885700000000000500e+02 2.112000000000000099e+01 4.731000000000000227e+01
-7.878400000000000318e+02 1.490000000000000036e+01 2.260000000000000142e+01
-7.884900000000000091e+02 4.964999999999999858e+01 2.916000000000000014e+01
-7.883099999999999454e+02 2.601000000000000156e+01 1.118999999999999950e+01
-7.885099999999999909e+02 1.341999999999999993e+01 4.725000000000000000e+01
-7.882799999999999727e+02 3.019999999999999929e+01 7.790000000000000036e+00
-7.878099999999999454e+02 1.101999999999999957e+01 3.521999999999999886e+01
-7.880199999999999818e+02 1.767000000000000171e+01 1.600000000000000000e+01
-7.885900000000000318e+02 2.796000000000000085e+01 4.689000000000000057e+01
-7.881000000000000227e+02 2.351999999999999957e+01 1.800000000000000000e+01
-7.876799999999999500e+02 1.298000000000000043e+01 2.541000000000000014e+01
-7.879900000000000091e+02 1.932000000000000028e+01 1.082000000000000028e+01
-7.883400000000000318e+02 1.560999999999999943e+01 3.157999999999999829e+01
-7.881100000000000136e+02 2.482000000000000028e+01 1.215000000000000036e+01
-7.877400000000000091e+02 2.248999999999999844e+01 4.299999999999999822e+00
-7.883600000000000136e+02 2.839999999999999858e+01 2.837000000000000099e+01
-7.879400000000000546e+02 1.626000000000000156e+01 2.853000000000000114e+01
-7.884800000000000182e+02 9.080000000000000071e+00 4.768999999999999773e+01
-7.881100000000000136e+02 3.204999999999999716e+01 4.019999999999999574e+00
-7.878400000000000318e+02 1.996999999999999886e+01 7.690000000000000391e+00
-7.883799999999999955e+02 2.332999999999999829e+01 3.144000000000000128e+01
-7.877500000000000000e+02 1.499000000000000021e+01 1.794999999999999929e+01
-7.883500000000000227e+02 1.200000000000000000e+01 3.506000000000000227e+01
-7.879500000000000455e+02 2.687000000000000099e+01 3.299999999999999822e+00
-7.883600000000000136e+02 4.339999999999999858e+00 4.231000000000000227e+01
-7.884400000000000546e+02 2.271000000000000085e+01 4.003999999999999915e+01
-7.884299999999999500e+02 4.022999999999999687e+01 3.740999999999999659e+01
-7.878700000000000045e+02 1.371000000000000085e+01 3.032999999999999829e+01
-7.878200000000000500e+02 1.742000000000000171e+01 1.607000000000000028e+01
-7.880199999999999818e+02 1.833999999999999986e+01 1.250999999999999979e+01
-7.880800000000000409e+02 2.239000000000000057e+01 1.360999999999999943e+01
-7.877400000000000091e+02 1.673000000000000043e+01 1.632000000000000028e+01
-7.884099999999999682e+02 3.578999999999999915e+01 3.246000000000000085e+01
-7.883400000000000318e+02 6.769999999999999574e+00 4.103999999999999915e+01
-7.878300000000000409e+02 1.466999999999999993e+01 2.200000000000000000e+01
-7.882699999999999818e+02 2.610999999999999943e+01 1.110999999999999943e+01
-7.882599999999999909e+02 2.992000000000000171e+01 6.750000000000000000e+00
-7.877699999999999818e+02 2.167999999999999972e+01 6.669999999999999929e+00
-7.876900000000000546e+02 1.324000000000000021e+01 2.519999999999999929e+01
-7.881000000000000227e+02 2.328999999999999915e+01 1.839999999999999858e+01
-7.881299999999999955e+02 3.449000000000000199e+01 5.889999999999999680e+00
-7.882100000000000364e+02 3.560000000000000142e+01 5.699999999999999512e-01
-7.880499999999999545e+02 2.537999999999999901e+01 6.969999999999999751e+00
-7.884500000000000455e+02 4.511999999999999744e+01 2.601000000000000156e+01
-7.879600000000000364e+02 2.005999999999999872e+01 8.759999999999999787e+00
-7.878600000000000136e+02 2.617999999999999972e+01 1.629999999999999893e+00
-7.884800000000000182e+02 3.577000000000000313e+01 4.034000000000000341e+01
-7.880199999999999818e+02 2.962999999999999901e+01 3.029999999999999805e+00
-7.884900000000000091e+02 1.746000000000000085e+01 4.643999999999999773e+01
-7.883999999999999773e+02 2.000000000000000000e+00 4.675999999999999801e+01
-7.883600000000000136e+02 3.016000000000000014e+01 2.219999999999999929e+01
-7.884800000000000182e+02 1.216000000000000014e+01 4.647999999999999687e+01
-7.878200000000000500e+02 1.153999999999999915e+01 3.307999999999999829e+01
-7.883600000000000136e+02 2.750000000000000000e+00 4.625999999999999801e+01
-7.878500000000000227e+02 2.382999999999999829e+01 2.770000000000000018e+00
-7.881900000000000546e+02 1.642000000000000171e+01 3.114999999999999858e+01
-7.883999999999999773e+02 2.369999999999999929e+01 3.264000000000000057e+01
-7.884800000000000182e+02 9.669999999999999929e+00 4.767000000000000171e+01
-7.883099999999999454e+02 1.086999999999999922e+01 3.852000000000000313e+01
-7.884199999999999591e+02 1.792000000000000171e+01 4.103000000000000114e+01
-7.878700000000000045e+02 3.082999999999999829e+01 0.000000000000000000e+00
-7.878600000000000136e+02 3.046999999999999886e+01 0.000000000000000000e+00
-7.878600000000000136e+02 2.576000000000000156e+01 1.909999999999999920e+00
-7.878600000000000136e+02 2.030999999999999872e+01 7.169999999999999929e+00
-7.880599999999999454e+02 2.826999999999999957e+01 5.679999999999999716e+00
-7.878200000000000500e+02 1.107000000000000028e+01 3.363000000000000256e+01
-7.883999999999999773e+02 1.020000000000000018e+00 4.796999999999999886e+01
-7.884800000000000182e+02 9.810000000000000497e+00 4.763000000000000256e+01
-7.879199999999999591e+02 1.557000000000000028e+01 2.978000000000000114e+01
-7.880199999999999818e+02 1.760999999999999943e+01 1.637999999999999901e+01
-7.883600000000000136e+02 2.790000000000000036e+00 4.615999999999999659e+01
-7.885000000000000000e+02 1.259999999999999964e+01 4.722999999999999687e+01
-7.880800000000000409e+02 2.053999999999999915e+01 1.582000000000000028e+01
-7.884400000000000546e+02 4.353000000000000114e+01 2.607000000000000028e+01
-7.880199999999999818e+02 2.987999999999999901e+01 2.649999999999999911e+00
-7.884500000000000455e+02 2.883999999999999986e+01 4.067999999999999972e+01
-7.878200000000000500e+02 1.525000000000000000e+01 1.941000000000000014e+01
-7.879700000000000273e+02 2.473999999999999844e+01 5.889999999999999680e+00
-7.885599999999999454e+02 2.085999999999999943e+01 4.713000000000000256e+01
-7.881699999999999591e+02 3.599000000000000199e+01 1.499999999999999944e-01
-7.882999999999999545e+02 2.648000000000000043e+01 1.066999999999999993e+01
-7.884600000000000364e+02 2.064000000000000057e+01 4.167999999999999972e+01
-7.885099999999999909e+02 4.774000000000000199e+01 4.127000000000000313e+01
-7.878500000000000227e+02 2.301999999999999957e+01 4.589999999999999858e+00
-7.882799999999999727e+02 2.985000000000000142e+01 7.969999999999999751e+00
-7.883799999999999955e+02 1.118999999999999950e+01 4.199000000000000199e+01
-7.880299999999999727e+02 1.937999999999999901e+01 1.157000000000000028e+01
-7.884199999999999591e+02 1.042999999999999972e+01 4.331000000000000227e+01
-7.878700000000000045e+02 1.334999999999999964e+01 3.053999999999999915e+01
-7.880800000000000409e+02 2.344999999999999929e+01 9.990000000000000213e+00
-7.885299999999999727e+02 2.732000000000000028e+01 4.414000000000000057e+01
-7.880499999999999545e+02 2.282999999999999829e+01 9.849999999999999645e+00
-7.877500000000000000e+02 1.476999999999999957e+01 1.873000000000000043e+01
-7.885900000000000318e+02 3.720000000000000284e+01 4.540999999999999659e+01
-7.883700000000000045e+02 3.051000000000000156e+01 2.266000000000000014e+01
-7.883700000000000045e+02 2.982999999999999829e+01 2.783999999999999986e+01
-7.881900000000000546e+02 3.527000000000000313e+01 9.300000000000000488e-01
-7.884700000000000273e+02 2.089000000000000057e+01 4.274000000000000199e+01
-7.880700000000000500e+02 2.303999999999999915e+01 1.267999999999999972e+01
-7.880599999999999454e+02 1.948999999999999844e+01 1.224000000000000021e+01
-7.885000000000000000e+02 3.245000000000000284e+01 4.359000000000000341e+01
-7.884400000000000546e+02 1.757000000000000028e+01 4.467999999999999972e+01
-7.879400000000000546e+02 1.619999999999999929e+01 2.857999999999999829e+01
-7.879099999999999682e+02 3.293999999999999773e+01 0.000000000000000000e+00
-7.880199999999999818e+02 1.705000000000000071e+01 1.671000000000000085e+01
-7.878200000000000500e+02 1.478999999999999915e+01 2.125000000000000000e+01
-7.884299999999999500e+02 4.929999999999999716e+00 4.585999999999999943e+01
-7.878600000000000136e+02 2.083999999999999986e+01 7.030000000000000249e+00
-7.877899999999999636e+02 2.228999999999999915e+01 4.730000000000000426e+00
-7.880099999999999909e+02 2.687000000000000099e+01 5.219999999999999751e+00
-7.883500000000000227e+02 2.557999999999999829e+01 2.867999999999999972e+01
-7.880499999999999545e+02 3.066000000000000014e+01 3.689999999999999947e+00
-7.881000000000000227e+02 2.892999999999999972e+01 6.440000000000000391e+00
-7.878500000000000227e+02 2.519000000000000128e+01 1.699999999999999956e+00
-7.882699999999999818e+02 1.208999999999999986e+01 3.261999999999999744e+01
-7.884800000000000182e+02 1.105000000000000071e+01 4.736999999999999744e+01
