-7.881100000000000136e+02 3.204999999999999716e+01 4.019999999999999574e+00
-7.885599999999999454e+02 3.735000000000000142e+01 4.435000000000000142e+01
-7.883099999999999454e+02 2.601000000000000156e+01 1.118999999999999950e+01
-7.877500000000000000e+02 1.499000000000000021e+01 1.794999999999999929e+01
-7.882799999999999727e+02 3.019999999999999929e+01 7.790000000000000036e+00
-7.879400000000000546e+02 1.626000000000000156e+01 2.853000000000000114e+01
-7.878899999999999864e+02 3.254999999999999716e+01 0.000000000000000000e+00
-7.880000000000000000e+02 2.260000000000000142e+01 7.900000000000000355e+00
-7.881000000000000227e+02 2.351999999999999957e+01 1.800000000000000000e+01
-7.883500000000000227e+02 8.429999999999999716e+00 4.078999999999999915e+01
-7.883600000000000136e+02 2.860999999999999943e+01 2.798000000000000043e+01
-7.879900000000000091e+02 1.932000000000000028e+01 1.082000000000000028e+01
-7.878099999999999454e+02 1.101999999999999957e+01 3.521999999999999886e+01
-7.885900000000000318e+02 2.807999999999999829e+01 4.684000000000000341e+01
-7.878200000000000500e+02 2.548999999999999844e+01 1.399999999999999911e+00
-7.881100000000000136e+02 2.482000000000000028e+01 1.215000000000000036e+01
-7.884900000000000091e+02 4.964999999999999858e+01 2.916000000000000014e+01
-7.878600000000000136e+02 1.614999999999999858e+01 2.237999999999999901e+01
-7.878400000000000318e+02 1.996999999999999886e+01 7.690000000000000391e+00
-7.877799999999999727e+02 1.264000000000000057e+01 2.862999999999999901e+01
-7.881100000000000136e+02 2.798000000000000043e+01 7.959999999999999964e+00
-7.884800000000000182e+02 9.080000000000000071e+00 4.768999999999999773e+01
-7.881399999999999864e+02 3.625999999999999801e+01 0.000000000000000000e+00
-7.879500000000000455e+02 2.687000000000000099e+01 3.299999999999999822e+00
-7.885700000000000500e+02 2.112000000000000099e+01 4.731000000000000227e+01
-7.880599999999999454e+02 1.932000000000000028e+01 1.866000000000000014e+01
-7.880199999999999818e+02 1.767000000000000171e+01 1.600000000000000000e+01
-7.883999999999999773e+02 9.799999999999999822e-01 4.796999999999999886e+01
-7.883400000000000318e+02 2.619000000000000128e+01 1.796999999999999886e+01
-7.883500000000000227e+02 1.200000000000000000e+01 3.506000000000000227e+01
-7.883400000000000318e+02 1.532000000000000028e+01 3.173999999999999844e+01
-7.883700000000000045e+02 4.570000000000000284e+00 4.446999999999999886e+01
-7.876799999999999500e+02 1.298000000000000043e+01 2.541000000000000014e+01
-7.885099999999999909e+02 4.753999999999999915e+01 4.099000000000000199e+01
-7.885099999999999909e+02 1.341999999999999993e+01 4.725000000000000000e+01
-7.883099999999999454e+02 2.071999999999999886e+01 3.032999999999999829e+01
-7.877400000000000091e+02 2.248999999999999844e+01 4.299999999999999822e+00
-7.878999999999999773e+02 2.483999999999999986e+01 5.599999999999999645e+00
-7.884800000000000182e+02 1.147000000000000064e+01 4.696999999999999886e+01
-7.878200000000000500e+02 1.153999999999999915e+01 3.307999999999999829e+01
-7.880800000000000409e+02 2.239000000000000057e+01 1.360999999999999943e+01
-7.877999999999999545e+02 2.305000000000000071e+01 4.219999999999999751e+00
-7.882599999999999909e+02 2.771000000000000085e+01 9.300000000000000711e+00
-7.877500000000000000e+02 1.476999999999999957e+01 1.873000000000000043e+01
-7.881200000000000045e+02 2.589999999999999858e+01 2.350000000000000000e+01
-7.884099999999999682e+02 3.606000000000000227e+01 3.461999999999999744e+01
-7.884800000000000182e+02 9.669999999999999929e+00 4.754999999999999716e+01
-7.884199999999999591e+02 1.792000000000000171e+01 4.103000000000000114e+01
-7.883999999999999773e+02 2.000000000000000000e+00 4.675999999999999801e+01
-7.878999999999999773e+02 2.457999999999999829e+01 6.129999999999999893e+00
-7.883899999999999864e+02 1.296000000000000085e+01 4.229999999999999716e+01
-7.876900000000000546e+02 1.324000000000000021e+01 2.519999999999999929e+01
-7.879099999999999682e+02 3.293999999999999773e+01 0.000000000000000000e+00
-7.884400000000000546e+02 1.757000000000000028e+01 4.467999999999999972e+01
-7.881699999999999591e+02 3.599000000000000199e+01 1.499999999999999944e-01
-7.885199999999999818e+02 4.556000000000000227e+01 4.259000000000000341e+01
-7.884800000000000182e+02 3.577000000000000313e+01 4.034000000000000341e+01
-7.878400000000000318e+02 2.001000000000000156e+01 7.679999999999999716e+00
-7.883099999999999454e+02 7.849999999999999645e+00 3.874000000000000199e+01
-7.882699999999999818e+02 2.610999999999999943e+01 1.110999999999999943e+01
-7.883300000000000409e+02 2.262000000000000099e+01 2.658999999999999986e+01
-7.880599999999999454e+02 3.032999999999999829e+01 4.480000000000000426e+00
-7.883300000000000409e+02 5.450000000000000178e+00 4.122999999999999687e+01
-7.883799999999999955e+02 3.467999999999999972e+01 2.608999999999999986e+01
-7.884400000000000546e+02 2.271000000000000085e+01 4.003999999999999915e+01
-7.878200000000000500e+02 1.742000000000000171e+01 1.607000000000000028e+01
-7.878200000000000500e+02 1.478999999999999915e+01 2.125000000000000000e+01
-7.879199999999999591e+02 1.557000000000000028e+01 2.978000000000000114e+01
-7.877899999999999636e+02 1.289000000000000057e+01 2.851999999999999957e+01
-7.880599999999999454e+02 1.948999999999999844e+01 1.224000000000000021e+01
-7.878600000000000136e+02 2.575000000000000000e+01 1.689999999999999947e+00
-7.884299999999999500e+02 4.302000000000000313e+01 2.605999999999999872e+01
-7.882500000000000000e+02 2.983999999999999986e+01 6.860000000000000320e+00
-7.881900000000000546e+02 3.527000000000000313e+01 9.300000000000000488e-01
-7.880900000000000318e+02 2.923000000000000043e+01 6.099999999999999645e+00
-7.880199999999999818e+02 2.987999999999999901e+01 2.649999999999999911e+00
-7.877500000000000000e+02 1.446000000000000085e+01 1.900000000000000000e+01
-7.884400000000000546e+02 1.760000000000000142e+01 4.354999999999999716e+01
-7.882799999999999727e+02 1.281000000000000050e+01 3.446000000000000085e+01
-7.879600000000000364e+02 2.005999999999999872e+01 8.759999999999999787e+00
-7.880599999999999454e+02 2.819000000000000128e+01 5.419999999999999929e+00
-7.879700000000000273e+02 2.039000000000000057e+01 9.199999999999999289e+00
-7.876900000000000546e+02 1.350000000000000000e+01 2.508999999999999986e+01
-7.883200000000000500e+02 6.790000000000000036e+00 4.057999999999999829e+01
-7.882999999999999545e+02 2.648000000000000043e+01 1.066999999999999993e+01
-7.878600000000000136e+02 3.046999999999999886e+01 0.000000000000000000e+00
-7.882799999999999727e+02 2.985000000000000142e+01 7.969999999999999751e+00
-7.878099999999999454e+02 1.486999999999999922e+01 1.964000000000000057e+01
-7.878200000000000500e+02 1.338000000000000078e+01 2.950000000000000000e+01
-7.884299999999999500e+02 2.219999999999999929e+01 3.943999999999999773e+01
-7.880299999999999727e+02 1.853999999999999915e+01 1.691000000000000014e+01
-7.885700000000000500e+02 3.868999999999999773e+01 4.425999999999999801e+01
-7.880800000000000409e+02 2.053999999999999915e+01 1.582000000000000028e+01
-7.878500000000000227e+02 2.428000000000000114e+01 2.339999999999999858e+00
-7.883500000000000227e+02 2.553999999999999915e+01 2.819999999999999929e+01
-7.885800000000000409e+02 2.964000000000000057e+01 4.628999999999999915e+01
-7.883999999999999773e+02 2.442999999999999972e+01 3.268999999999999773e+01
-7.881900000000000546e+02 1.642000000000000171e+01 3.114999999999999858e+01
-7.878600000000000136e+02 2.030999999999999872e+01 7.169999999999999929e+00
-7.880800000000000409e+02 2.344999999999999929e+01 9.990000000000000213e+00
-7.884400000000000546e+02 1.243999999999999950e+01 4.503999999999999915e+01
-7.878500000000000227e+02 2.301999999999999957e+01 4.589999999999999858e+00
-7.883500000000000227e+02 2.653000000000000114e+01 1.889999999999999858e+01
-7.883600000000000136e+02 4.339999999999999858e+00 4.231000000000000227e+01
-7.884800000000000182e+02 4.963000000000000256e+01 2.885000000000000142e+01
-7.880900000000000318e+02 2.626000000000000156e+01 8.199999999999999289e+00
-7.879400000000000546e+02 1.619999999999999929e+01 2.857999999999999829e+01
-7.878600000000000136e+02 2.617999999999999972e+01 1.629999999999999893e+00
-7.880299999999999727e+02 2.914000000000000057e+01 3.890000000000000124e+00
-7.885000000000000000e+02 1.217999999999999972e+01 4.767000000000000171e+01
-7.880099999999999909e+02 1.775000000000000000e+01 1.290000000000000036e+01
-7.885900000000000318e+02 2.796000000000000085e+01 4.689000000000000057e+01
-7.878400000000000318e+02 1.448000000000000043e+01 2.821000000000000085e+01
-7.884600000000000364e+02 1.776999999999999957e+01 4.460000000000000142e+01
-7.880399999999999636e+02 1.767000000000000171e+01 1.696000000000000085e+01
-7.881799999999999500e+02 3.517999999999999972e+01 1.030000000000000027e+00
-7.883799999999999955e+02 3.724000000000000199e+01 2.605000000000000071e+01
-7.883500000000000227e+02 1.513000000000000078e+01 3.176999999999999957e+01
-7.878300000000000409e+02 2.357000000000000028e+01 4.309999999999999609e+00
-7.882999999999999545e+02 1.183999999999999986e+01 3.521999999999999886e+01
-7.884500000000000455e+02 4.631000000000000227e+01 2.603000000000000114e+01
-7.878500000000000227e+02 1.646000000000000085e+01 2.216000000000000014e+01
-7.884600000000000364e+02 9.720000000000000639e+00 4.724000000000000199e+01
-7.883700000000000045e+02 2.948999999999999844e+01 2.782000000000000028e+01
-7.882799999999999727e+02 2.980999999999999872e+01 8.009999999999999787e+00
-7.880099999999999909e+02 2.267999999999999972e+01 7.570000000000000284e+00
-7.878899999999999864e+02 2.653000000000000114e+01 1.340000000000000080e+00
-7.881000000000000227e+02 2.328999999999999915e+01 1.839999999999999858e+01
