-7.878400000000000318e+02 1.751999999999999957e+01 1.742999999999999972e+01
-7.879900000000000091e+02 1.932000000000000028e+01 1.082000000000000028e+01
-7.883999999999999773e+02 7.700000000000000178e-01 4.817000000000000171e+01
-7.879500000000000455e+02 2.687000000000000099e+01 3.299999999999999822e+00
-7.879400000000000546e+02 1.626000000000000156e+01 2.853000000000000114e+01
-7.878600000000000136e+02 1.614999999999999858e+01 2.237999999999999901e+01
-7.878099999999999454e+02 2.548000000000000043e+01 1.310000000000000053e+00
-7.885900000000000318e+02 2.894999999999999929e+01 4.667000000000000171e+01
-7.881000000000000227e+02 2.351999999999999957e+01 1.800000000000000000e+01
-7.884800000000000182e+02 9.080000000000000071e+00 4.768999999999999773e+01
-7.881100000000000136e+02 2.798000000000000043e+01 7.959999999999999964e+00
-7.880000000000000000e+02 2.260000000000000142e+01 7.900000000000000355e+00
-7.877799999999999727e+02 1.264000000000000057e+01 2.862999999999999901e+01
-7.881100000000000136e+02 2.482000000000000028e+01 1.215000000000000036e+01
-7.882799999999999727e+02 3.019999999999999929e+01 7.790000000000000036e+00
-7.885700000000000500e+02 2.112000000000000099e+01 4.731000000000000227e+01
-7.883500000000000227e+02 8.429999999999999716e+00 4.078999999999999915e+01
-7.881100000000000136e+02 3.204999999999999716e+01 4.019999999999999574e+00
-7.883600000000000136e+02 4.339999999999999858e+00 4.231000000000000227e+01
-7.877400000000000091e+02 2.248999999999999844e+01 4.299999999999999822e+00
-7.878400000000000318e+02 1.996999999999999886e+01 7.690000000000000391e+00
-7.883500000000000227e+02 1.200000000000000000e+01 3.506000000000000227e+01
-7.883400000000000318e+02 2.619000000000000128e+01 1.796999999999999886e+01
-7.877500000000000000e+02 1.499000000000000021e+01 1.794999999999999929e+01
-7.883600000000000136e+02 2.794000000000000128e+01 2.798999999999999844e+01
-7.883400000000000318e+02 1.532000000000000028e+01 3.173999999999999844e+01
-7.883099999999999454e+02 2.601000000000000156e+01 1.118999999999999950e+01
-7.883300000000000409e+02 1.982000000000000028e+01 2.887999999999999901e+01
-7.878099999999999454e+02 1.084999999999999964e+01 3.504999999999999716e+01
-7.884900000000000091e+02 4.964999999999999858e+01 2.916000000000000014e+01
-7.885099999999999909e+02 1.341999999999999993e+01 4.725000000000000000e+01
-7.878899999999999864e+02 3.254999999999999716e+01 0.000000000000000000e+00
-7.885599999999999454e+02 3.735000000000000142e+01 4.435000000000000142e+01
-7.880599999999999454e+02 1.932000000000000028e+01 1.866000000000000014e+01
-7.881399999999999864e+02 3.625999999999999801e+01 0.000000000000000000e+00
-7.876799999999999500e+02 1.298000000000000043e+01 2.541000000000000014e+01
-7.885099999999999909e+02 4.753999999999999915e+01 4.099000000000000199e+01
-7.880900000000000318e+02 2.773999999999999844e+01 7.469999999999999751e+00
-7.883799999999999955e+02 3.378000000000000114e+01 2.819999999999999929e+01
-7.878200000000000500e+02 1.153999999999999915e+01 3.307999999999999829e+01
-7.878700000000000045e+02 2.589999999999999858e+01 1.770000000000000018e+00
-7.881000000000000227e+02 2.587999999999999901e+01 1.085999999999999943e+01
-7.878500000000000227e+02 1.414000000000000057e+01 2.787000000000000099e+01
-7.884299999999999500e+02 2.105000000000000071e+01 3.953000000000000114e+01
-7.881900000000000546e+02 2.573000000000000043e+01 2.460000000000000142e+01
-7.876900000000000546e+02 1.350000000000000000e+01 2.508999999999999986e+01
-7.885099999999999909e+02 2.383999999999999986e+01 4.411999999999999744e+01
-7.878899999999999864e+02 2.648999999999999844e+01 1.300000000000000044e+00
-7.881699999999999591e+02 3.267000000000000171e+01 3.709999999999999964e+00
-7.878400000000000318e+02 2.001000000000000156e+01 7.679999999999999716e+00
-7.877500000000000000e+02 1.476999999999999957e+01 1.873000000000000043e+01
-7.883999999999999773e+02 2.396999999999999886e+01 3.271000000000000085e+01
-7.881599999999999682e+02 3.634000000000000341e+01 0.000000000000000000e+00
-7.880099999999999909e+02 2.530999999999999872e+01 6.469999999999999751e+00
-7.883400000000000318e+02 1.128999999999999915e+01 3.511999999999999744e+01
-7.880900000000000318e+02 2.250000000000000000e+01 1.730999999999999872e+01
-7.884700000000000273e+02 8.769999999999999574e+00 4.753999999999999915e+01
-7.884400000000000546e+02 1.760000000000000142e+01 4.354999999999999716e+01
-7.882500000000000000e+02 2.983999999999999986e+01 6.860000000000000320e+00
-7.879400000000000546e+02 1.619999999999999929e+01 2.857999999999999829e+01
-7.882799999999999727e+02 7.799999999999999822e+00 4.088000000000000256e+01
-7.880099999999999909e+02 1.775000000000000000e+01 1.290000000000000036e+01
-7.883799999999999955e+02 3.399000000000000199e+01 2.605999999999999872e+01
-7.882999999999999545e+02 2.648000000000000043e+01 1.066999999999999993e+01
-7.885000000000000000e+02 1.217999999999999972e+01 4.767000000000000171e+01
-7.884199999999999591e+02 1.360000000000000098e+00 4.788000000000000256e+01
-7.883700000000000045e+02 3.040000000000000036e+00 4.585000000000000142e+01
-7.878300000000000409e+02 2.357000000000000028e+01 4.309999999999999609e+00
-7.885499999999999545e+02 4.325000000000000000e+01 4.367000000000000171e+01
-7.880199999999999818e+02 1.767000000000000171e+01 1.600000000000000000e+01
-7.877599999999999909e+02 1.472000000000000064e+01 2.419000000000000128e+01
-7.884900000000000091e+02 4.956000000000000227e+01 3.083999999999999986e+01
-7.878600000000000136e+02 2.507999999999999829e+01 2.350000000000000089e+00
-7.882999999999999545e+02 2.605000000000000071e+01 1.116000000000000014e+01
-7.879099999999999682e+02 3.293999999999999773e+01 0.000000000000000000e+00
-7.883999999999999773e+02 1.000000000000000000e+00 4.792000000000000171e+01
-7.884600000000000364e+02 1.776999999999999957e+01 4.460000000000000142e+01
-7.881200000000000045e+02 2.589999999999999858e+01 2.350000000000000000e+01
-7.880199999999999818e+02 2.910999999999999943e+01 2.950000000000000178e+00
-7.884500000000000455e+02 4.631000000000000227e+01 2.603000000000000114e+01
-7.883500000000000227e+02 2.653000000000000114e+01 1.889999999999999858e+01
-7.880700000000000500e+02 2.712999999999999901e+01 8.490000000000000213e+00
-7.878300000000000409e+02 1.392999999999999972e+01 2.794000000000000128e+01
-7.883400000000000318e+02 2.371999999999999886e+01 2.898999999999999844e+01
-7.883300000000000409e+02 1.817000000000000171e+01 3.042999999999999972e+01
-7.878600000000000136e+02 1.648999999999999844e+01 1.914000000000000057e+01
-7.884800000000000182e+02 9.669999999999999929e+00 4.754999999999999716e+01
-7.881699999999999591e+02 3.599000000000000199e+01 1.499999999999999944e-01
-7.878500000000000227e+02 2.301999999999999957e+01 4.589999999999999858e+00
-7.885199999999999818e+02 4.556000000000000227e+01 4.259000000000000341e+01
-7.883700000000000045e+02 3.250000000000000000e+00 4.384000000000000341e+01
-7.879199999999999591e+02 1.557000000000000028e+01 2.978000000000000114e+01
-7.877500000000000000e+02 1.446000000000000085e+01 1.900000000000000000e+01
-7.878700000000000045e+02 2.351000000000000156e+01 5.719999999999999751e+00
-7.883600000000000136e+02 2.830999999999999872e+01 2.360000000000000142e+01
-7.885499999999999545e+02 2.662000000000000099e+01 4.532000000000000028e+01
-7.883300000000000409e+02 9.789999999999999147e+00 4.000999999999999801e+01
-7.880599999999999454e+02 3.071999999999999886e+01 4.410000000000000142e+00
-7.878600000000000136e+02 2.575000000000000000e+01 1.689999999999999947e+00
-7.876900000000000546e+02 1.324000000000000021e+01 2.519999999999999929e+01
-7.880800000000000409e+02 2.239000000000000057e+01 1.360999999999999943e+01
-7.885000000000000000e+02 1.317999999999999972e+01 4.707999999999999829e+01
-7.884900000000000091e+02 3.817999999999999972e+01 4.052000000000000313e+01
-7.878600000000000136e+02 2.030999999999999872e+01 7.169999999999999929e+00
-7.879700000000000273e+02 2.019000000000000128e+01 9.119999999999999218e+00
-7.882699999999999818e+02 2.967999999999999972e+01 7.620000000000000107e+00
-7.878200000000000500e+02 1.742000000000000171e+01 1.607000000000000028e+01
-7.883700000000000045e+02 1.266999999999999993e+01 4.113000000000000256e+01
-7.878099999999999454e+02 1.486999999999999922e+01 1.964000000000000057e+01
-7.884199999999999591e+02 3.770000000000000284e+01 3.439000000000000057e+01
-7.884199999999999591e+02 1.792000000000000171e+01 4.103000000000000114e+01
-7.880099999999999909e+02 2.021999999999999886e+01 9.820000000000000284e+00
-7.880399999999999636e+02 1.760999999999999943e+01 1.653000000000000114e+01
-7.880900000000000318e+02 2.923000000000000043e+01 6.099999999999999645e+00
-7.880099999999999909e+02 2.267999999999999972e+01 7.570000000000000284e+00
-7.880700000000000500e+02 2.005999999999999872e+01 1.521000000000000085e+01
-7.883799999999999955e+02 3.661999999999999744e+01 2.605000000000000071e+01
-7.878799999999999955e+02 2.466000000000000014e+01 4.459999999999999964e+00
-7.883300000000000409e+02 2.262000000000000099e+01 2.658999999999999986e+01
-7.880800000000000409e+02 3.155999999999999872e+01 3.540000000000000036e+00
-7.881599999999999682e+02 3.571999999999999886e+01 4.400000000000000022e-01
-7.885299999999999727e+02 1.766000000000000014e+01 4.722999999999999687e+01
-7.878099999999999454e+02 2.307000000000000028e+01 4.200000000000000178e+00
-7.885700000000000500e+02 2.657999999999999829e+01 4.665999999999999659e+01
-7.878999999999999773e+02 3.274000000000000199e+01 0.000000000000000000e+00
-7.882699999999999818e+02 2.610999999999999943e+01 1.110999999999999943e+01
-7.882699999999999818e+02 2.964999999999999858e+01 7.959999999999999964e+00
-7.883200000000000500e+02 7.950000000000000178e+00 3.928000000000000114e+01
