-7.883999999999999773e+02 7.399999999999999911e-01 4.824000000000000199e+01
-7.881100000000000136e+02 2.482000000000000028e+01 1.215000000000000036e+01
-7.883500000000000227e+02 8.429999999999999716e+00 4.078999999999999915e+01
-7.883099999999999454e+02 2.601000000000000156e+01 1.118999999999999950e+01
-7.885099999999999909e+02 1.341999999999999993e+01 4.725000000000000000e+01
-7.882699999999999818e+02 2.394000000000000128e+01 2.603999999999999915e+01
-7.885900000000000318e+02 2.894999999999999929e+01 4.667000000000000171e+01
-7.879900000000000091e+02 1.932000000000000028e+01 1.082000000000000028e+01
-7.881399999999999864e+02 3.625999999999999801e+01 0.000000000000000000e+00
-7.881000000000000227e+02 2.351999999999999957e+01 1.800000000000000000e+01
-7.878899999999999864e+02 3.254999999999999716e+01 0.000000000000000000e+00
-7.885700000000000500e+02 2.112000000000000099e+01 4.731000000000000227e+01
-7.881100000000000136e+02 2.798000000000000043e+01 7.959999999999999964e+00
-7.879500000000000455e+02 2.687000000000000099e+01 3.299999999999999822e+00
-7.878099999999999454e+02 1.060999999999999943e+01 3.507000000000000028e+01
-7.880599999999999454e+02 1.932000000000000028e+01 1.866000000000000014e+01
-7.883500000000000227e+02 1.200000000000000000e+01 3.506000000000000227e+01
-7.885599999999999454e+02 3.735000000000000142e+01 4.435000000000000142e+01
-7.883600000000000136e+02 4.339999999999999858e+00 4.231000000000000227e+01
-7.883400000000000318e+02 2.619000000000000128e+01 1.796999999999999886e+01
-7.878400000000000318e+02 1.751999999999999957e+01 1.742999999999999972e+01
-7.885099999999999909e+02 4.753999999999999915e+01 4.099000000000000199e+01
-7.877799999999999727e+02 1.264000000000000057e+01 2.862999999999999901e+01
-7.883099999999999454e+02 2.017999999999999972e+01 2.842999999999999972e+01
-7.884900000000000091e+02 4.964999999999999858e+01 2.916000000000000014e+01
-7.878400000000000318e+02 1.996999999999999886e+01 7.690000000000000391e+00
-7.878600000000000136e+02 1.614999999999999858e+01 2.237999999999999901e+01
-7.877500000000000000e+02 1.499000000000000021e+01 1.794999999999999929e+01
-7.879400000000000546e+02 1.653999999999999915e+01 2.844000000000000128e+01
-7.878099999999999454e+02 2.548000000000000043e+01 1.310000000000000053e+00
-7.877400000000000091e+02 2.248999999999999844e+01 4.299999999999999822e+00
-7.879900000000000091e+02 2.283999999999999986e+01 7.570000000000000284e+00
-7.881100000000000136e+02 3.204999999999999716e+01 4.019999999999999574e+00
-7.882799999999999727e+02 2.966000000000000014e+01 7.629999999999999893e+00
-7.884800000000000182e+02 9.080000000000000071e+00 4.768999999999999773e+01
-7.876799999999999500e+02 1.298000000000000043e+01 2.541000000000000014e+01
-7.883600000000000136e+02 1.567999999999999972e+01 3.194999999999999929e+01
-7.881000000000000227e+02 2.457000000000000028e+01 1.766000000000000014e+01
-7.883999999999999773e+02 3.878999999999999915e+01 2.603000000000000114e+01
-7.876900000000000546e+02 1.349000000000000021e+01 2.507999999999999829e+01
-7.880199999999999818e+02 2.069000000000000128e+01 1.077999999999999936e+01
-7.879500000000000455e+02 2.510999999999999943e+01 5.610000000000000320e+00
-7.880099999999999909e+02 3.290999999999999659e+01 8.000000000000000444e-01
-7.878099999999999454e+02 2.464999999999999858e+01 1.989999999999999991e+00
-7.885499999999999545e+02 3.560000000000000142e+01 4.392000000000000171e+01
-7.879400000000000546e+02 1.626000000000000156e+01 2.853000000000000114e+01
-7.885199999999999818e+02 1.598000000000000043e+01 4.674000000000000199e+01
-7.882699999999999818e+02 2.967999999999999972e+01 7.620000000000000107e+00
-7.884199999999999591e+02 8.000000000000000444e-01 4.834000000000000341e+01
-7.883700000000000045e+02 1.614999999999999858e+01 3.389999999999999858e+01
-7.884199999999999591e+02 1.041000000000000014e+01 4.454999999999999716e+01
-7.883099999999999454e+02 1.116999999999999993e+01 3.257999999999999829e+01
-7.884299999999999500e+02 4.146000000000000085e+01 2.605000000000000071e+01
-7.884099999999999682e+02 3.721999999999999886e+01 2.937999999999999901e+01
-7.878500000000000227e+02 1.558999999999999986e+01 2.342000000000000171e+01
-7.881699999999999591e+02 3.267000000000000171e+01 3.709999999999999964e+00
-7.881799999999999500e+02 3.970000000000000284e+01 8.199999999999999512e-01
-7.884500000000000455e+02 6.929999999999999716e+00 4.706000000000000227e+01
-7.878500000000000227e+02 2.301999999999999957e+01 4.589999999999999858e+00
-7.877500000000000000e+02 1.476999999999999957e+01 1.873000000000000043e+01
-7.878600000000000136e+02 2.030999999999999872e+01 7.169999999999999929e+00
-7.880599999999999454e+02 2.332000000000000028e+01 9.779999999999999361e+00
-7.880299999999999727e+02 1.764999999999999858e+01 1.425999999999999979e+01
-7.882699999999999818e+02 2.610999999999999943e+01 1.110999999999999943e+01
-7.878500000000000227e+02 1.414000000000000057e+01 2.787000000000000099e+01
-7.883600000000000136e+02 2.332999999999999829e+01 3.046999999999999886e+01
-7.880000000000000000e+02 2.230999999999999872e+01 8.039999999999999147e+00
-7.884900000000000091e+02 1.065000000000000036e+01 4.771000000000000085e+01
-7.878099999999999454e+02 1.084999999999999964e+01 3.504999999999999716e+01
-7.885199999999999818e+02 2.201999999999999957e+01 4.542999999999999972e+01
-7.884099999999999682e+02 3.609000000000000341e+01 3.314999999999999858e+01
-7.885599999999999454e+02 2.546999999999999886e+01 4.531000000000000227e+01
-7.881100000000000136e+02 2.694000000000000128e+01 9.119999999999999218e+00
-7.877500000000000000e+02 1.446000000000000085e+01 1.900000000000000000e+01
-7.880099999999999909e+02 2.592999999999999972e+01 6.570000000000000284e+00
-7.880800000000000409e+02 2.435999999999999943e+01 1.002999999999999936e+01
-7.876900000000000546e+02 1.325000000000000000e+01 2.519000000000000128e+01
-7.882500000000000000e+02 2.983999999999999986e+01 6.860000000000000320e+00
-7.883899999999999864e+02 1.933999999999999986e+01 3.721000000000000085e+01
-7.884700000000000273e+02 8.769999999999999574e+00 4.753999999999999915e+01
-7.882999999999999545e+02 2.605000000000000071e+01 1.116000000000000014e+01
-7.885099999999999909e+02 1.810000000000000142e+01 4.521000000000000085e+01
-7.884500000000000455e+02 4.631000000000000227e+01 2.603000000000000114e+01
-7.877799999999999727e+02 1.365000000000000036e+01 2.675000000000000000e+01
-7.877400000000000091e+02 2.248000000000000043e+01 4.480000000000000426e+00
-7.884099999999999682e+02 9.630000000000000782e+00 4.271999999999999886e+01
-7.880900000000000318e+02 2.971999999999999886e+01 5.370000000000000107e+00
-7.884400000000000546e+02 4.400000000000000355e+00 4.827000000000000313e+01
-7.879199999999999591e+02 1.557000000000000028e+01 2.978000000000000114e+01
-7.881699999999999591e+02 3.628000000000000114e+01 0.000000000000000000e+00
-7.880900000000000318e+02 2.403999999999999915e+01 1.516000000000000014e+01
-7.880900000000000318e+02 2.773999999999999844e+01 7.469999999999999751e+00
-7.885299999999999727e+02 4.482999999999999829e+01 4.256000000000000227e+01
-7.883899999999999864e+02 3.321000000000000085e+01 3.067000000000000171e+01
-7.885499999999999545e+02 4.325000000000000000e+01 4.367000000000000171e+01
-7.883400000000000318e+02 2.271999999999999886e+01 2.855999999999999872e+01
-7.885099999999999909e+02 1.439000000000000057e+01 4.710000000000000142e+01
-7.884199999999999591e+02 1.360000000000000098e+00 4.788000000000000256e+01
-7.878600000000000136e+02 1.648999999999999844e+01 1.914000000000000057e+01
-7.883600000000000136e+02 2.742999999999999972e+01 2.001000000000000156e+01
-7.878500000000000227e+02 2.048999999999999844e+01 7.150000000000000355e+00
-7.883500000000000227e+02 1.217999999999999972e+01 3.493999999999999773e+01
-7.878700000000000045e+02 2.589999999999999858e+01 1.770000000000000018e+00
-7.880299999999999727e+02 1.787999999999999901e+01 1.330000000000000071e+01
-7.880399999999999636e+02 1.760999999999999943e+01 1.653000000000000114e+01
-7.878799999999999955e+02 2.632999999999999829e+01 2.069999999999999840e+00
-7.878899999999999864e+02 2.648999999999999844e+01 1.300000000000000044e+00
-7.885099999999999909e+02 2.433999999999999986e+01 4.281000000000000227e+01
-7.880199999999999818e+02 2.644000000000000128e+01 4.959999999999999964e+00
-7.881000000000000227e+02 2.716000000000000014e+01 8.650000000000000355e+00
-7.880599999999999454e+02 2.312000000000000099e+01 1.007000000000000028e+01
-7.883700000000000045e+02 2.640000000000000124e+00 4.497999999999999687e+01
-7.879800000000000182e+02 3.194999999999999929e+01 9.799999999999999822e-01
-7.884800000000000182e+02 9.669999999999999929e+00 4.754999999999999716e+01
-7.885000000000000000e+02 1.455000000000000071e+01 4.682999999999999829e+01
-7.885700000000000500e+02 2.651000000000000156e+01 4.617000000000000171e+01
-7.883899999999999864e+02 1.828999999999999915e+01 3.990999999999999659e+01
-7.885299999999999727e+02 2.110000000000000142e+01 4.684000000000000341e+01
-7.884700000000000273e+02 4.857999999999999829e+01 2.601000000000000156e+01
-7.885599999999999454e+02 4.340999999999999659e+01 4.428999999999999915e+01
-7.884199999999999591e+02 1.750000000000000000e+00 4.786999999999999744e+01
-7.878200000000000500e+02 1.742000000000000171e+01 1.607000000000000028e+01
-7.884600000000000364e+02 1.548000000000000043e+01 4.396999999999999886e+01
-7.880800000000000409e+02 2.867000000000000171e+01 5.620000000000000107e+00
-7.883099999999999454e+02 2.521000000000000085e+01 1.216999999999999993e+01
-7.883200000000000500e+02 7.349999999999999645e+00 3.925999999999999801e+01
-7.882699999999999818e+02 2.083999999999999986e+01 2.812999999999999901e+01
-7.877300000000000182e+02 1.303999999999999915e+01 2.528999999999999915e+01
