-7.878899999999999864e+02 3.254999999999999716e+01 0.000000000000000000e+00
-7.884800000000000182e+02 9.080000000000000071e+00 4.768999999999999773e+01
-7.885700000000000500e+02 2.112000000000000099e+01 4.731000000000000227e+01
-7.881399999999999864e+02 3.625999999999999801e+01 0.000000000000000000e+00
-7.885599999999999454e+02 3.750000000000000000e+01 4.410000000000000142e+01
-7.883500000000000227e+02 8.429999999999999716e+00 4.078999999999999915e+01
-7.878099999999999454e+02 2.548000000000000043e+01 1.310000000000000053e+00
-7.883500000000000227e+02 1.200000000000000000e+01 3.506000000000000227e+01
-7.877699999999999818e+02 2.269999999999999929e+01 4.299999999999999822e+00
-7.880000000000000000e+02 1.912999999999999901e+01 1.100999999999999979e+01
-7.878200000000000500e+02 1.742000000000000171e+01 1.607000000000000028e+01
-7.878099999999999454e+02 1.060999999999999943e+01 3.507000000000000028e+01
-7.885099999999999909e+02 4.753999999999999915e+01 4.099000000000000199e+01
-7.885099999999999909e+02 1.341999999999999993e+01 4.725000000000000000e+01
-7.877799999999999727e+02 1.264000000000000057e+01 2.862999999999999901e+01
-7.883400000000000318e+02 2.619000000000000128e+01 1.796999999999999886e+01
-7.883600000000000136e+02 4.339999999999999858e+00 4.231000000000000227e+01
-7.878400000000000318e+02 1.996999999999999886e+01 7.690000000000000391e+00
-7.882699999999999818e+02 2.394000000000000128e+01 2.603999999999999915e+01
-7.879500000000000455e+02 2.687000000000000099e+01 3.299999999999999822e+00
-7.883600000000000136e+02 1.567999999999999972e+01 3.194999999999999929e+01
-7.879700000000000273e+02 2.255999999999999872e+01 7.589999999999999858e+00
-7.884900000000000091e+02 4.964999999999999858e+01 2.916000000000000014e+01
-7.877500000000000000e+02 1.499000000000000021e+01 1.794999999999999929e+01
-7.880599999999999454e+02 1.932000000000000028e+01 1.866000000000000014e+01
-7.879400000000000546e+02 1.653999999999999915e+01 2.844000000000000128e+01
-7.881100000000000136e+02 2.798000000000000043e+01 7.959999999999999964e+00
-7.881100000000000136e+02 3.204999999999999716e+01 4.019999999999999574e+00
-7.881100000000000136e+02 2.482000000000000028e+01 1.215000000000000036e+01
-7.876799999999999500e+02 1.298000000000000043e+01 2.541000000000000014e+01
-7.881000000000000227e+02 2.351999999999999957e+01 1.800000000000000000e+01
-7.883099999999999454e+02 2.601000000000000156e+01 1.118999999999999950e+01
-7.882799999999999727e+02 2.966000000000000014e+01 7.059999999999999609e+00
-7.883999999999999773e+02 7.399999999999999911e-01 4.824000000000000199e+01
-7.885900000000000318e+02 2.894999999999999929e+01 4.667000000000000171e+01
-7.878600000000000136e+02 1.614999999999999858e+01 2.237999999999999901e+01
-7.883099999999999454e+02 2.017999999999999972e+01 2.842999999999999972e+01
-7.879400000000000546e+02 3.135999999999999943e+01 1.570000000000000062e+00
-7.883799999999999955e+02 3.187000000000000099e+01 2.476999999999999957e+01
-7.884800000000000182e+02 1.439000000000000057e+01 4.650999999999999801e+01
-7.878600000000000136e+02 2.030999999999999872e+01 7.169999999999999929e+00
-7.883799999999999955e+02 2.289999999999999858e+01 3.094999999999999929e+01
-7.883999999999999773e+02 3.091000000000000014e+01 3.220000000000000284e+01
-7.879500000000000455e+02 2.510999999999999943e+01 5.610000000000000320e+00
-7.877300000000000182e+02 1.344999999999999929e+01 2.442999999999999972e+01
-7.878099999999999454e+02 1.084999999999999964e+01 3.504999999999999716e+01
-7.884400000000000546e+02 1.925000000000000000e+01 4.046000000000000085e+01
-7.877400000000000091e+02 2.248000000000000043e+01 4.480000000000000426e+00
-7.880499999999999545e+02 1.903999999999999915e+01 1.494999999999999929e+01
-7.880399999999999636e+02 3.185999999999999943e+01 2.180000000000000160e+00
-7.885399999999999636e+02 1.760000000000000142e+01 4.720000000000000284e+01
-7.882200000000000273e+02 3.625999999999999801e+01 2.899999999999999800e-01
-7.878700000000000045e+02 2.589999999999999858e+01 1.770000000000000018e+00
-7.880599999999999454e+02 2.332000000000000028e+01 9.779999999999999361e+00
-7.882500000000000000e+02 2.983999999999999986e+01 6.860000000000000320e+00
-7.878300000000000409e+02 1.500000000000000000e+01 1.876000000000000156e+01
-7.885499999999999545e+02 3.560000000000000142e+01 4.392000000000000171e+01
-7.882999999999999545e+02 9.199999999999999289e+00 3.542000000000000171e+01
-7.877500000000000000e+02 1.446000000000000085e+01 1.900000000000000000e+01
-7.884900000000000091e+02 4.967999999999999972e+01 2.905999999999999872e+01
-7.880199999999999818e+02 2.023000000000000043e+01 1.121000000000000085e+01
-7.884099999999999682e+02 1.209999999999999964e+00 4.792999999999999972e+01
-7.885000000000000000e+02 5.018999999999999773e+01 4.064999999999999858e+01
-7.883200000000000500e+02 1.005000000000000071e+01 3.771999999999999886e+01
-7.879700000000000273e+02 2.396000000000000085e+01 6.530000000000000249e+00
-7.884800000000000182e+02 9.669999999999999929e+00 4.754999999999999716e+01
-7.884400000000000546e+02 2.528999999999999915e+01 3.847999999999999687e+01
-7.880299999999999727e+02 1.764999999999999858e+01 1.425999999999999979e+01
-7.883099999999999454e+02 2.441000000000000014e+01 1.309999999999999964e+01
-7.880900000000000318e+02 2.678999999999999915e+01 8.410000000000000142e+00
-7.877400000000000091e+02 1.342999999999999972e+01 2.600000000000000000e+01
-7.882000000000000455e+02 1.755999999999999872e+01 3.116000000000000014e+01
-7.884500000000000455e+02 6.929999999999999716e+00 4.706000000000000227e+01
-7.878500000000000227e+02 2.048999999999999844e+01 7.150000000000000355e+00
-7.883600000000000136e+02 2.680000000000000071e+01 3.005999999999999872e+01
-7.880299999999999727e+02 2.992000000000000171e+01 2.430000000000000160e+00
-7.879400000000000546e+02 1.626000000000000156e+01 2.853000000000000114e+01
-7.880399999999999636e+02 1.760999999999999943e+01 1.653000000000000114e+01
-7.884199999999999591e+02 1.360000000000000098e+00 4.788000000000000256e+01
-7.884099999999999682e+02 3.721999999999999886e+01 2.937999999999999901e+01
-7.880700000000000500e+02 2.201999999999999957e+01 1.383999999999999986e+01
-7.876900000000000546e+02 1.325000000000000000e+01 2.519000000000000128e+01
-7.877400000000000091e+02 1.375000000000000000e+01 2.594999999999999929e+01
-7.877999999999999545e+02 2.382999999999999829e+01 4.400000000000000355e+00
-7.880700000000000500e+02 2.389000000000000057e+01 9.900000000000000355e+00
-7.878099999999999454e+02 2.464999999999999858e+01 1.989999999999999991e+00
-7.883400000000000318e+02 1.232000000000000028e+01 3.489000000000000057e+01
-7.882699999999999818e+02 2.610999999999999943e+01 1.110999999999999943e+01
-7.878899999999999864e+02 2.548999999999999844e+01 3.370000000000000107e+00
-7.885499999999999545e+02 2.512999999999999901e+01 4.639999999999999858e+01
-7.877500000000000000e+02 1.476999999999999957e+01 1.873000000000000043e+01
-7.881699999999999591e+02 3.628000000000000114e+01 0.000000000000000000e+00
-7.880299999999999727e+02 1.787999999999999901e+01 1.330000000000000071e+01
-7.880900000000000318e+02 2.971999999999999886e+01 5.370000000000000107e+00
-7.880800000000000409e+02 2.825000000000000000e+01 7.000000000000000000e+00
-7.878099999999999454e+02 1.447000000000000064e+01 2.257000000000000028e+01
-7.885599999999999454e+02 3.735000000000000142e+01 4.435000000000000142e+01
-7.879900000000000091e+02 2.378000000000000114e+01 7.059999999999999609e+00
-7.884700000000000273e+02 1.490000000000000036e+01 4.595000000000000284e+01
-7.885199999999999818e+02 2.201999999999999957e+01 4.542999999999999972e+01
-7.883899999999999864e+02 3.606000000000000227e+01 2.791000000000000014e+01
-7.883799999999999955e+02 4.830000000000000071e+00 4.346000000000000085e+01
-7.884600000000000364e+02 4.613000000000000256e+01 2.603000000000000114e+01
-7.883200000000000500e+02 6.540000000000000036e+00 3.921000000000000085e+01
-7.883500000000000227e+02 1.592999999999999972e+01 3.162000000000000099e+01
-7.883799999999999955e+02 2.153999999999999915e+01 3.107000000000000028e+01
-7.884700000000000273e+02 8.339999999999999858e+00 4.742999999999999972e+01
-7.884900000000000091e+02 1.061999999999999922e+01 4.760999999999999943e+01
-7.882999999999999545e+02 2.605000000000000071e+01 1.116000000000000014e+01
-7.879199999999999591e+02 1.557000000000000028e+01 2.978000000000000114e+01
-7.880199999999999818e+02 2.069000000000000128e+01 1.077999999999999936e+01
-7.883700000000000045e+02 2.467000000000000171e+01 3.051999999999999957e+01
-7.882400000000000091e+02 3.436999999999999744e+01 3.979999999999999982e+00
-7.877400000000000091e+02 2.248999999999999844e+01 4.299999999999999822e+00
-7.884099999999999682e+02 3.818999999999999773e+01 2.610999999999999943e+01
-7.884400000000000546e+02 4.120000000000000107e+00 4.817999999999999972e+01
-7.883400000000000318e+02 1.714999999999999858e+01 3.148999999999999844e+01
-7.885099999999999909e+02 1.439000000000000057e+01 4.710000000000000142e+01
-7.885599999999999454e+02 2.883999999999999986e+01 4.510000000000000142e+01
-7.883099999999999454e+02 1.116999999999999993e+01 3.257999999999999829e+01
-7.878899999999999864e+02 2.648999999999999844e+01 1.300000000000000044e+00
-7.880299999999999727e+02 1.748000000000000043e+01 1.669000000000000128e+01
-7.878300000000000409e+02 2.569000000000000128e+01 1.649999999999999911e+00
-7.880800000000000409e+02 2.435999999999999943e+01 9.390000000000000568e+00
-7.877300000000000182e+02 1.303999999999999915e+01 2.528999999999999915e+01
-7.885399999999999636e+02 1.944000000000000128e+01 4.671999999999999886e+01
-7.884099999999999682e+02 2.129999999999999893e+00 4.718999999999999773e+01
-7.884099999999999682e+02 9.630000000000000782e+00 4.271999999999999886e+01
