-7.880399999999999636e+02 1.725000000000000000e+01 1.466000000000000014e+01
-7.883099999999999454e+02 2.601000000000000156e+01 1.118999999999999950e+01
-7.883700000000000045e+02 2.923000000000000043e+01 2.853999999999999915e+01
-7.880000000000000000e+02 1.912999999999999901e+01 1.100999999999999979e+01
-7.885700000000000500e+02 2.112000000000000099e+01 4.731000000000000227e+01
-7.883600000000000136e+02 1.567999999999999972e+01 3.194999999999999929e+01
-7.883400000000000318e+02 2.501000000000000156e+01 1.792000000000000171e+01
-7.877699999999999818e+02 2.262000000000000099e+01 4.209999999999999964e+00
-7.879700000000000273e+02 2.255999999999999872e+01 7.589999999999999858e+00
-7.883600000000000136e+02 4.339999999999999858e+00 4.231000000000000227e+01
-7.881100000000000136e+02 3.204999999999999716e+01 4.019999999999999574e+00
-7.876799999999999500e+02 1.298000000000000043e+01 2.541000000000000014e+01
-7.885099999999999909e+02 4.753999999999999915e+01 4.099000000000000199e+01
-7.885099999999999909e+02 1.389000000000000057e+01 4.659000000000000341e+01
-7.877799999999999727e+02 1.264000000000000057e+01 2.862999999999999901e+01
-7.884900000000000091e+02 4.964999999999999858e+01 2.916000000000000014e+01
-7.882799999999999727e+02 2.957999999999999829e+01 7.120000000000000107e+00
-7.883999999999999773e+02 7.399999999999999911e-01 4.824000000000000199e+01
-7.879400000000000546e+02 1.626000000000000156e+01 2.853000000000000114e+01
-7.885900000000000318e+02 3.811999999999999744e+01 4.553000000000000114e+01
-7.881100000000000136e+02 2.482000000000000028e+01 1.215000000000000036e+01
-7.884800000000000182e+02 9.080000000000000071e+00 4.768999999999999773e+01
-7.878400000000000318e+02 1.978999999999999915e+01 7.950000000000000178e+00
-7.885900000000000318e+02 2.894999999999999929e+01 4.667000000000000171e+01
-7.883500000000000227e+02 8.429999999999999716e+00 4.078999999999999915e+01
-7.878099999999999454e+02 2.548000000000000043e+01 1.310000000000000053e+00
-7.881399999999999864e+02 3.625999999999999801e+01 0.000000000000000000e+00
-7.879500000000000455e+02 2.678000000000000114e+01 3.350000000000000089e+00
-7.883600000000000136e+02 1.306000000000000050e+01 3.935000000000000142e+01
-7.883099999999999454e+02 2.017999999999999972e+01 2.842999999999999972e+01
-7.881000000000000227e+02 2.351999999999999957e+01 1.800000000000000000e+01
-7.878600000000000136e+02 1.614999999999999858e+01 2.237999999999999901e+01
-7.877500000000000000e+02 1.499000000000000021e+01 1.794999999999999929e+01
-7.881100000000000136e+02 2.798000000000000043e+01 7.959999999999999964e+00
-7.878899999999999864e+02 3.254999999999999716e+01 0.000000000000000000e+00
-7.880599999999999454e+02 1.908999999999999986e+01 1.494999999999999929e+01
-7.883700000000000045e+02 1.347000000000000064e+01 3.954999999999999716e+01
-7.878700000000000045e+02 2.432999999999999829e+01 3.560000000000000053e+00
-7.884500000000000455e+02 2.085999999999999943e+01 4.097999999999999687e+01
-7.877500000000000000e+02 1.446000000000000085e+01 1.900000000000000000e+01
-7.877300000000000182e+02 1.303999999999999915e+01 2.528999999999999915e+01
-7.884800000000000182e+02 1.386999999999999922e+01 4.535000000000000142e+01
-7.877400000000000091e+02 2.248999999999999844e+01 4.299999999999999822e+00
-7.884900000000000091e+02 4.967999999999999972e+01 2.905999999999999872e+01
-7.879299999999999500e+02 3.032000000000000028e+01 2.160000000000000142e+00
-7.878099999999999454e+02 2.464999999999999858e+01 1.989999999999999991e+00
-7.884800000000000182e+02 2.900000000000000000e+01 4.050000000000000000e+01
-7.878099999999999454e+02 1.447000000000000064e+01 2.257000000000000028e+01
-7.880099999999999909e+02 2.455999999999999872e+01 6.940000000000000391e+00
-7.880700000000000500e+02 2.196999999999999886e+01 1.275999999999999979e+01
-7.885099999999999909e+02 5.029999999999999716e+01 4.081000000000000227e+01
-7.885700000000000500e+02 2.676000000000000156e+01 4.671999999999999886e+01
-7.876900000000000546e+02 1.325000000000000000e+01 2.519000000000000128e+01
-7.881499999999999773e+02 3.547999999999999687e+01 6.999999999999999556e-01
-7.884099999999999682e+02 2.129999999999999893e+00 4.718999999999999773e+01
-7.883799999999999955e+02 4.830000000000000071e+00 4.346000000000000085e+01
-7.885499999999999545e+02 3.597999999999999687e+01 4.378999999999999915e+01
-7.882999999999999545e+02 9.199999999999999289e+00 3.542000000000000171e+01
-7.879199999999999591e+02 1.557000000000000028e+01 2.978000000000000114e+01
-7.880199999999999818e+02 2.048000000000000043e+01 1.091999999999999993e+01
-7.880299999999999727e+02 1.764999999999999858e+01 1.425999999999999979e+01
-7.883700000000000045e+02 2.917999999999999972e+01 2.876999999999999957e+01
-7.880800000000000409e+02 2.825000000000000000e+01 7.000000000000000000e+00
-7.885399999999999636e+02 1.944000000000000128e+01 4.671999999999999886e+01
-7.884700000000000273e+02 8.339999999999999858e+00 4.742999999999999972e+01
-7.883099999999999454e+02 2.441000000000000014e+01 1.309999999999999964e+01
-7.881200000000000045e+02 3.196000000000000085e+01 5.049999999999999822e+00
-7.878600000000000136e+02 2.030999999999999872e+01 7.169999999999999929e+00
-7.882799999999999727e+02 2.966000000000000014e+01 7.059999999999999609e+00
-7.883999999999999773e+02 3.732999999999999829e+01 2.607000000000000028e+01
-7.877500000000000000e+02 1.321000000000000085e+01 2.539999999999999858e+01
-7.882500000000000000e+02 2.983999999999999986e+01 6.860000000000000320e+00
-7.883799999999999955e+02 3.075000000000000000e+01 2.853999999999999915e+01
-7.884900000000000091e+02 1.061999999999999922e+01 4.760999999999999943e+01
-7.881699999999999591e+02 3.628000000000000114e+01 0.000000000000000000e+00
-7.884900000000000091e+02 1.373000000000000043e+01 4.536999999999999744e+01
-7.884700000000000273e+02 4.839000000000000057e+01 2.821000000000000085e+01
-7.884400000000000546e+02 8.550000000000000711e+00 4.600999999999999801e+01
-7.880399999999999636e+02 2.867999999999999972e+01 3.720000000000000195e+00
-7.880900000000000318e+02 2.492000000000000171e+01 1.134999999999999964e+01
-7.884099999999999682e+02 2.005999999999999872e+01 3.902000000000000313e+01
-7.878300000000000409e+02 1.500000000000000000e+01 1.876000000000000156e+01
-7.884199999999999591e+02 2.726999999999999957e+01 3.849000000000000199e+01
-7.882400000000000091e+02 3.436999999999999744e+01 3.979999999999999982e+00
-7.878700000000000045e+02 2.589999999999999858e+01 1.770000000000000018e+00
-7.884600000000000364e+02 2.632999999999999829e+01 4.096999999999999886e+01
-7.880800000000000409e+02 2.808999999999999986e+01 7.120000000000000107e+00
-7.880199999999999818e+02 2.023000000000000043e+01 1.121000000000000085e+01
-7.883099999999999454e+02 2.523999999999999844e+01 1.243999999999999950e+01
-7.885700000000000500e+02 2.375000000000000000e+01 4.685999999999999943e+01
-7.884500000000000455e+02 6.929999999999999716e+00 4.706000000000000227e+01
-7.880900000000000318e+02 2.298999999999999844e+01 1.569999999999999929e+01
-7.877500000000000000e+02 1.476999999999999957e+01 1.873000000000000043e+01
-7.877300000000000182e+02 1.344999999999999929e+01 2.442999999999999972e+01
-7.885499999999999545e+02 3.560000000000000142e+01 4.392000000000000171e+01
-7.885000000000000000e+02 5.018999999999999773e+01 4.064999999999999858e+01
-7.884099999999999682e+02 3.818999999999999773e+01 2.610999999999999943e+01
-7.877999999999999545e+02 2.382999999999999829e+01 4.400000000000000355e+00
-7.879400000000000546e+02 1.632999999999999829e+01 2.817999999999999972e+01
-7.884199999999999591e+02 2.259999999999999787e+00 4.807999999999999829e+01
-7.878400000000000318e+02 1.996999999999999886e+01 7.690000000000000391e+00
-7.880499999999999545e+02 2.373999999999999844e+01 9.470000000000000639e+00
-7.878300000000000409e+02 3.204999999999999716e+01 0.000000000000000000e+00
-7.883999999999999773e+02 1.178999999999999915e+01 4.185000000000000142e+01
-7.884099999999999682e+02 1.320000000000000062e+00 4.806000000000000227e+01
-7.882000000000000455e+02 1.755999999999999872e+01 3.116000000000000014e+01
-7.883600000000000136e+02 3.457999999999999829e+01 2.764000000000000057e+01
-7.882799999999999727e+02 8.259999999999999787e+00 3.785999999999999943e+01
-7.878500000000000227e+02 2.048999999999999844e+01 7.150000000000000355e+00
-7.882200000000000273e+02 3.622999999999999687e+01 3.129999999999999893e+00
-7.880499999999999545e+02 1.903999999999999915e+01 1.494999999999999929e+01
-7.879099999999999682e+02 2.939000000000000057e+01 2.859999999999999876e+00
-7.882400000000000091e+02 2.980000000000000071e+01 6.879999999999999893e+00
-7.882799999999999727e+02 2.560000000000000142e+01 1.167999999999999972e+01
-7.880199999999999818e+02 2.069000000000000128e+01 1.077999999999999936e+01
-7.883899999999999864e+02 3.417999999999999972e+01 2.916000000000000014e+01
-7.884900000000000091e+02 3.112000000000000099e+01 4.249000000000000199e+01
-7.880599999999999454e+02 2.332000000000000028e+01 9.779999999999999361e+00
-7.879400000000000546e+02 3.135999999999999943e+01 1.570000000000000062e+00
-7.878899999999999864e+02 2.496000000000000085e+01 5.830000000000000071e+00
-7.885199999999999818e+02 2.769999999999999929e+01 4.277000000000000313e+01
-7.878099999999999454e+02 1.266000000000000014e+01 2.828999999999999915e+01
-7.878300000000000409e+02 2.569000000000000128e+01 1.649999999999999911e+00
-7.884199999999999591e+02 3.310000000000000053e+00 4.740999999999999659e+01
-7.884800000000000182e+02 1.141999999999999993e+01 4.709000000000000341e+01
-7.884700000000000273e+02 4.935999999999999943e+01 2.603999999999999915e+01
-7.884800000000000182e+02 9.619999999999999218e+00 4.752000000000000313e+01
-7.884700000000000273e+02 1.980999999999999872e+01 4.485000000000000142e+01
