-7.885900000000000318e+02 2.894999999999999929e+01 4.667000000000000171e+01
-7.884500000000000455e+02 4.492999999999999972e+01 2.605000000000000071e+01
-7.885599999999999454e+02 3.759000000000000341e+01 4.388000000000000256e+01
-7.883600000000000136e+02 1.567999999999999972e+01 3.194999999999999929e+01
-7.883400000000000318e+02 2.501000000000000156e+01 1.792000000000000171e+01
-7.879400000000000546e+02 1.626000000000000156e+01 2.853000000000000114e+01
-7.878600000000000136e+02 1.614999999999999858e+01 2.237999999999999901e+01
-7.877500000000000000e+02 1.499000000000000021e+01 1.794999999999999929e+01
-7.883099999999999454e+02 2.017999999999999972e+01 2.842999999999999972e+01
-7.879700000000000273e+02 2.255999999999999872e+01 7.589999999999999858e+00
-7.883600000000000136e+02 4.339999999999999858e+00 4.231000000000000227e+01
-7.881100000000000136e+02 3.204999999999999716e+01 4.019999999999999574e+00
-7.877699999999999818e+02 2.262000000000000099e+01 4.209999999999999964e+00
-7.883500000000000227e+02 8.429999999999999716e+00 4.078999999999999915e+01
-7.877799999999999727e+02 1.264000000000000057e+01 2.862999999999999901e+01
-7.878899999999999864e+02 3.254999999999999716e+01 0.000000000000000000e+00
-7.881399999999999864e+02 3.625999999999999801e+01 0.000000000000000000e+00
-7.883200000000000500e+02 2.282999999999999829e+01 2.116000000000000014e+01
-7.885099999999999909e+02 4.753999999999999915e+01 4.099000000000000199e+01
-7.884800000000000182e+02 9.080000000000000071e+00 4.768999999999999773e+01
-7.882300000000000182e+02 3.565999999999999659e+01 3.279999999999999805e+00
-7.885700000000000500e+02 2.112000000000000099e+01 4.731000000000000227e+01
-7.883600000000000136e+02 1.306000000000000050e+01 3.935000000000000142e+01
-7.876799999999999500e+02 1.298000000000000043e+01 2.541000000000000014e+01
-7.885099999999999909e+02 1.389000000000000057e+01 4.657000000000000028e+01
-7.882400000000000091e+02 1.331000000000000050e+01 3.271000000000000085e+01
-7.880000000000000000e+02 1.912999999999999901e+01 1.100999999999999979e+01
-7.879500000000000455e+02 2.678000000000000114e+01 3.350000000000000089e+00
-7.881100000000000136e+02 2.482000000000000028e+01 1.215000000000000036e+01
-7.880900000000000318e+02 2.298999999999999844e+01 1.569999999999999929e+01
-7.878099999999999454e+02 2.548000000000000043e+01 1.310000000000000053e+00
-7.883999999999999773e+02 7.399999999999999911e-01 4.824000000000000199e+01
-7.880399999999999636e+02 1.725000000000000000e+01 1.466000000000000014e+01
-7.883099999999999454e+02 2.601000000000000156e+01 1.118999999999999950e+01
-7.878400000000000318e+02 1.978999999999999915e+01 7.950000000000000178e+00
-7.882799999999999727e+02 2.957999999999999829e+01 7.120000000000000107e+00
-7.881100000000000136e+02 2.798000000000000043e+01 7.959999999999999964e+00
-7.882799999999999727e+02 2.966000000000000014e+01 7.059999999999999609e+00
-7.883700000000000045e+02 2.917999999999999972e+01 2.876999999999999957e+01
-7.885399999999999636e+02 1.876999999999999957e+01 4.627000000000000313e+01
-7.883999999999999773e+02 3.732999999999999829e+01 2.607000000000000028e+01
-7.878400000000000318e+02 1.996999999999999886e+01 7.690000000000000391e+00
-7.877999999999999545e+02 2.258999999999999986e+01 4.440000000000000391e+00
-7.879900000000000091e+02 2.946999999999999886e+01 2.450000000000000178e+00
-7.884700000000000273e+02 8.339999999999999858e+00 4.742999999999999972e+01
-7.880599999999999454e+02 3.057999999999999829e+01 3.390000000000000124e+00
-7.881000000000000227e+02 2.348999999999999844e+01 1.416999999999999993e+01
-7.885000000000000000e+02 1.300000000000000000e+01 4.738000000000000256e+01
-7.884299999999999500e+02 2.544999999999999929e+01 3.946999999999999886e+01
-7.883700000000000045e+02 1.612000000000000099e+01 3.328000000000000114e+01
-7.880499999999999545e+02 2.139000000000000057e+01 1.144999999999999929e+01
-7.880599999999999454e+02 1.908999999999999986e+01 1.494999999999999929e+01
-7.885900000000000318e+02 3.750000000000000000e+01 4.546000000000000085e+01
-7.884800000000000182e+02 1.052999999999999936e+01 4.703999999999999915e+01
-7.883899999999999864e+02 1.327999999999999936e+01 4.363000000000000256e+01
-7.878099999999999454e+02 1.390000000000000036e+01 2.564999999999999858e+01
-7.879700000000000273e+02 2.335999999999999943e+01 7.080000000000000071e+00
-7.876900000000000546e+02 1.325000000000000000e+01 2.519000000000000128e+01
-7.883099999999999454e+02 2.441000000000000014e+01 1.309999999999999964e+01
-7.884299999999999500e+02 3.839999999999999858e+00 4.721999999999999886e+01
-7.881499999999999773e+02 3.547999999999999687e+01 6.999999999999999556e-01
-7.882000000000000455e+02 1.755999999999999872e+01 3.116000000000000014e+01
-7.884299999999999500e+02 4.367000000000000171e+01 2.603999999999999915e+01
-7.879600000000000364e+02 2.546000000000000085e+01 5.370000000000000107e+00
-7.878700000000000045e+02 2.589999999999999858e+01 1.770000000000000018e+00
-7.884400000000000546e+02 2.580000000000000071e+01 3.836999999999999744e+01
-7.880299999999999727e+02 1.764999999999999858e+01 1.425999999999999979e+01
-7.878300000000000409e+02 1.459999999999999964e+01 2.307000000000000028e+01
-7.880599999999999454e+02 2.557000000000000028e+01 8.859999999999999432e+00
-7.884099999999999682e+02 2.299999999999999822e+00 4.707000000000000028e+01
-7.877500000000000000e+02 1.446000000000000085e+01 1.900000000000000000e+01
-7.884199999999999591e+02 3.893999999999999773e+01 3.563000000000000256e+01
-7.881200000000000045e+02 3.196000000000000085e+01 5.049999999999999822e+00
-7.878600000000000136e+02 2.030999999999999872e+01 7.169999999999999929e+00
-7.883500000000000227e+02 3.470000000000000195e+00 4.650000000000000000e+01
-7.884900000000000091e+02 1.373000000000000043e+01 4.536999999999999744e+01
-7.882500000000000000e+02 2.983999999999999986e+01 6.860000000000000320e+00
-7.883099999999999454e+02 2.521999999999999886e+01 1.214000000000000057e+01
-7.877999999999999545e+02 2.382999999999999829e+01 4.400000000000000355e+00
-7.877899999999999636e+02 1.384999999999999964e+01 2.444999999999999929e+01
-7.877500000000000000e+02 1.476999999999999957e+01 1.873000000000000043e+01
-7.879299999999999500e+02 2.751999999999999957e+01 2.350000000000000089e+00
-7.883500000000000227e+02 1.478999999999999915e+01 3.259000000000000341e+01
-7.880399999999999636e+02 1.732999999999999829e+01 1.443999999999999950e+01
-7.884900000000000091e+02 1.061999999999999922e+01 4.760999999999999943e+01
-7.883200000000000500e+02 8.560000000000000497e+00 3.675999999999999801e+01
-7.883799999999999955e+02 3.075000000000000000e+01 2.853999999999999915e+01
-7.884900000000000091e+02 2.014999999999999858e+01 4.260999999999999943e+01
-7.883500000000000227e+02 2.542000000000000171e+01 1.837999999999999901e+01
-7.879900000000000091e+02 2.489999999999999858e+01 6.820000000000000284e+00
-7.877300000000000182e+02 1.344999999999999929e+01 2.442999999999999972e+01
-7.885599999999999454e+02 2.894999999999999929e+01 4.565999999999999659e+01
-7.878300000000000409e+02 3.204999999999999716e+01 0.000000000000000000e+00
-7.880499999999999545e+02 2.212999999999999901e+01 1.056000000000000050e+01
-7.885099999999999909e+02 5.003999999999999915e+01 4.067999999999999972e+01
-7.877599999999999909e+02 1.375999999999999979e+01 2.585999999999999943e+01
-7.879500000000000455e+02 1.973000000000000043e+01 9.269999999999999574e+00
-7.881699999999999591e+02 3.628000000000000114e+01 0.000000000000000000e+00
-7.884500000000000455e+02 1.516000000000000014e+01 4.286999999999999744e+01
-7.881100000000000136e+02 2.432000000000000028e+01 1.536999999999999922e+01
-7.885399999999999636e+02 3.574000000000000199e+01 4.324000000000000199e+01
-7.883999999999999773e+02 2.533999999999999986e+01 3.521999999999999886e+01
-7.884600000000000364e+02 4.703000000000000114e+01 2.603999999999999915e+01
-7.880800000000000409e+02 2.844000000000000128e+01 5.730000000000000426e+00
-7.878300000000000409e+02 2.569000000000000128e+01 1.649999999999999911e+00
-7.879400000000000546e+02 1.632999999999999829e+01 2.817999999999999972e+01
-7.884099999999999682e+02 2.129999999999999893e+00 4.718999999999999773e+01
-7.884500000000000455e+02 4.203999999999999915e+01 4.057999999999999829e+01
-7.884800000000000182e+02 9.619999999999999218e+00 4.752000000000000313e+01
-7.884400000000000546e+02 4.435999999999999943e+01 2.603000000000000114e+01
-7.878500000000000227e+02 2.048999999999999844e+01 7.150000000000000355e+00
-7.880499999999999545e+02 1.903999999999999915e+01 1.494999999999999929e+01
-7.885499999999999545e+02 2.596000000000000085e+01 4.546999999999999886e+01
-7.879900000000000091e+02 2.860000000000000142e+01 4.900000000000000355e+00
-7.882799999999999727e+02 2.560000000000000142e+01 1.167999999999999972e+01
-7.885199999999999818e+02 1.842999999999999972e+01 4.560999999999999943e+01
-7.883500000000000227e+02 3.990000000000000213e+00 4.246999999999999886e+01
-7.878099999999999454e+02 2.239999999999999858e+01 5.599999999999999645e+00
-7.880399999999999636e+02 2.494999999999999929e+01 8.919999999999999929e+00
-7.878099999999999454e+02 2.464999999999999858e+01 1.989999999999999991e+00
-7.883600000000000136e+02 3.457999999999999829e+01 2.764000000000000057e+01
-7.880700000000000500e+02 2.467999999999999972e+01 9.789999999999999147e+00
-7.882999999999999545e+02 2.017000000000000171e+01 2.842000000000000171e+01
-7.880199999999999818e+02 2.048000000000000043e+01 1.091999999999999993e+01
-7.882400000000000091e+02 3.436999999999999744e+01 3.979999999999999982e+00
-7.885399999999999636e+02 3.486999999999999744e+01 4.450000000000000000e+01
-7.880299999999999727e+02 1.746000000000000085e+01 1.439000000000000057e+01
-7.884700000000000273e+02 9.949999999999999289e+00 4.736999999999999744e+01
