-7.885599999999999454e+02 3.746999999999999886e+01 4.390999999999999659e+01
-7.881100000000000136e+02 2.798000000000000043e+01 7.959999999999999964e+00
-7.878899999999999864e+02 3.254999999999999716e+01 0.000000000000000000e+00
-7.881599999999999682e+02 3.625999999999999801e+01 0.000000000000000000e+00
-7.883600000000000136e+02 1.306000000000000050e+01 3.935000000000000142e+01
-7.884500000000000455e+02 4.492999999999999972e+01 2.605000000000000071e+01
-7.883200000000000500e+02 2.282999999999999829e+01 2.116000000000000014e+01
-7.883500000000000227e+02 8.429999999999999716e+00 4.078999999999999915e+01
-7.882500000000000000e+02 9.330000000000000071e+00 3.645000000000000284e+01
-7.883999999999999773e+02 7.399999999999999911e-01 4.824000000000000199e+01
-7.882300000000000182e+02 3.565999999999999659e+01 3.279999999999999805e+00
-7.880900000000000318e+02 2.298999999999999844e+01 1.569999999999999929e+01
-7.879500000000000455e+02 2.678000000000000114e+01 3.350000000000000089e+00
-7.881100000000000136e+02 2.235999999999999943e+01 2.685999999999999943e+01
-7.885099999999999909e+02 1.389000000000000057e+01 4.657000000000000028e+01
-7.880399999999999636e+02 1.723000000000000043e+01 1.477999999999999936e+01
-7.878400000000000318e+02 1.978999999999999915e+01 7.950000000000000178e+00
-7.877200000000000273e+02 1.572000000000000064e+01 1.778000000000000114e+01
-7.885099999999999909e+02 4.753999999999999915e+01 4.099000000000000199e+01
-7.881599999999999682e+02 3.215999999999999659e+01 4.250000000000000000e+00
-7.883600000000000136e+02 1.567999999999999972e+01 3.194999999999999929e+01
-7.881100000000000136e+02 2.482000000000000028e+01 1.215000000000000036e+01
-7.882799999999999727e+02 2.957999999999999829e+01 7.120000000000000107e+00
-7.880000000000000000e+02 1.912999999999999901e+01 1.100999999999999979e+01
-7.879400000000000546e+02 1.626000000000000156e+01 2.853000000000000114e+01
-7.878099999999999454e+02 2.548000000000000043e+01 1.310000000000000053e+00
-7.883300000000000409e+02 2.117000000000000171e+01 2.985000000000000142e+01
-7.885900000000000318e+02 2.894999999999999929e+01 4.667000000000000171e+01
-7.884800000000000182e+02 9.080000000000000071e+00 4.768999999999999773e+01
-7.883099999999999454e+02 2.601000000000000156e+01 1.118999999999999950e+01
-7.877799999999999727e+02 1.264000000000000057e+01 2.862999999999999901e+01
-7.883400000000000318e+02 2.501000000000000156e+01 1.792000000000000171e+01
-7.879700000000000273e+02 2.255999999999999872e+01 7.589999999999999858e+00
-7.876799999999999500e+02 1.298000000000000043e+01 2.541000000000000014e+01
-7.885700000000000500e+02 2.112000000000000099e+01 4.731000000000000227e+01
-7.877699999999999818e+02 2.262000000000000099e+01 4.209999999999999964e+00
-7.878600000000000136e+02 1.614999999999999858e+01 2.237999999999999901e+01
-7.883600000000000136e+02 4.299999999999999822e+00 4.307000000000000028e+01
-7.884400000000000546e+02 4.340999999999999659e+01 2.603000000000000114e+01
-7.880499999999999545e+02 2.048000000000000043e+01 1.092999999999999972e+01
-7.881900000000000546e+02 3.717999999999999972e+01 2.000000000000000111e-01
-7.878099999999999454e+02 2.464999999999999858e+01 1.989999999999999991e+00
-7.882000000000000455e+02 1.755999999999999872e+01 3.116000000000000014e+01
-7.885000000000000000e+02 1.300000000000000000e+01 4.738000000000000256e+01
-7.880099999999999909e+02 2.810999999999999943e+01 4.559999999999999609e+00
-7.880599999999999454e+02 2.467999999999999972e+01 8.750000000000000000e+00
-7.878300000000000409e+02 1.366999999999999993e+01 2.782999999999999829e+01
-7.884600000000000364e+02 4.303000000000000114e+01 4.178000000000000114e+01
-7.878500000000000227e+02 2.048999999999999844e+01 7.150000000000000355e+00
-7.877500000000000000e+02 1.499000000000000021e+01 1.794999999999999929e+01
-7.880700000000000500e+02 2.239999999999999858e+01 1.051999999999999957e+01
-7.884099999999999682e+02 1.219999999999999973e+00 4.784000000000000341e+01
-7.880499999999999545e+02 1.903999999999999915e+01 1.494999999999999929e+01
-7.883700000000000045e+02 3.420000000000000284e+01 2.551999999999999957e+01
-7.885199999999999818e+02 1.830999999999999872e+01 4.567999999999999972e+01
-7.886000000000000227e+02 3.752000000000000313e+01 4.731000000000000227e+01
-7.885599999999999454e+02 2.894999999999999929e+01 4.565999999999999659e+01
-7.883899999999999864e+02 3.536999999999999744e+01 3.198999999999999844e+01
-7.884600000000000364e+02 7.849999999999999645e+00 4.718999999999999773e+01
-7.883899999999999864e+02 6.940000000000000391e+00 4.253999999999999915e+01
-7.883099999999999454e+02 1.165000000000000036e+01 3.246000000000000085e+01
-7.877300000000000182e+02 1.344999999999999929e+01 2.442999999999999972e+01
-7.883600000000000136e+02 1.758999999999999986e+01 3.167999999999999972e+01
-7.877999999999999545e+02 2.258999999999999986e+01 4.440000000000000391e+00
-7.884099999999999682e+02 2.746999999999999886e+01 3.585000000000000142e+01
-7.878300000000000409e+02 1.459999999999999964e+01 2.307000000000000028e+01
-7.879900000000000091e+02 3.032999999999999829e+01 2.009999999999999787e+00
-7.880599999999999454e+02 2.937000000000000099e+01 4.639999999999999680e+00
-7.884299999999999500e+02 3.839999999999999858e+00 4.721999999999999886e+01
-7.880499999999999545e+02 2.603000000000000114e+01 6.290000000000000036e+00
-7.880399999999999636e+02 1.732999999999999829e+01 1.443999999999999950e+01
-7.882799999999999727e+02 2.560000000000000142e+01 1.167999999999999972e+01
-7.882599999999999909e+02 2.967999999999999972e+01 7.030000000000000249e+00
-7.878500000000000227e+02 2.610000000000000142e+01 1.169999999999999929e+00
-7.885700000000000500e+02 2.216000000000000014e+01 4.711999999999999744e+01
-7.878099999999999454e+02 2.239999999999999858e+01 5.599999999999999645e+00
-7.882400000000000091e+02 3.436999999999999744e+01 3.979999999999999982e+00
-7.877599999999999909e+02 1.375999999999999979e+01 2.585999999999999943e+01
-7.884500000000000455e+02 4.879999999999999893e+00 4.782999999999999829e+01
-7.880399999999999636e+02 1.905999999999999872e+01 1.291999999999999993e+01
-7.884099999999999682e+02 4.200999999999999801e+01 2.605000000000000071e+01
-7.883799999999999955e+02 3.075000000000000000e+01 2.853999999999999915e+01
-7.884900000000000091e+02 1.373000000000000043e+01 4.536999999999999744e+01
-7.879400000000000546e+02 1.632999999999999829e+01 2.817999999999999972e+01
-7.884800000000000182e+02 1.052999999999999936e+01 4.703999999999999915e+01
-7.879900000000000091e+02 2.946999999999999886e+01 2.450000000000000178e+00
-7.884299999999999500e+02 1.129999999999999893e+00 4.821999999999999886e+01
-7.878099999999999454e+02 1.524000000000000021e+01 2.017999999999999972e+01
-7.879299999999999500e+02 2.478999999999999915e+01 4.849999999999999645e+00
-7.881499999999999773e+02 3.547999999999999687e+01 6.999999999999999556e-01
-7.883500000000000227e+02 1.064000000000000057e+01 3.938000000000000256e+01
-7.884900000000000091e+02 1.061999999999999922e+01 4.760999999999999943e+01
-7.878600000000000136e+02 2.030999999999999872e+01 7.169999999999999929e+00
-7.883099999999999454e+02 2.521999999999999886e+01 1.214000000000000057e+01
-7.882699999999999818e+02 2.969999999999999929e+01 7.030000000000000249e+00
-7.884199999999999591e+02 3.893999999999999773e+01 3.563000000000000256e+01
-7.884099999999999682e+02 2.317000000000000171e+01 3.660999999999999943e+01
-7.880800000000000409e+02 2.844000000000000128e+01 5.730000000000000426e+00
-7.883899999999999864e+02 1.971999999999999886e+01 3.817000000000000171e+01
-7.884500000000000455e+02 4.504999999999999716e+01 2.603999999999999915e+01
-7.885800000000000409e+02 4.500000000000000000e+01 4.503999999999999915e+01
-7.876900000000000546e+02 1.325000000000000000e+01 2.519000000000000128e+01
-7.880299999999999727e+02 1.764999999999999858e+01 1.425999999999999979e+01
-7.880299999999999727e+02 2.444999999999999929e+01 7.099999999999999645e+00
-7.885000000000000000e+02 2.817999999999999972e+01 4.385000000000000142e+01
-7.880700000000000500e+02 2.467999999999999972e+01 9.789999999999999147e+00
-7.877500000000000000e+02 1.446000000000000085e+01 1.900000000000000000e+01
-7.880800000000000409e+02 2.192999999999999972e+01 1.394999999999999929e+01
-7.883999999999999773e+02 3.732999999999999829e+01 2.607000000000000028e+01
-7.878400000000000318e+02 1.996999999999999886e+01 7.690000000000000391e+00
-7.885299999999999727e+02 2.287000000000000099e+01 4.493999999999999773e+01
-7.882500000000000000e+02 2.983999999999999986e+01 6.860000000000000320e+00
-7.877500000000000000e+02 1.327999999999999936e+01 2.623999999999999844e+01
-7.879299999999999500e+02 1.662000000000000099e+01 2.805999999999999872e+01
-7.882799999999999727e+02 2.523000000000000043e+01 1.211999999999999922e+01
-7.883099999999999454e+02 2.269000000000000128e+01 2.666000000000000014e+01
-7.880199999999999818e+02 2.048000000000000043e+01 1.091999999999999993e+01
-7.878099999999999454e+02 2.464999999999999858e+01 1.989999999999999991e+00
-7.881100000000000136e+02 3.204999999999999716e+01 4.019999999999999574e+00
-7.883899999999999864e+02 1.458000000000000007e+01 4.082999999999999829e+01
-7.882999999999999545e+02 2.433999999999999986e+01 1.316999999999999993e+01
-7.885399999999999636e+02 3.756000000000000227e+01 4.331000000000000227e+01
-7.884900000000000091e+02 5.085000000000000142e+01 2.603000000000000114e+01
-7.880000000000000000e+02 2.944999999999999929e+01 2.620000000000000107e+00
-7.877899999999999636e+02 1.384999999999999964e+01 2.444999999999999929e+01
-7.880299999999999727e+02 1.746000000000000085e+01 1.439000000000000057e+01
-7.885499999999999545e+02 2.596000000000000085e+01 4.546999999999999886e+01
-7.885099999999999909e+02 4.731000000000000227e+01 4.109000000000000341e+01
