-7.883600000000000136e+02 4.299999999999999822e+00 4.307000000000000028e+01
-7.883500000000000227e+02 8.429999999999999716e+00 4.078999999999999915e+01
-7.879700000000000273e+02 2.255999999999999872e+01 7.589999999999999858e+00
-7.885599999999999454e+02 3.746999999999999886e+01 4.390999999999999659e+01
-7.882799999999999727e+02 2.933999999999999986e+01 7.400000000000000355e+00
-7.878099999999999454e+02 2.548000000000000043e+01 1.310000000000000053e+00
-7.882500000000000000e+02 9.330000000000000071e+00 3.645000000000000284e+01
-7.880800000000000409e+02 2.121999999999999886e+01 1.673000000000000043e+01
-7.877699999999999818e+02 2.262000000000000099e+01 4.209999999999999964e+00
-7.885700000000000500e+02 2.112000000000000099e+01 4.731000000000000227e+01
-7.880399999999999636e+02 1.723000000000000043e+01 1.477999999999999936e+01
-7.881100000000000136e+02 2.235999999999999943e+01 2.685999999999999943e+01
-7.878899999999999864e+02 3.254999999999999716e+01 0.000000000000000000e+00
-7.881599999999999682e+02 3.215999999999999659e+01 4.250000000000000000e+00
-7.883099999999999454e+02 2.601000000000000156e+01 1.118999999999999950e+01
-7.878500000000000227e+02 1.614000000000000057e+01 2.225000000000000000e+01
-7.879400000000000546e+02 1.626000000000000156e+01 2.853000000000000114e+01
-7.879500000000000455e+02 2.678000000000000114e+01 3.350000000000000089e+00
-7.881599999999999682e+02 3.625999999999999801e+01 0.000000000000000000e+00
-7.885900000000000318e+02 2.894999999999999929e+01 4.667000000000000171e+01
-7.878400000000000318e+02 1.978999999999999915e+01 7.950000000000000178e+00
-7.880000000000000000e+02 1.912999999999999901e+01 1.100999999999999979e+01
-7.883700000000000045e+02 1.133000000000000007e+01 3.722999999999999687e+01
-7.885099999999999909e+02 4.753999999999999915e+01 4.099000000000000199e+01
-7.883300000000000409e+02 2.117000000000000171e+01 2.985000000000000142e+01
-7.881100000000000136e+02 2.789999999999999858e+01 8.019999999999999574e+00
-7.883200000000000500e+02 2.282999999999999829e+01 2.116000000000000014e+01
-7.883400000000000318e+02 2.501000000000000156e+01 1.792000000000000171e+01
-7.883999999999999773e+02 7.399999999999999911e-01 4.824000000000000199e+01
-7.884500000000000455e+02 4.425000000000000000e+01 2.605000000000000071e+01
-7.885099999999999909e+02 1.389000000000000057e+01 4.657000000000000028e+01
-7.883600000000000136e+02 1.577999999999999936e+01 3.192000000000000171e+01
-7.881100000000000136e+02 2.482000000000000028e+01 1.215000000000000036e+01
-7.877200000000000273e+02 1.572000000000000064e+01 1.778000000000000114e+01
-7.884800000000000182e+02 9.080000000000000071e+00 4.768999999999999773e+01
-7.877799999999999727e+02 1.264000000000000057e+01 2.862999999999999901e+01
-7.876799999999999500e+02 1.298000000000000043e+01 2.541000000000000014e+01
-7.884500000000000455e+02 1.506000000000000050e+01 4.302000000000000313e+01
-7.880099999999999909e+02 2.082999999999999829e+01 1.021000000000000085e+01
-7.885000000000000000e+02 1.510999999999999943e+01 4.627000000000000313e+01
-7.884299999999999500e+02 1.129999999999999893e+00 4.821999999999999886e+01
-7.879400000000000546e+02 1.644000000000000128e+01 2.782000000000000028e+01
-7.885299999999999727e+02 2.287000000000000099e+01 4.493999999999999773e+01
-7.878099999999999454e+02 2.530999999999999872e+01 1.459999999999999964e+00
-7.884099999999999682e+02 3.628000000000000114e+01 3.302000000000000313e+01
-7.880700000000000500e+02 2.242000000000000171e+01 1.041999999999999993e+01
-7.876900000000000546e+02 1.325000000000000000e+01 2.519000000000000128e+01
-7.879299999999999500e+02 2.478999999999999915e+01 4.849999999999999645e+00
-7.884700000000000273e+02 2.144000000000000128e+01 4.282999999999999829e+01
-7.878600000000000136e+02 2.025000000000000000e+01 7.280000000000000249e+00
-7.882400000000000091e+02 3.417999999999999972e+01 4.019999999999999574e+00
-7.881100000000000136e+02 2.664999999999999858e+01 9.080000000000000071e+00
-7.877899999999999636e+02 1.252999999999999936e+01 3.114000000000000057e+01
-7.885700000000000500e+02 2.766000000000000014e+01 4.615999999999999659e+01
-7.878500000000000227e+02 2.260999999999999943e+01 5.769999999999999574e+00
-7.880499999999999545e+02 1.989999999999999858e+01 1.603999999999999915e+01
-7.878600000000000136e+02 1.614999999999999858e+01 2.237999999999999901e+01
-7.882599999999999909e+02 2.967999999999999972e+01 7.030000000000000249e+00
-7.884700000000000273e+02 4.890999999999999659e+01 2.601999999999999957e+01
-7.884199999999999591e+02 5.139999999999999680e+00 4.682999999999999829e+01
-7.882799999999999727e+02 2.560000000000000142e+01 1.167999999999999972e+01
-7.883799999999999955e+02 3.867000000000000171e+01 2.610000000000000142e+01
-7.883300000000000409e+02 6.860000000000000320e+00 4.032000000000000028e+01
-7.878999999999999773e+02 3.178999999999999915e+01 9.399999999999999467e-01
-7.880299999999999727e+02 2.391000000000000014e+01 8.689999999999999503e+00
-7.877500000000000000e+02 1.446000000000000085e+01 1.900000000000000000e+01
-7.886000000000000227e+02 3.560999999999999943e+01 4.617000000000000171e+01
-7.881499999999999773e+02 3.547999999999999687e+01 6.999999999999999556e-01
-7.884600000000000364e+02 7.849999999999999645e+00 4.718999999999999773e+01
-7.883600000000000136e+02 3.660999999999999943e+01 2.969999999999999929e+01
-7.880299999999999727e+02 1.746000000000000085e+01 1.439000000000000057e+01
-7.881000000000000227e+02 2.169000000000000128e+01 2.750000000000000000e+01
-7.883899999999999864e+02 2.310000000000000142e+01 3.371000000000000085e+01
-7.884400000000000546e+02 6.589999999999999858e+00 4.742000000000000171e+01
-7.878400000000000318e+02 1.996999999999999886e+01 7.690000000000000391e+00
-7.884900000000000091e+02 1.022000000000000064e+01 4.770000000000000284e+01
-7.880499999999999545e+02 2.608999999999999986e+01 5.969999999999999751e+00
-7.878300000000000409e+02 1.366999999999999993e+01 2.782999999999999829e+01
-7.880700000000000500e+02 2.239999999999999858e+01 1.051999999999999957e+01
-7.882400000000000091e+02 3.438000000000000256e+01 3.259999999999999787e+00
-7.881000000000000227e+02 3.055999999999999872e+01 6.589999999999999858e+00
-7.881699999999999591e+02 1.812999999999999901e+01 3.067999999999999972e+01
-7.884099999999999682e+02 4.200999999999999801e+01 2.605000000000000071e+01
-7.884500000000000455e+02 4.504999999999999716e+01 2.603999999999999915e+01
-7.878600000000000136e+02 1.625000000000000000e+01 2.178000000000000114e+01
-7.880599999999999454e+02 1.964999999999999858e+01 1.612000000000000099e+01
-7.885499999999999545e+02 4.109000000000000341e+01 4.379999999999999716e+01
-7.882799999999999727e+02 2.562999999999999901e+01 1.165000000000000036e+01
-7.877300000000000182e+02 1.344999999999999929e+01 2.442999999999999972e+01
-7.885700000000000500e+02 2.792999999999999972e+01 4.604999999999999716e+01
-7.878099999999999454e+02 2.464999999999999858e+01 1.989999999999999991e+00
-7.881900000000000546e+02 3.717999999999999972e+01 2.000000000000000111e-01
-7.879900000000000091e+02 3.032999999999999829e+01 2.009999999999999787e+00
-7.878099999999999454e+02 2.239999999999999858e+01 5.599999999999999645e+00
-7.885000000000000000e+02 1.300000000000000000e+01 4.738000000000000256e+01
-7.884099999999999682e+02 1.219999999999999973e+00 4.784000000000000341e+01
-7.885499999999999545e+02 2.319000000000000128e+01 4.607000000000000028e+01
-7.881900000000000546e+02 2.267000000000000171e+01 2.637999999999999901e+01
-7.877500000000000000e+02 1.499000000000000021e+01 1.794999999999999929e+01
-7.884099999999999682e+02 7.250000000000000000e+00 4.242000000000000171e+01
-7.884700000000000273e+02 4.732999999999999829e+01 4.107000000000000028e+01
-7.880399999999999636e+02 1.894000000000000128e+01 1.256000000000000050e+01
-7.880599999999999454e+02 2.323000000000000043e+01 9.150000000000000355e+00
-7.882799999999999727e+02 2.957999999999999829e+01 7.120000000000000107e+00
-7.884500000000000455e+02 4.025999999999999801e+01 3.859000000000000341e+01
-7.882999999999999545e+02 9.419999999999999929e+00 3.564000000000000057e+01
-7.883500000000000227e+02 1.593999999999999950e+01 3.182000000000000028e+01
-7.880399999999999636e+02 1.732999999999999829e+01 1.443999999999999950e+01
-7.882599999999999909e+02 1.837000000000000099e+01 3.025000000000000000e+01
-7.884900000000000091e+02 1.061999999999999922e+01 4.760999999999999943e+01
-7.883999999999999773e+02 1.189999999999999947e+00 4.785000000000000142e+01
-7.885800000000000409e+02 2.894999999999999929e+01 4.586999999999999744e+01
-7.883099999999999454e+02 2.025000000000000000e+01 2.842000000000000171e+01
-7.878300000000000409e+02 1.459999999999999964e+01 2.307000000000000028e+01
-7.884500000000000455e+02 4.414999999999999858e+01 2.605999999999999872e+01
-7.885199999999999818e+02 1.830999999999999872e+01 4.567999999999999972e+01
-7.880399999999999636e+02 2.175000000000000000e+01 1.031000000000000050e+01
-7.883600000000000136e+02 1.567999999999999972e+01 3.194999999999999929e+01
-7.880800000000000409e+02 2.192999999999999972e+01 1.394999999999999929e+01
-7.879900000000000091e+02 2.264000000000000057e+01 7.469999999999999751e+00
-7.880399999999999636e+02 1.730999999999999872e+01 1.455000000000000071e+01
-7.878500000000000227e+02 2.071000000000000085e+01 6.900000000000000355e+00
-7.883400000000000318e+02 1.010999999999999943e+01 3.981000000000000227e+01
-7.884500000000000455e+02 4.879999999999999893e+00 4.782999999999999829e+01
-7.878099999999999454e+02 2.464999999999999858e+01 1.989999999999999991e+00
-7.883899999999999864e+02 1.458000000000000007e+01 4.082999999999999829e+01
-7.882599999999999909e+02 3.210000000000000142e+01 6.509999999999999787e+00
-7.883899999999999864e+02 3.536999999999999744e+01 3.198999999999999844e+01
