-7.881599999999999682e+02 3.215999999999999659e+01 4.250000000000000000e+00
-7.883200000000000500e+02 2.282999999999999829e+01 2.116000000000000014e+01
-7.885900000000000318e+02 2.873999999999999844e+01 4.682999999999999829e+01
-7.885099999999999909e+02 4.846000000000000085e+01 4.096000000000000085e+01
-7.880000000000000000e+02 1.912999999999999901e+01 1.100999999999999979e+01
-7.881100000000000136e+02 2.235999999999999943e+01 2.685999999999999943e+01
-7.883400000000000318e+02 2.501000000000000156e+01 1.792000000000000171e+01
-7.883999999999999773e+02 7.399999999999999911e-01 4.824000000000000199e+01
-7.884800000000000182e+02 4.997999999999999687e+01 2.996999999999999886e+01
-7.885700000000000500e+02 3.889999999999999858e+01 4.514000000000000057e+01
-7.883600000000000136e+02 4.299999999999999822e+00 4.307000000000000028e+01
-7.878500000000000227e+02 1.614000000000000057e+01 2.225000000000000000e+01
-7.882200000000000273e+02 9.189999999999999503e+00 3.642000000000000171e+01
-7.880399999999999636e+02 1.723000000000000043e+01 1.477999999999999936e+01
-7.885099999999999909e+02 1.389000000000000057e+01 4.657000000000000028e+01
-7.880800000000000409e+02 2.121999999999999886e+01 1.673000000000000043e+01
-7.882799999999999727e+02 2.933999999999999986e+01 7.400000000000000355e+00
-7.877200000000000273e+02 1.572000000000000064e+01 1.778000000000000114e+01
-7.883600000000000136e+02 1.577999999999999936e+01 3.192000000000000171e+01
-7.879500000000000455e+02 2.678000000000000114e+01 3.350000000000000089e+00
-7.881599999999999682e+02 3.625999999999999801e+01 0.000000000000000000e+00
-7.881100000000000136e+02 2.482000000000000028e+01 1.215000000000000036e+01
-7.881100000000000136e+02 2.789999999999999858e+01 8.019999999999999574e+00
-7.883500000000000227e+02 8.429999999999999716e+00 4.078999999999999915e+01
-7.878400000000000318e+02 1.978999999999999915e+01 7.950000000000000178e+00
-7.879700000000000273e+02 2.255999999999999872e+01 7.589999999999999858e+00
-7.877699999999999818e+02 2.262000000000000099e+01 4.209999999999999964e+00
-7.877799999999999727e+02 1.264000000000000057e+01 2.862999999999999901e+01
-7.883099999999999454e+02 2.601000000000000156e+01 1.118999999999999950e+01
-7.877300000000000182e+02 1.344999999999999929e+01 2.442999999999999972e+01
-7.883300000000000409e+02 2.142000000000000171e+01 2.950000000000000000e+01
-7.878899999999999864e+02 3.254999999999999716e+01 0.000000000000000000e+00
-7.879400000000000546e+02 1.626000000000000156e+01 2.853000000000000114e+01
-7.878099999999999454e+02 2.548000000000000043e+01 1.310000000000000053e+00
-7.885700000000000500e+02 2.112000000000000099e+01 4.731000000000000227e+01
-7.883700000000000045e+02 1.133000000000000007e+01 3.722999999999999687e+01
-7.884800000000000182e+02 9.080000000000000071e+00 4.768999999999999773e+01
-7.884099999999999682e+02 4.200999999999999801e+01 2.605000000000000071e+01
-7.878500000000000227e+02 2.260999999999999943e+01 5.769999999999999574e+00
-7.882999999999999545e+02 2.082000000000000028e+01 3.139000000000000057e+01
-7.884099999999999682e+02 7.250000000000000000e+00 4.242000000000000171e+01
-7.884800000000000182e+02 4.484000000000000341e+01 4.271999999999999886e+01
-7.880800000000000409e+02 2.192999999999999972e+01 1.394999999999999929e+01
-7.881499999999999773e+02 3.563000000000000256e+01 5.400000000000000355e-01
-7.880299999999999727e+02 1.746000000000000085e+01 1.439000000000000057e+01
-7.880000000000000000e+02 2.366000000000000014e+01 6.530000000000000249e+00
-7.882500000000000000e+02 9.330000000000000071e+00 3.645000000000000284e+01
-7.883999999999999773e+02 1.700000000000000000e+01 3.828999999999999915e+01
-7.881100000000000136e+02 2.816000000000000014e+01 6.799999999999999822e+00
-7.878400000000000318e+02 1.996999999999999886e+01 7.690000000000000391e+00
-7.883899999999999864e+02 3.536999999999999744e+01 3.198999999999999844e+01
-7.881599999999999682e+02 2.239000000000000057e+01 2.694999999999999929e+01
-7.882599999999999909e+02 3.210000000000000142e+01 6.509999999999999787e+00
-7.884500000000000455e+02 1.459999999999999964e+01 4.303000000000000114e+01
-7.884299999999999500e+02 1.826000000000000156e+01 4.267000000000000171e+01
-7.880800000000000409e+02 2.246000000000000085e+01 1.193999999999999950e+01
-7.877899999999999636e+02 1.252999999999999936e+01 3.114000000000000057e+01
-7.883999999999999773e+02 1.939999999999999947e+00 4.713000000000000256e+01
-7.880299999999999727e+02 2.732000000000000028e+01 4.570000000000000284e+00
-7.880700000000000500e+02 2.980999999999999872e+01 5.570000000000000284e+00
-7.880099999999999909e+02 2.082999999999999829e+01 1.021000000000000085e+01
-7.884900000000000091e+02 1.022000000000000064e+01 4.770000000000000284e+01
-7.885700000000000500e+02 2.792999999999999972e+01 4.604999999999999716e+01
-7.878300000000000409e+02 2.989999999999999858e+01 0.000000000000000000e+00
-7.883099999999999454e+02 2.537999999999999901e+01 1.196000000000000085e+01
-7.877500000000000000e+02 1.499000000000000021e+01 1.794999999999999929e+01
-7.884800000000000182e+02 1.333999999999999986e+01 4.639999999999999858e+01
-7.886000000000000227e+02 3.542000000000000171e+01 4.620000000000000284e+01
-7.882100000000000364e+02 1.864000000000000057e+01 3.035999999999999943e+01
-7.884600000000000364e+02 4.782000000000000028e+01 2.603000000000000114e+01
-7.884500000000000455e+02 4.879999999999999893e+00 4.782999999999999829e+01
-7.878099999999999454e+02 2.530999999999999872e+01 1.459999999999999964e+00
-7.878600000000000136e+02 1.614999999999999858e+01 2.237999999999999901e+01
-7.880399999999999636e+02 1.894000000000000128e+01 1.256000000000000050e+01
-7.884900000000000091e+02 4.646999999999999886e+01 4.009000000000000341e+01
-7.885599999999999454e+02 3.675999999999999801e+01 4.447999999999999687e+01
-7.878500000000000227e+02 2.089000000000000057e+01 6.879999999999999893e+00
-7.883400000000000318e+02 1.010999999999999943e+01 3.981000000000000227e+01
-7.878300000000000409e+02 1.455000000000000071e+01 3.098999999999999844e+01
-7.885800000000000409e+02 2.894999999999999929e+01 4.586999999999999744e+01
-7.881699999999999591e+02 1.812999999999999901e+01 3.067999999999999972e+01
-7.878099999999999454e+02 2.239999999999999858e+01 5.599999999999999645e+00
-7.885000000000000000e+02 1.300000000000000000e+01 4.738000000000000256e+01
-7.882599999999999909e+02 3.256000000000000227e+01 5.839999999999999858e+00
-7.884299999999999500e+02 1.129999999999999893e+00 4.821999999999999886e+01
-7.883600000000000136e+02 2.848000000000000043e+01 2.055000000000000071e+01
-7.878099999999999454e+02 2.464999999999999858e+01 1.989999999999999991e+00
-7.882799999999999727e+02 2.957999999999999829e+01 7.120000000000000107e+00
-7.883799999999999955e+02 3.435999999999999943e+01 2.941000000000000014e+01
-7.881000000000000227e+02 2.169000000000000128e+01 2.750000000000000000e+01
-7.878300000000000409e+02 1.459999999999999964e+01 2.307000000000000028e+01
-7.883899999999999864e+02 1.628000000000000114e+01 4.068999999999999773e+01
-7.883899999999999864e+02 2.307999999999999829e+01 3.478000000000000114e+01
-7.884700000000000273e+02 4.890999999999999659e+01 2.601999999999999957e+01
-7.884600000000000364e+02 7.849999999999999645e+00 4.718999999999999773e+01
-7.880800000000000409e+02 2.198999999999999844e+01 1.392999999999999972e+01
-7.880599999999999454e+02 2.332000000000000028e+01 9.880000000000000782e+00
-7.882799999999999727e+02 2.562999999999999901e+01 1.165000000000000036e+01
-7.878999999999999773e+02 3.178999999999999915e+01 9.399999999999999467e-01
-7.877500000000000000e+02 1.446000000000000085e+01 1.900000000000000000e+01
-7.882599999999999909e+02 1.526999999999999957e+01 3.313000000000000256e+01
-7.883899999999999864e+02 3.129999999999999893e+00 4.557999999999999829e+01
-7.882100000000000364e+02 2.905000000000000071e+01 7.709999999999999964e+00
-7.879800000000000182e+02 2.889000000000000057e+01 3.009999999999999787e+00
-7.880399999999999636e+02 1.730999999999999872e+01 1.455000000000000071e+01
-7.880099999999999909e+02 2.178999999999999915e+01 8.560000000000000497e+00
-7.885199999999999818e+02 1.830999999999999872e+01 4.567999999999999972e+01
-7.882200000000000273e+02 3.602000000000000313e+01 6.099999999999999867e-01
-7.884099999999999682e+02 1.219999999999999973e+00 4.784000000000000341e+01
-7.878500000000000227e+02 2.301000000000000156e+01 5.620000000000000107e+00
-7.884500000000000455e+02 4.504999999999999716e+01 2.603999999999999915e+01
-7.880700000000000500e+02 1.987999999999999901e+01 1.461999999999999922e+01
-7.882799999999999727e+02 2.560000000000000142e+01 1.167999999999999972e+01
-7.878099999999999454e+02 2.464999999999999858e+01 1.989999999999999991e+00
-7.880199999999999818e+02 2.160999999999999943e+01 1.232000000000000028e+01
-7.883300000000000409e+02 5.990000000000000213e+00 4.104999999999999716e+01
-7.877500000000000000e+02 1.298000000000000043e+01 2.446999999999999886e+01
-7.881900000000000546e+02 3.717999999999999972e+01 2.000000000000000111e-01
-7.885599999999999454e+02 3.746999999999999886e+01 4.390999999999999659e+01
-7.882999999999999545e+02 9.419999999999999929e+00 3.564000000000000057e+01
-7.883899999999999864e+02 3.714999999999999858e+01 2.612000000000000099e+01
-7.884700000000000273e+02 2.971000000000000085e+01 4.139999999999999858e+01
-7.880399999999999636e+02 1.762000000000000099e+01 1.453999999999999915e+01
-7.879400000000000546e+02 1.644000000000000128e+01 2.782000000000000028e+01
-7.880900000000000318e+02 2.455000000000000071e+01 9.859999999999999432e+00
-7.881900000000000546e+02 2.267000000000000171e+01 2.637999999999999901e+01
-7.881100000000000136e+02 2.664999999999999858e+01 9.080000000000000071e+00
-7.878700000000000045e+02 2.107000000000000028e+01 6.509999999999999787e+00
