-7.879500000000000455e+02 2.678000000000000114e+01 3.350000000000000089e+00
-7.882200000000000273e+02 9.189999999999999503e+00 3.642000000000000171e+01
-7.877799999999999727e+02 1.264000000000000057e+01 2.862999999999999901e+01
-7.878899999999999864e+02 3.254999999999999716e+01 0.000000000000000000e+00
-7.883300000000000409e+02 2.142000000000000171e+01 2.950000000000000000e+01
-7.884800000000000182e+02 9.080000000000000071e+00 4.768999999999999773e+01
-7.881100000000000136e+02 2.482000000000000028e+01 1.215000000000000036e+01
-7.883600000000000136e+02 1.577999999999999936e+01 3.192000000000000171e+01
-7.877200000000000273e+02 1.572000000000000064e+01 1.778000000000000114e+01
-7.883600000000000136e+02 4.299999999999999822e+00 4.307000000000000028e+01
-7.883500000000000227e+02 8.429999999999999716e+00 4.078999999999999915e+01
-7.883099999999999454e+02 2.592999999999999972e+01 1.132000000000000028e+01
-7.879400000000000546e+02 1.626000000000000156e+01 2.853000000000000114e+01
-7.882899999999999636e+02 2.957000000000000028e+01 7.139999999999999680e+00
-7.883999999999999773e+02 7.399999999999999911e-01 4.824000000000000199e+01
-7.881200000000000045e+02 2.144000000000000128e+01 2.767000000000000171e+01
-7.878099999999999454e+02 2.548000000000000043e+01 1.310000000000000053e+00
-7.881599999999999682e+02 3.215999999999999659e+01 4.250000000000000000e+00
-7.884800000000000182e+02 4.997999999999999687e+01 2.996999999999999886e+01
-7.885099999999999909e+02 4.846000000000000085e+01 4.096000000000000085e+01
-7.880800000000000409e+02 2.121999999999999886e+01 1.673000000000000043e+01
-7.877300000000000182e+02 1.344999999999999929e+01 2.442999999999999972e+01
-7.883200000000000500e+02 2.282999999999999829e+01 2.116000000000000014e+01
-7.885900000000000318e+02 2.869999999999999929e+01 4.684000000000000341e+01
-7.878600000000000136e+02 1.610999999999999943e+01 2.237000000000000099e+01
-7.882000000000000455e+02 3.615999999999999659e+01 0.000000000000000000e+00
-7.880399999999999636e+02 1.723000000000000043e+01 1.477999999999999936e+01
-7.877599999999999909e+02 2.300000000000000000e+01 4.160000000000000142e+00
-7.880000000000000000e+02 1.912999999999999901e+01 1.100999999999999979e+01
-7.885700000000000500e+02 2.112000000000000099e+01 4.731000000000000227e+01
-7.878400000000000318e+02 1.978999999999999915e+01 7.950000000000000178e+00
-7.883500000000000227e+02 2.864999999999999858e+01 2.012000000000000099e+01
-7.879700000000000273e+02 2.255999999999999872e+01 7.589999999999999858e+00
-7.883700000000000045e+02 1.133000000000000007e+01 3.722999999999999687e+01
-7.885599999999999454e+02 3.686999999999999744e+01 4.415999999999999659e+01
-7.881299999999999955e+02 2.923999999999999844e+01 7.889999999999999680e+00
-7.885099999999999909e+02 1.389000000000000057e+01 4.657000000000000028e+01
-7.882100000000000364e+02 1.864000000000000057e+01 3.035999999999999943e+01
-7.883200000000000500e+02 2.183999999999999986e+01 2.646999999999999886e+01
-7.882999999999999545e+02 9.419999999999999929e+00 3.564000000000000057e+01
-7.884700000000000273e+02 1.319999999999999929e+01 4.570000000000000284e+01
-7.877699999999999818e+02 2.262000000000000099e+01 4.209999999999999964e+00
-7.880900000000000318e+02 2.323000000000000043e+01 1.327999999999999936e+01
-7.883099999999999454e+02 2.548000000000000043e+01 1.181000000000000050e+01
-7.885700000000000500e+02 3.492000000000000171e+01 4.500999999999999801e+01
-7.882599999999999909e+02 2.853000000000000114e+01 9.109999999999999432e+00
-7.885900000000000318e+02 2.873999999999999844e+01 4.682999999999999829e+01
-7.878500000000000227e+02 2.089000000000000057e+01 6.879999999999999893e+00
-7.878600000000000136e+02 1.425000000000000000e+01 2.873999999999999844e+01
-7.883999999999999773e+02 2.100000000000000089e+00 4.703999999999999915e+01
-7.883500000000000227e+02 2.519999999999999929e+01 2.871999999999999886e+01
-7.880700000000000500e+02 1.987999999999999901e+01 1.461999999999999922e+01
-7.884299999999999500e+02 1.826000000000000156e+01 4.267000000000000171e+01
-7.884500000000000455e+02 1.039000000000000057e+01 4.563000000000000256e+01
-7.882799999999999727e+02 2.944999999999999929e+01 7.269999999999999574e+00
-7.882500000000000000e+02 9.330000000000000071e+00 3.645000000000000284e+01
-7.884700000000000273e+02 4.890999999999999659e+01 2.601999999999999957e+01
-7.882200000000000273e+02 3.592999999999999972e+01 1.459999999999999964e+00
-7.883799999999999955e+02 1.942000000000000171e+01 3.303000000000000114e+01
-7.878500000000000227e+02 2.201000000000000156e+01 6.080000000000000071e+00
-7.878099999999999454e+02 2.464999999999999858e+01 1.989999999999999991e+00
-7.883600000000000136e+02 2.783999999999999986e+01 2.075000000000000000e+01
-7.883899999999999864e+02 3.129999999999999893e+00 4.557999999999999829e+01
-7.880399999999999636e+02 1.730999999999999872e+01 1.455000000000000071e+01
-7.877500000000000000e+02 1.499000000000000021e+01 1.794999999999999929e+01
-7.880099999999999909e+02 2.610999999999999943e+01 5.580000000000000071e+00
-7.884900000000000091e+02 4.646999999999999886e+01 4.009000000000000341e+01
-7.879900000000000091e+02 3.299000000000000199e+01 1.389999999999999902e+00
-7.880399999999999636e+02 1.894000000000000128e+01 1.256000000000000050e+01
-7.878300000000000409e+02 1.493999999999999950e+01 2.637000000000000099e+01
-7.884700000000000273e+02 7.299999999999999822e+00 4.803999999999999915e+01
-7.882599999999999909e+02 3.252000000000000313e+01 5.580000000000000071e+00
-7.880099999999999909e+02 3.252000000000000313e+01 2.060000000000000053e+00
-7.884199999999999591e+02 2.567999999999999972e+01 3.228000000000000114e+01
-7.880800000000000409e+02 2.553999999999999915e+01 9.019999999999999574e+00
-7.879800000000000182e+02 2.469999999999999929e+01 5.990000000000000213e+00
-7.883400000000000318e+02 4.719999999999999751e+00 4.232000000000000028e+01
-7.882599999999999909e+02 3.268999999999999773e+01 5.150000000000000355e+00
-7.882799999999999727e+02 2.932999999999999829e+01 7.400000000000000355e+00
-7.879400000000000546e+02 1.644000000000000128e+01 2.782000000000000028e+01
-7.883099999999999454e+02 2.537999999999999901e+01 1.196000000000000085e+01
-7.885000000000000000e+02 1.225000000000000000e+01 4.759000000000000341e+01
-7.883999999999999773e+02 1.700000000000000000e+01 3.828999999999999915e+01
-7.878099999999999454e+02 2.239999999999999858e+01 5.599999999999999645e+00
-7.877500000000000000e+02 1.446000000000000085e+01 1.900000000000000000e+01
-7.883799999999999955e+02 3.435999999999999943e+01 2.941000000000000014e+01
-7.880599999999999454e+02 2.048999999999999844e+01 1.186999999999999922e+01
-7.885199999999999818e+02 1.830999999999999872e+01 4.567999999999999972e+01
-7.883400000000000318e+02 2.501000000000000156e+01 1.792000000000000171e+01
-7.884500000000000455e+02 1.459999999999999964e+01 4.299000000000000199e+01
-7.880499999999999545e+02 1.798000000000000043e+01 1.452999999999999936e+01
-7.880199999999999818e+02 2.525000000000000000e+01 5.830000000000000071e+00
-7.884400000000000546e+02 3.893999999999999773e+01 4.042999999999999972e+01
-7.878099999999999454e+02 2.464999999999999858e+01 1.989999999999999991e+00
-7.877999999999999545e+02 1.274000000000000021e+01 3.271000000000000085e+01
-7.880099999999999909e+02 3.514999999999999858e+01 1.080000000000000071e+00
-7.880800000000000409e+02 2.194999999999999929e+01 1.096000000000000085e+01
-7.885199999999999818e+02 3.235999999999999943e+01 4.492999999999999972e+01
-7.878400000000000318e+02 1.992000000000000171e+01 7.679999999999999716e+00
-7.878500000000000227e+02 1.614000000000000057e+01 2.225000000000000000e+01
-7.884600000000000364e+02 7.849999999999999645e+00 4.718999999999999773e+01
-7.884600000000000364e+02 8.179999999999999716e+00 4.710999999999999943e+01
-7.884299999999999500e+02 1.129999999999999893e+00 4.821999999999999886e+01
-7.884500000000000455e+02 4.502000000000000313e+01 2.603999999999999915e+01
-7.880299999999999727e+02 1.805999999999999872e+01 1.438000000000000078e+01
-7.878300000000000409e+02 2.398000000000000043e+01 3.640000000000000124e+00
-7.884700000000000273e+02 1.006000000000000050e+01 4.739999999999999858e+01
-7.884900000000000091e+02 9.929999999999999716e+00 4.810000000000000142e+01
-7.882999999999999545e+02 1.259999999999999964e+01 3.485999999999999943e+01
-7.881200000000000045e+02 2.694000000000000128e+01 9.470000000000000639e+00
-7.883899999999999864e+02 3.343999999999999773e+01 2.969999999999999929e+01
-7.878799999999999955e+02 1.574000000000000021e+01 2.444000000000000128e+01
-7.885499999999999545e+02 4.329999999999999716e+01 4.347999999999999687e+01
-7.879800000000000182e+02 2.889000000000000057e+01 3.009999999999999787e+00
-7.878899999999999864e+02 2.019000000000000128e+01 8.630000000000000782e+00
-7.884800000000000182e+02 2.814000000000000057e+01 4.122999999999999687e+01
-7.883999999999999773e+02 1.939999999999999947e+00 4.713000000000000256e+01
-7.882699999999999818e+02 2.980999999999999872e+01 6.860000000000000320e+00
-7.880700000000000500e+02 3.347999999999999687e+01 2.700000000000000178e+00
-7.883899999999999864e+02 3.640999999999999659e+01 2.830999999999999872e+01
-7.884600000000000364e+02 1.243999999999999950e+01 4.489999999999999858e+01
-7.882200000000000273e+02 1.673999999999999844e+01 3.185999999999999943e+01
-7.880900000000000318e+02 2.455000000000000071e+01 9.859999999999999432e+00
-7.885800000000000409e+02 2.312000000000000099e+01 4.734000000000000341e+01
-7.884400000000000546e+02 4.459000000000000341e+01 2.603000000000000114e+01
-7.880499999999999545e+02 1.903999999999999915e+01 1.225999999999999979e+01
-7.880199999999999818e+02 2.394999999999999929e+01 6.820000000000000284e+00
-7.882100000000000364e+02 1.817000000000000171e+01 3.080999999999999872e+01
