-7.884800000000000182e+02 8.849999999999999645e+00 4.777000000000000313e+01
-7.882899999999999636e+02 2.944000000000000128e+01 7.269999999999999574e+00
-7.878099999999999454e+02 2.548000000000000043e+01 1.310000000000000053e+00
-7.878400000000000318e+02 1.978999999999999915e+01 7.950000000000000178e+00
-7.879700000000000273e+02 2.255999999999999872e+01 7.589999999999999858e+00
-7.881200000000000045e+02 2.144000000000000128e+01 2.767000000000000171e+01
-7.880399999999999636e+02 1.719000000000000128e+01 1.483999999999999986e+01
-7.879400000000000546e+02 1.626000000000000156e+01 2.853000000000000114e+01
-7.877799999999999727e+02 1.264000000000000057e+01 2.862999999999999901e+01
-7.881299999999999955e+02 1.241999999999999993e+01 3.485000000000000142e+01
-7.878899999999999864e+02 3.254999999999999716e+01 0.000000000000000000e+00
-7.880000000000000000e+02 1.912999999999999901e+01 1.100999999999999979e+01
-7.883300000000000409e+02 2.142000000000000171e+01 2.950000000000000000e+01
-7.883899999999999864e+02 6.999999999999999556e-01 4.828000000000000114e+01
-7.885700000000000500e+02 2.112000000000000099e+01 4.731000000000000227e+01
-7.881100000000000136e+02 2.482000000000000028e+01 1.215000000000000036e+01
-7.881299999999999955e+02 2.923999999999999844e+01 7.889999999999999680e+00
-7.883200000000000500e+02 2.237999999999999901e+01 2.205000000000000071e+01
-7.883600000000000136e+02 1.577999999999999936e+01 3.192000000000000171e+01
-7.882000000000000455e+02 3.615999999999999659e+01 0.000000000000000000e+00
-7.878600000000000136e+02 1.610999999999999943e+01 2.237000000000000099e+01
-7.884800000000000182e+02 4.997999999999999687e+01 2.996999999999999886e+01
-7.880800000000000409e+02 2.121999999999999886e+01 1.673000000000000043e+01
-7.883099999999999454e+02 2.592999999999999972e+01 1.132000000000000028e+01
-7.877200000000000273e+02 1.572000000000000064e+01 1.778000000000000114e+01
-7.883400000000000318e+02 2.501000000000000156e+01 1.792000000000000171e+01
-7.886000000000000227e+02 3.864000000000000057e+01 4.609000000000000341e+01
-7.883400000000000318e+02 1.182000000000000028e+01 3.592999999999999972e+01
-7.882200000000000273e+02 9.189999999999999503e+00 3.642000000000000171e+01
-7.881599999999999682e+02 3.215999999999999659e+01 4.250000000000000000e+00
-7.877300000000000182e+02 1.344999999999999929e+01 2.442999999999999972e+01
-7.879600000000000364e+02 2.719000000000000128e+01 3.740000000000000213e+00
-7.885900000000000318e+02 2.869999999999999929e+01 4.684000000000000341e+01
-7.885099999999999909e+02 4.846000000000000085e+01 4.096000000000000085e+01
-7.883600000000000136e+02 4.299999999999999822e+00 4.307000000000000028e+01
-7.885099999999999909e+02 1.389000000000000057e+01 4.657000000000000028e+01
-7.883500000000000227e+02 8.429999999999999716e+00 4.078999999999999915e+01
-7.877599999999999909e+02 2.300000000000000000e+01 4.160000000000000142e+00
-7.878099999999999454e+02 2.464999999999999858e+01 1.989999999999999991e+00
-7.884600000000000364e+02 9.080000000000000071e+00 4.681000000000000227e+01
-7.879400000000000546e+02 1.644000000000000128e+01 2.782000000000000028e+01
-7.880900000000000318e+02 2.455000000000000071e+01 9.859999999999999432e+00
-7.882000000000000455e+02 1.116000000000000014e+01 3.535000000000000142e+01
-7.880399999999999636e+02 1.723000000000000043e+01 1.477999999999999936e+01
-7.878500000000000227e+02 1.402999999999999936e+01 2.482000000000000028e+01
-7.877500000000000000e+02 1.446000000000000085e+01 1.900000000000000000e+01
-7.884500000000000455e+02 3.745000000000000284e+01 3.860999999999999943e+01
-7.884700000000000273e+02 4.890999999999999659e+01 2.601999999999999957e+01
-7.882599999999999909e+02 4.080000000000000071e+00 4.161999999999999744e+01
-7.880599999999999454e+02 1.907000000000000028e+01 1.566999999999999993e+01
-7.883500000000000227e+02 1.446000000000000085e+01 3.485000000000000142e+01
-7.880199999999999818e+02 3.582000000000000028e+01 5.100000000000000089e-01
-7.883099999999999454e+02 1.998999999999999844e+01 2.898999999999999844e+01
-7.882500000000000000e+02 9.330000000000000071e+00 3.645000000000000284e+01
-7.880499999999999545e+02 1.903999999999999915e+01 1.225999999999999979e+01
-7.878899999999999864e+02 2.019000000000000128e+01 8.630000000000000782e+00
-7.882799999999999727e+02 2.946000000000000085e+01 7.240000000000000213e+00
-7.882000000000000455e+02 3.178000000000000114e+01 5.509999999999999787e+00
-7.884800000000000182e+02 4.746999999999999886e+01 3.910999999999999943e+01
-7.885599999999999454e+02 3.686999999999999744e+01 4.415999999999999659e+01
-7.880299999999999727e+02 2.642000000000000171e+01 6.599999999999999645e+00
-7.883799999999999955e+02 3.493999999999999773e+01 2.607999999999999829e+01
-7.878300000000000409e+02 2.398000000000000043e+01 3.640000000000000124e+00
-7.885199999999999818e+02 1.733999999999999986e+01 4.802000000000000313e+01
-7.878600000000000136e+02 1.425000000000000000e+01 2.873999999999999844e+01
-7.879900000000000091e+02 3.299000000000000199e+01 1.389999999999999902e+00
-7.883099999999999454e+02 2.457999999999999829e+01 1.289000000000000057e+01
-7.879700000000000273e+02 2.703000000000000114e+01 4.080000000000000071e+00
-7.884900000000000091e+02 2.421000000000000085e+01 4.225999999999999801e+01
-7.884800000000000182e+02 1.233999999999999986e+01 4.582000000000000028e+01
-7.883999999999999773e+02 7.399999999999999911e-01 4.824000000000000199e+01
-7.880599999999999454e+02 2.442000000000000171e+01 7.730000000000000426e+00
-7.884700000000000273e+02 8.220000000000000639e+00 4.782000000000000028e+01
-7.881100000000000136e+02 2.733999999999999986e+01 1.064000000000000057e+01
-7.884199999999999591e+02 3.628000000000000114e+01 3.346000000000000085e+01
-7.880900000000000318e+02 2.323000000000000043e+01 1.327999999999999936e+01
-7.878600000000000136e+02 1.685999999999999943e+01 2.194999999999999929e+01
-7.884900000000000091e+02 4.646999999999999886e+01 4.009000000000000341e+01
-7.885099999999999909e+02 1.637000000000000099e+01 4.635999999999999943e+01
-7.880700000000000500e+02 1.987999999999999901e+01 1.461999999999999922e+01
-7.878099999999999454e+02 3.094000000000000128e+01 0.000000000000000000e+00
-7.878799999999999955e+02 2.628999999999999915e+01 3.419999999999999929e+00
-7.877500000000000000e+02 1.499000000000000021e+01 1.794999999999999929e+01
-7.882699999999999818e+02 2.980999999999999872e+01 6.860000000000000320e+00
-7.880499999999999545e+02 1.801000000000000156e+01 1.348000000000000043e+01
-7.883400000000000318e+02 4.719999999999999751e+00 4.232000000000000028e+01
-7.878200000000000500e+02 1.382000000000000028e+01 2.594999999999999929e+01
-7.878099999999999454e+02 2.464999999999999858e+01 1.989999999999999991e+00
-7.885700000000000500e+02 3.864999999999999858e+01 4.470000000000000284e+01
-7.878500000000000227e+02 2.201000000000000156e+01 6.080000000000000071e+00
-7.883999999999999773e+02 1.517999999999999972e+01 4.015999999999999659e+01
-7.882200000000000273e+02 1.828000000000000114e+01 3.067999999999999972e+01
-7.883099999999999454e+02 2.548000000000000043e+01 1.181000000000000050e+01
-7.884400000000000546e+02 4.459000000000000341e+01 2.603000000000000114e+01
-7.878500000000000227e+02 2.089000000000000057e+01 6.879999999999999893e+00
-7.885900000000000318e+02 2.873999999999999844e+01 4.682999999999999829e+01
-7.884299999999999500e+02 1.129999999999999893e+00 4.821999999999999886e+01
-7.885800000000000409e+02 2.312000000000000099e+01 4.734000000000000341e+01
-7.884400000000000546e+02 2.160000000000000142e+01 4.002000000000000313e+01
-7.878300000000000409e+02 2.414999999999999858e+01 3.100000000000000089e+00
-7.880299999999999727e+02 3.378000000000000114e+01 1.489999999999999991e+00
-7.882300000000000182e+02 3.428000000000000114e+01 3.240000000000000213e+00
-7.879600000000000364e+02 2.094000000000000128e+01 9.410000000000000142e+00
-7.884700000000000273e+02 1.106000000000000050e+01 4.672999999999999687e+01
-7.883600000000000136e+02 2.767999999999999972e+01 2.060000000000000142e+01
-7.883799999999999955e+02 2.530999999999999872e+01 3.116000000000000014e+01
-7.884900000000000091e+02 9.929999999999999716e+00 4.810000000000000142e+01
-7.884800000000000182e+02 5.032000000000000028e+01 2.764999999999999858e+01
-7.885499999999999545e+02 3.902000000000000313e+01 4.357999999999999829e+01
-7.883200000000000500e+02 2.048000000000000043e+01 2.817000000000000171e+01
-7.878099999999999454e+02 2.430999999999999872e+01 2.259999999999999787e+00
-7.882200000000000273e+02 3.506000000000000227e+01 1.129999999999999893e+00
-7.877999999999999545e+02 1.273000000000000043e+01 3.270000000000000284e+01
-7.878400000000000318e+02 1.992000000000000171e+01 7.679999999999999716e+00
-7.883500000000000227e+02 2.694000000000000128e+01 1.980000000000000071e+01
-7.880399999999999636e+02 1.894000000000000128e+01 1.256000000000000050e+01
-7.879500000000000455e+02 2.678000000000000114e+01 3.350000000000000089e+00
-7.880900000000000318e+02 2.316000000000000014e+01 1.614000000000000057e+01
-7.880299999999999727e+02 1.796999999999999886e+01 1.417999999999999972e+01
-7.881000000000000227e+02 2.746000000000000085e+01 8.960000000000000853e+00
-7.885000000000000000e+02 1.294999999999999929e+01 4.664999999999999858e+01
-7.883099999999999454e+02 2.537999999999999901e+01 1.196000000000000085e+01
-7.884900000000000091e+02 1.113000000000000078e+01 4.692000000000000171e+01
-7.885299999999999727e+02 4.553000000000000114e+01 4.265999999999999659e+01
-7.878799999999999955e+02 1.574000000000000021e+01 2.444000000000000128e+01
-7.883799999999999955e+02 1.919999999999999929e+01 3.757000000000000028e+01
-7.884400000000000546e+02 3.917999999999999972e+01 3.835000000000000142e+01
-7.882799999999999727e+02 2.932999999999999829e+01 7.400000000000000355e+00
