-7.883099999999999454e+02 2.592999999999999972e+01 1.132000000000000028e+01
-7.880000000000000000e+02 1.912999999999999901e+01 1.100999999999999979e+01
-7.878400000000000318e+02 1.992000000000000171e+01 7.679999999999999716e+00
-7.882000000000000455e+02 3.615999999999999659e+01 0.000000000000000000e+00
-7.878899999999999864e+02 3.254999999999999716e+01 0.000000000000000000e+00
-7.881599999999999682e+02 3.215999999999999659e+01 4.250000000000000000e+00
-7.877799999999999727e+02 1.264000000000000057e+01 2.862999999999999901e+01
-7.885099999999999909e+02 1.389000000000000057e+01 4.657000000000000028e+01
-7.883400000000000318e+02 1.182000000000000028e+01 3.592999999999999972e+01
-7.883899999999999864e+02 6.899999999999999467e-01 4.827000000000000313e+01
-7.879400000000000546e+02 1.626000000000000156e+01 2.853000000000000114e+01
-7.881299999999999955e+02 2.905000000000000071e+01 7.799999999999999822e+00
-7.883200000000000500e+02 2.048000000000000043e+01 2.817000000000000171e+01
-7.877200000000000273e+02 1.572000000000000064e+01 1.778000000000000114e+01
-7.880900000000000318e+02 2.296000000000000085e+01 1.696000000000000085e+01
-7.877500000000000000e+02 2.337999999999999901e+01 4.070000000000000284e+00
-7.884800000000000182e+02 8.849999999999999645e+00 4.777000000000000313e+01
-7.883500000000000227e+02 8.429999999999999716e+00 4.078999999999999915e+01
-7.880399999999999636e+02 1.719000000000000128e+01 1.483999999999999986e+01
-7.879700000000000273e+02 2.255999999999999872e+01 7.589999999999999858e+00
-7.883200000000000500e+02 2.237999999999999901e+01 2.205000000000000071e+01
-7.886000000000000227e+02 3.864000000000000057e+01 4.609000000000000341e+01
-7.879600000000000364e+02 2.719000000000000128e+01 3.740000000000000213e+00
-7.877899999999999636e+02 1.171000000000000085e+01 3.429999999999999716e+01
-7.877899999999999636e+02 2.500000000000000000e+01 1.449999999999999956e+00
-7.884800000000000182e+02 5.000000000000000000e+01 2.942000000000000171e+01
-7.885099999999999909e+02 4.840999999999999659e+01 4.096000000000000085e+01
-7.883600000000000136e+02 4.299999999999999822e+00 4.307000000000000028e+01
-7.882100000000000364e+02 9.130000000000000782e+00 3.646000000000000085e+01
-7.883600000000000136e+02 1.577999999999999936e+01 3.192000000000000171e+01
-7.885900000000000318e+02 2.869999999999999929e+01 4.684000000000000341e+01
-7.883400000000000318e+02 2.503000000000000114e+01 1.682999999999999829e+01
-7.881100000000000136e+02 2.482000000000000028e+01 1.215000000000000036e+01
-7.882899999999999636e+02 2.944000000000000128e+01 7.269999999999999574e+00
-7.885700000000000500e+02 2.112000000000000099e+01 4.731000000000000227e+01
-7.877300000000000182e+02 1.344999999999999929e+01 2.442999999999999972e+01
-7.878600000000000136e+02 1.610999999999999943e+01 2.237000000000000099e+01
-7.880099999999999909e+02 3.121000000000000085e+01 2.100000000000000089e+00
-7.877799999999999727e+02 1.480000000000000071e+01 2.007000000000000028e+01
-7.883099999999999454e+02 2.548000000000000043e+01 1.181000000000000050e+01
-7.878500000000000227e+02 2.403999999999999915e+01 3.020000000000000018e+00
-7.884400000000000546e+02 4.580000000000000071e+00 4.753999999999999915e+01
-7.883899999999999864e+02 2.169999999999999929e+00 4.718999999999999773e+01
-7.880199999999999818e+02 2.053000000000000114e+01 1.172000000000000064e+01
-7.879800000000000182e+02 2.912999999999999901e+01 2.910000000000000142e+00
-7.883600000000000136e+02 2.498999999999999844e+01 3.055999999999999872e+01
-7.884700000000000273e+02 8.220000000000000639e+00 4.782000000000000028e+01
-7.883799999999999955e+02 1.919999999999999929e+01 3.757000000000000028e+01
-7.882200000000000273e+02 9.189999999999999503e+00 3.642000000000000171e+01
-7.880499999999999545e+02 2.973000000000000043e+01 5.709999999999999964e+00
-7.883099999999999454e+02 7.400000000000000355e+00 3.935999999999999943e+01
-7.884800000000000182e+02 5.013000000000000256e+01 2.601999999999999957e+01
-7.883899999999999864e+02 3.259000000000000341e+01 3.542000000000000171e+01
-7.880599999999999454e+02 1.948000000000000043e+01 1.403999999999999915e+01
-7.882799999999999727e+02 2.951999999999999957e+01 7.190000000000000391e+00
-7.879199999999999591e+02 2.019999999999999929e+01 8.259999999999999787e+00
-7.881000000000000227e+02 2.607000000000000028e+01 9.000000000000000000e+00
-7.880499999999999545e+02 1.801000000000000156e+01 1.348000000000000043e+01
-7.878099999999999454e+02 2.464999999999999858e+01 1.989999999999999991e+00
-7.877400000000000091e+02 1.319999999999999929e+01 2.444000000000000128e+01
-7.885800000000000409e+02 2.701999999999999957e+01 4.703999999999999915e+01
-7.879400000000000546e+02 1.614999999999999858e+01 2.860999999999999943e+01
-7.884400000000000546e+02 4.431000000000000227e+01 3.822999999999999687e+01
-7.883700000000000045e+02 1.541000000000000014e+01 3.935000000000000142e+01
-7.885599999999999454e+02 2.139999999999999858e+01 4.696999999999999886e+01
-7.884700000000000273e+02 1.310999999999999943e+01 4.539000000000000057e+01
-7.882200000000000273e+02 3.506000000000000227e+01 1.129999999999999893e+00
-7.885399999999999636e+02 3.727000000000000313e+01 4.375999999999999801e+01
-7.877500000000000000e+02 1.446000000000000085e+01 1.900000000000000000e+01
-7.880800000000000409e+02 2.205000000000000071e+01 1.263000000000000078e+01
-7.883799999999999955e+02 3.493999999999999773e+01 2.607999999999999829e+01
-7.878999999999999773e+02 1.964999999999999858e+01 7.940000000000000391e+00
-7.880299999999999727e+02 1.857999999999999829e+01 1.275000000000000000e+01
-7.878099999999999454e+02 2.548000000000000043e+01 1.310000000000000053e+00
-7.880700000000000500e+02 2.376000000000000156e+01 1.080000000000000071e+01
-7.882999999999999545e+02 2.607999999999999829e+01 1.114000000000000057e+01
-7.885299999999999727e+02 2.405000000000000071e+01 4.450000000000000000e+01
-7.884800000000000182e+02 1.306000000000000050e+01 4.572999999999999687e+01
-7.878400000000000318e+02 2.612999999999999901e+01 2.620000000000000107e+00
-7.884700000000000273e+02 1.948000000000000043e+01 4.321000000000000085e+01
-7.878899999999999864e+02 1.586999999999999922e+01 2.242999999999999972e+01
-7.880199999999999818e+02 3.582000000000000028e+01 5.100000000000000089e-01
-7.883999999999999773e+02 7.900000000000000355e-01 4.821000000000000085e+01
-7.884700000000000273e+02 9.660000000000000142e+00 4.717000000000000171e+01
-7.883600000000000136e+02 3.160000000000000142e+00 4.384000000000000341e+01
-7.884900000000000091e+02 4.646999999999999886e+01 4.009000000000000341e+01
-7.884500000000000455e+02 2.205999999999999872e+01 4.175999999999999801e+01
-7.880299999999999727e+02 1.796999999999999886e+01 1.417999999999999972e+01
-7.885800000000000409e+02 3.767999999999999972e+01 4.557999999999999829e+01
-7.884400000000000546e+02 1.447000000000000064e+01 4.372999999999999687e+01
-7.883400000000000318e+02 2.432000000000000028e+01 1.698999999999999844e+01
-7.878300000000000409e+02 2.398000000000000043e+01 3.640000000000000124e+00
-7.881799999999999500e+02 3.282000000000000028e+01 3.560000000000000053e+00
-7.879800000000000182e+02 2.330000000000000071e+01 8.400000000000000355e+00
-7.882799999999999727e+02 2.939999999999999858e+01 7.320000000000000284e+00
-7.884500000000000455e+02 3.745000000000000284e+01 3.860999999999999943e+01
-7.878500000000000227e+02 1.397000000000000064e+01 3.126999999999999957e+01
-7.879800000000000182e+02 3.010999999999999943e+01 2.259999999999999787e+00
-7.884800000000000182e+02 4.867000000000000171e+01 3.160000000000000142e+01
-7.882200000000000273e+02 1.828000000000000114e+01 3.067999999999999972e+01
-7.877500000000000000e+02 1.499000000000000021e+01 1.794999999999999929e+01
-7.883799999999999955e+02 2.487000000000000099e+01 3.336999999999999744e+01
-7.881100000000000136e+02 2.755999999999999872e+01 9.080000000000000071e+00
-7.880900000000000318e+02 2.316000000000000014e+01 1.614000000000000057e+01
-7.884700000000000273e+02 7.320000000000000284e+00 4.810999999999999943e+01
-7.882500000000000000e+02 9.330000000000000071e+00 3.645000000000000284e+01
-7.884600000000000364e+02 4.850000000000000000e+01 2.603999999999999915e+01
-7.877599999999999909e+02 2.300000000000000000e+01 4.160000000000000142e+00
-7.877899999999999636e+02 1.536999999999999922e+01 2.025000000000000000e+01
-7.883600000000000136e+02 1.133000000000000007e+01 4.014000000000000057e+01
-7.883400000000000318e+02 1.497000000000000064e+01 3.171000000000000085e+01
-7.883099999999999454e+02 2.575000000000000000e+01 1.150000000000000000e+01
-7.885800000000000409e+02 2.726999999999999957e+01 4.702000000000000313e+01
-7.881000000000000227e+02 2.537000000000000099e+01 1.167999999999999972e+01
-7.879400000000000546e+02 1.644000000000000128e+01 2.782000000000000028e+01
-7.883899999999999864e+02 8.009999999999999787e+00 4.246000000000000085e+01
-7.883200000000000500e+02 2.371999999999999886e+01 2.010999999999999943e+01
-7.885000000000000000e+02 1.191000000000000014e+01 4.778999999999999915e+01
-7.878200000000000500e+02 2.492999999999999972e+01 1.770000000000000018e+00
-7.882100000000000364e+02 3.643999999999999773e+01 0.000000000000000000e+00
-7.884299999999999500e+02 4.364000000000000057e+01 3.784000000000000341e+01
-7.880599999999999454e+02 2.514000000000000057e+01 7.330000000000000071e+00
-7.883500000000000227e+02 2.970000000000000195e+00 4.379999999999999716e+01
-7.882799999999999727e+02 2.950000000000000000e+01 7.219999999999999751e+00
-7.885399999999999636e+02 1.955000000000000071e+01 4.636999999999999744e+01
-7.879400000000000546e+02 2.521000000000000085e+01 6.769999999999999574e+00
-7.883899999999999864e+02 1.959999999999999964e+00 4.731000000000000227e+01
-7.879900000000000091e+02 2.737000000000000099e+01 3.879999999999999893e+00
