-7.883400000000000318e+02 1.182000000000000028e+01 3.592999999999999972e+01
-7.883600000000000136e+02 4.299999999999999822e+00 4.307000000000000028e+01
-7.885099999999999909e+02 4.840999999999999659e+01 4.096000000000000085e+01
-7.883200000000000500e+02 2.048000000000000043e+01 2.814999999999999858e+01
-7.883899999999999864e+02 6.899999999999999467e-01 4.827000000000000313e+01
-7.877899999999999636e+02 1.290000000000000036e+01 2.866000000000000014e+01
-7.882899999999999636e+02 2.944000000000000128e+01 7.269999999999999574e+00
-7.877300000000000182e+02 1.344999999999999929e+01 2.442999999999999972e+01
-7.878899999999999864e+02 3.254999999999999716e+01 0.000000000000000000e+00
-7.881599999999999682e+02 3.215999999999999659e+01 4.250000000000000000e+00
-7.885900000000000318e+02 2.869999999999999929e+01 4.684000000000000341e+01
-7.885099999999999909e+02 1.385999999999999943e+01 4.657999999999999829e+01
-7.884800000000000182e+02 5.000000000000000000e+01 2.942000000000000171e+01
-7.883600000000000136e+02 1.577999999999999936e+01 3.192000000000000171e+01
-7.881200000000000045e+02 2.830000000000000071e+01 7.919999999999999929e+00
-7.883400000000000318e+02 2.503000000000000114e+01 1.682999999999999829e+01
-7.884800000000000182e+02 8.849999999999999645e+00 4.777000000000000313e+01
-7.886000000000000227e+02 3.864000000000000057e+01 4.609000000000000341e+01
-7.877200000000000273e+02 1.572000000000000064e+01 1.778000000000000114e+01
-7.879700000000000273e+02 2.255999999999999872e+01 7.589999999999999858e+00
-7.877500000000000000e+02 2.337999999999999901e+01 4.070000000000000284e+00
-7.880900000000000318e+02 2.296000000000000085e+01 1.696000000000000085e+01
-7.878400000000000318e+02 1.992000000000000171e+01 7.679999999999999716e+00
-7.877999999999999545e+02 2.569000000000000128e+01 7.700000000000000178e-01
-7.880000000000000000e+02 1.912999999999999901e+01 1.100999999999999979e+01
-7.883099999999999454e+02 2.596999999999999886e+01 1.124000000000000021e+01
-7.883500000000000227e+02 8.380000000000000782e+00 4.072999999999999687e+01
-7.877899999999999636e+02 1.171000000000000085e+01 3.429999999999999716e+01
-7.878600000000000136e+02 1.610999999999999943e+01 2.237000000000000099e+01
-7.880399999999999636e+02 1.719000000000000128e+01 1.483999999999999986e+01
-7.879500000000000455e+02 2.703000000000000114e+01 3.910000000000000142e+00
-7.882100000000000364e+02 9.130000000000000782e+00 3.646000000000000085e+01
-7.883200000000000500e+02 2.237999999999999901e+01 2.205000000000000071e+01
-7.882000000000000455e+02 3.615999999999999659e+01 0.000000000000000000e+00
-7.885700000000000500e+02 2.112000000000000099e+01 4.731000000000000227e+01
-7.881100000000000136e+02 2.482000000000000028e+01 1.215000000000000036e+01
-7.879600000000000364e+02 1.692999999999999972e+01 2.898000000000000043e+01
-7.883099999999999454e+02 7.370000000000000107e+00 3.939000000000000057e+01
-7.885800000000000409e+02 2.726999999999999957e+01 4.702000000000000313e+01
-7.884800000000000182e+02 3.788000000000000256e+01 4.145000000000000284e+01
-7.882599999999999909e+02 1.097000000000000064e+01 3.747999999999999687e+01
-7.877500000000000000e+02 1.446000000000000085e+01 1.900000000000000000e+01
-7.879400000000000546e+02 2.062000000000000099e+01 1.083999999999999986e+01
-7.880199999999999818e+02 3.180999999999999872e+01 3.089999999999999858e+00
-7.882500000000000000e+02 9.330000000000000071e+00 3.645000000000000284e+01
-7.881100000000000136e+02 2.755999999999999872e+01 9.080000000000000071e+00
-7.880399999999999636e+02 1.721000000000000085e+01 1.478999999999999915e+01
-7.879900000000000091e+02 2.737000000000000099e+01 3.879999999999999893e+00
-7.878300000000000409e+02 1.383999999999999986e+01 2.748999999999999844e+01
-7.884400000000000546e+02 4.431000000000000227e+01 3.822999999999999687e+01
-7.884700000000000273e+02 4.990999999999999659e+01 2.605000000000000071e+01
-7.884600000000000364e+02 6.419999999999999929e+00 4.761999999999999744e+01
-7.881100000000000136e+02 2.514999999999999858e+01 1.110999999999999943e+01
-7.882100000000000364e+02 3.638000000000000256e+01 0.000000000000000000e+00
-7.878099999999999454e+02 2.464999999999999858e+01 1.989999999999999991e+00
-7.880900000000000318e+02 2.316000000000000014e+01 1.614000000000000057e+01
-7.885099999999999909e+02 1.389000000000000057e+01 4.657000000000000028e+01
-7.885399999999999636e+02 2.032999999999999829e+01 4.621000000000000085e+01
-7.879299999999999500e+02 1.621999999999999886e+01 2.844000000000000128e+01
-7.883099999999999454e+02 2.592999999999999972e+01 1.132000000000000028e+01
-7.877799999999999727e+02 1.480000000000000071e+01 2.007000000000000028e+01
-7.882799999999999727e+02 2.950000000000000000e+01 7.219999999999999751e+00
-7.884800000000000182e+02 8.339999999999999858e+00 4.857999999999999829e+01
-7.883600000000000136e+02 2.498999999999999844e+01 3.055999999999999872e+01
-7.883999999999999773e+02 2.969999999999999929e+01 3.194000000000000128e+01
-7.878999999999999773e+02 1.964999999999999858e+01 7.940000000000000391e+00
-7.883899999999999864e+02 2.169999999999999929e+00 4.718999999999999773e+01
-7.880399999999999636e+02 2.319999999999999929e+01 9.439999999999999503e+00
-7.878300000000000409e+02 2.398000000000000043e+01 3.640000000000000124e+00
-7.883799999999999955e+02 1.626000000000000156e+01 3.935999999999999943e+01
-7.879800000000000182e+02 3.010999999999999943e+01 2.259999999999999787e+00
-7.883799999999999955e+02 3.363000000000000256e+01 2.632000000000000028e+01
-7.884199999999999591e+02 3.750000000000000000e+01 3.485000000000000142e+01
-7.884500000000000455e+02 1.331000000000000050e+01 4.510000000000000142e+01
-7.884299999999999500e+02 4.364000000000000057e+01 3.784000000000000341e+01
-7.883999999999999773e+02 1.969999999999999973e+00 4.739000000000000057e+01
-7.884700000000000273e+02 7.320000000000000284e+00 4.810999999999999943e+01
-7.879400000000000546e+02 1.626000000000000156e+01 2.853000000000000114e+01
-7.880900000000000318e+02 2.308999999999999986e+01 1.685000000000000142e+01
-7.882200000000000273e+02 9.189999999999999503e+00 3.642000000000000171e+01
-7.885099999999999909e+02 2.035999999999999943e+01 4.459000000000000341e+01
-7.884500000000000455e+02 2.205999999999999872e+01 4.175999999999999801e+01
-7.880399999999999636e+02 1.850000000000000000e+01 1.275999999999999979e+01
-7.883300000000000409e+02 2.185000000000000142e+01 2.710999999999999943e+01
-7.882799999999999727e+02 2.939999999999999858e+01 7.320000000000000284e+00
-7.882200000000000273e+02 3.521000000000000085e+01 9.799999999999999822e-01
-7.884500000000000455e+02 3.745000000000000284e+01 3.860999999999999943e+01
-7.885700000000000500e+02 2.767999999999999972e+01 4.671000000000000085e+01
-7.877899999999999636e+02 2.523000000000000043e+01 1.129999999999999893e+00
-7.883400000000000318e+02 2.432000000000000028e+01 1.698999999999999844e+01
-7.878500000000000227e+02 2.403999999999999915e+01 3.020000000000000018e+00
-7.877500000000000000e+02 1.499000000000000021e+01 1.794999999999999929e+01
-7.880800000000000409e+02 2.260000000000000142e+01 1.115000000000000036e+01
-7.884299999999999500e+02 4.595000000000000284e+01 2.607999999999999829e+01
-7.878500000000000227e+02 1.397000000000000064e+01 3.126999999999999957e+01
-7.879800000000000182e+02 2.330000000000000071e+01 8.400000000000000355e+00
-7.883099999999999454e+02 1.100999999999999979e+01 3.678000000000000114e+01
-7.878400000000000318e+02 2.612999999999999901e+01 2.620000000000000107e+00
-7.883400000000000318e+02 8.339999999999999858e+00 4.079999999999999716e+01
-7.878899999999999864e+02 1.586999999999999922e+01 2.242999999999999972e+01
-7.882300000000000182e+02 3.321000000000000085e+01 3.120000000000000107e+00
-7.881000000000000227e+02 2.832000000000000028e+01 6.459999999999999964e+00
-7.883099999999999454e+02 2.575000000000000000e+01 1.150000000000000000e+01
-7.880299999999999727e+02 1.796999999999999886e+01 1.417999999999999972e+01
-7.880099999999999909e+02 3.121000000000000085e+01 2.100000000000000089e+00
-7.884400000000000546e+02 4.580000000000000071e+00 4.753999999999999915e+01
-7.885700000000000500e+02 2.773000000000000043e+01 4.560000000000000142e+01
-7.882999999999999545e+02 2.607999999999999829e+01 1.114000000000000057e+01
-7.883899999999999864e+02 1.129999999999999893e+00 4.813000000000000256e+01
-7.880299999999999727e+02 2.175000000000000000e+01 9.699999999999999289e+00
-7.881000000000000227e+02 2.591000000000000014e+01 1.026999999999999957e+01
-7.880599999999999454e+02 1.948000000000000043e+01 1.403999999999999915e+01
-7.880499999999999545e+02 1.801000000000000156e+01 1.348000000000000043e+01
-7.883099999999999454e+02 5.919999999999999929e+00 4.211999999999999744e+01
-7.879400000000000546e+02 1.614999999999999858e+01 2.860999999999999943e+01
-7.884700000000000273e+02 8.220000000000000639e+00 4.782000000000000028e+01
-7.885800000000000409e+02 3.779999999999999716e+01 4.492000000000000171e+01
-7.882799999999999727e+02 2.951999999999999957e+01 7.190000000000000391e+00
-7.883700000000000045e+02 3.217000000000000171e+01 2.787000000000000099e+01
-7.881900000000000546e+02 3.220000000000000284e+01 4.629999999999999893e+00
-7.883400000000000318e+02 1.497000000000000064e+01 3.171000000000000085e+01
-7.880399999999999636e+02 1.873999999999999844e+01 1.249000000000000021e+01
-7.883500000000000227e+02 7.009999999999999787e+00 4.195000000000000284e+01
-7.883799999999999955e+02 3.493999999999999773e+01 2.607999999999999829e+01
-7.877899999999999636e+02 1.536999999999999922e+01 2.025000000000000000e+01
-7.880299999999999727e+02 2.685000000000000142e+01 5.900000000000000355e+00
-7.882300000000000182e+02 3.620000000000000284e+01 3.499999999999999778e-01
-7.880599999999999454e+02 2.514000000000000057e+01 7.330000000000000071e+00
