-7.886000000000000227e+02 3.864000000000000057e+01 4.609000000000000341e+01
-7.883600000000000136e+02 4.299999999999999822e+00 4.307000000000000028e+01
-7.885099999999999909e+02 1.385999999999999943e+01 4.657999999999999829e+01
-7.883899999999999864e+02 6.899999999999999467e-01 4.827000000000000313e+01
-7.883400000000000318e+02 2.503000000000000114e+01 1.682999999999999829e+01
-7.881100000000000136e+02 2.482000000000000028e+01 1.215000000000000036e+01
-7.879500000000000455e+02 2.703000000000000114e+01 3.910000000000000142e+00
-7.882000000000000455e+02 3.615999999999999659e+01 0.000000000000000000e+00
-7.879700000000000273e+02 2.255999999999999872e+01 7.589999999999999858e+00
-7.879600000000000364e+02 1.692999999999999972e+01 2.898000000000000043e+01
-7.880000000000000000e+02 1.912999999999999901e+01 1.100999999999999979e+01
-7.877899999999999636e+02 1.171000000000000085e+01 3.429999999999999716e+01
-7.880399999999999636e+02 1.719000000000000128e+01 1.483999999999999986e+01
-7.877200000000000273e+02 1.572000000000000064e+01 1.778000000000000114e+01
-7.881000000000000227e+02 2.335000000000000142e+01 1.719000000000000128e+01
-7.885099999999999909e+02 4.840999999999999659e+01 4.096000000000000085e+01
-7.885700000000000500e+02 2.112000000000000099e+01 4.731000000000000227e+01
-7.883200000000000500e+02 2.048000000000000043e+01 2.814999999999999858e+01
-7.884800000000000182e+02 8.849999999999999645e+00 4.777000000000000313e+01
-7.884800000000000182e+02 4.820000000000000284e+01 2.819999999999999929e+01
-7.881200000000000045e+02 2.830000000000000071e+01 7.919999999999999929e+00
-7.878400000000000318e+02 1.992000000000000171e+01 7.679999999999999716e+00
-7.878600000000000136e+02 1.610999999999999943e+01 2.237000000000000099e+01
-7.883500000000000227e+02 7.990000000000000213e+00 4.071999999999999886e+01
-7.883200000000000500e+02 2.189999999999999858e+01 2.119000000000000128e+01
-7.883099999999999454e+02 2.598999999999999844e+01 1.121000000000000085e+01
-7.877899999999999636e+02 1.290000000000000036e+01 2.866000000000000014e+01
-7.877999999999999545e+02 2.569000000000000128e+01 7.700000000000000178e-01
-7.877300000000000182e+02 1.344999999999999929e+01 2.442999999999999972e+01
-7.881200000000000045e+02 3.300000000000000000e+01 4.019999999999999574e+00
-7.878899999999999864e+02 3.254999999999999716e+01 0.000000000000000000e+00
-7.882899999999999636e+02 2.944000000000000128e+01 7.269999999999999574e+00
-7.883600000000000136e+02 1.577999999999999936e+01 3.192000000000000171e+01
-7.877500000000000000e+02 2.337999999999999901e+01 4.070000000000000284e+00
-7.883400000000000318e+02 1.182000000000000028e+01 3.592999999999999972e+01
-7.885900000000000318e+02 2.869999999999999929e+01 4.684000000000000341e+01
-7.882100000000000364e+02 9.130000000000000782e+00 3.646000000000000085e+01
-7.885099999999999909e+02 1.300999999999999979e+01 4.803000000000000114e+01
-7.880099999999999909e+02 2.025000000000000000e+01 1.108999999999999986e+01
-7.883999999999999773e+02 7.099999999999999645e-01 4.703000000000000114e+01
-7.877500000000000000e+02 1.446000000000000085e+01 1.900000000000000000e+01
-7.878999999999999773e+02 2.873000000000000043e+01 2.899999999999999911e+00
-7.878600000000000136e+02 2.469999999999999929e+01 2.259999999999999787e+00
-7.878999999999999773e+02 1.964999999999999858e+01 7.940000000000000391e+00
-7.880800000000000409e+02 2.707000000000000028e+01 7.540000000000000036e+00
-7.882500000000000000e+02 9.330000000000000071e+00 3.645000000000000284e+01
-7.882799999999999727e+02 2.951999999999999957e+01 7.190000000000000391e+00
-7.878300000000000409e+02 2.398000000000000043e+01 3.640000000000000124e+00
-7.885800000000000409e+02 2.982000000000000028e+01 4.597999999999999687e+01
-7.883899999999999864e+02 3.693999999999999773e+01 3.051999999999999957e+01
-7.878300000000000409e+02 1.348000000000000043e+01 2.773999999999999844e+01
-7.880700000000000500e+02 3.164999999999999858e+01 3.509999999999999787e+00
-7.885099999999999909e+02 2.035999999999999943e+01 4.459000000000000341e+01
-7.880599999999999454e+02 2.287000000000000099e+01 9.349999999999999645e+00
-7.884800000000000182e+02 4.857000000000000028e+01 2.758999999999999986e+01
-7.883099999999999454e+02 2.592999999999999972e+01 1.132000000000000028e+01
-7.884800000000000182e+02 8.339999999999999858e+00 4.857999999999999829e+01
-7.883099999999999454e+02 7.370000000000000107e+00 3.939000000000000057e+01
-7.885800000000000409e+02 3.779999999999999716e+01 4.492000000000000171e+01
-7.880199999999999818e+02 3.340999999999999659e+01 8.800000000000000044e-01
-7.881000000000000227e+02 2.426999999999999957e+01 1.374000000000000021e+01
-7.883999999999999773e+02 2.528999999999999915e+01 3.395000000000000284e+01
-7.883600000000000136e+02 2.876000000000000156e+01 2.823000000000000043e+01
-7.882300000000000182e+02 3.620000000000000284e+01 3.499999999999999778e-01
-7.883400000000000318e+02 2.432000000000000028e+01 1.698999999999999844e+01
-7.880499999999999545e+02 1.801000000000000156e+01 1.348000000000000043e+01
-7.882599999999999909e+02 1.097000000000000064e+01 3.747999999999999687e+01
-7.879400000000000546e+02 1.614999999999999858e+01 2.860999999999999943e+01
-7.883600000000000136e+02 5.849999999999999645e+00 4.260000000000000142e+01
-7.884800000000000182e+02 2.130999999999999872e+01 4.221000000000000085e+01
-7.880599999999999454e+02 1.948000000000000043e+01 1.403999999999999915e+01
-7.877899999999999636e+02 1.536999999999999922e+01 2.025000000000000000e+01
-7.884400000000000546e+02 4.431000000000000227e+01 3.822999999999999687e+01
-7.878600000000000136e+02 1.660999999999999943e+01 2.151999999999999957e+01
-7.883099999999999454e+02 2.555000000000000071e+01 1.173000000000000043e+01
-7.882200000000000273e+02 9.189999999999999503e+00 3.642000000000000171e+01
-7.884199999999999591e+02 3.750000000000000000e+01 3.485000000000000142e+01
-7.877200000000000273e+02 2.330999999999999872e+01 4.400000000000000355e+00
-7.880599999999999454e+02 2.210000000000000142e+01 1.031000000000000050e+01
-7.883099999999999454e+02 5.919999999999999929e+00 4.211999999999999744e+01
-7.878400000000000318e+02 1.391000000000000014e+01 3.066000000000000014e+01
-7.885599999999999454e+02 2.703999999999999915e+01 4.565999999999999659e+01
-7.880800000000000409e+02 2.948000000000000043e+01 5.950000000000000178e+00
-7.882100000000000364e+02 3.638000000000000256e+01 0.000000000000000000e+00
-7.880099999999999909e+02 3.121000000000000085e+01 2.100000000000000089e+00
-7.885099999999999909e+02 3.982000000000000028e+01 4.349000000000000199e+01
-7.883799999999999955e+02 8.080000000000000071e+00 4.228999999999999915e+01
-7.884099999999999682e+02 1.335999999999999943e+01 4.293999999999999773e+01
-7.883999999999999773e+02 2.282000000000000028e+01 3.463000000000000256e+01
-7.879099999999999682e+02 2.089000000000000057e+01 6.990000000000000213e+00
-7.884299999999999500e+02 2.649999999999999911e+00 4.767000000000000171e+01
-7.877500000000000000e+02 1.499000000000000021e+01 1.794999999999999929e+01
-7.884700000000000273e+02 4.990999999999999659e+01 2.605000000000000071e+01
-7.884700000000000273e+02 7.320000000000000284e+00 4.810999999999999943e+01
-7.880099999999999909e+02 2.776999999999999957e+01 3.669999999999999929e+00
-7.882799999999999727e+02 1.707000000000000028e+01 3.126999999999999957e+01
-7.882699999999999818e+02 2.989000000000000057e+01 6.780000000000000249e+00
-7.877999999999999545e+02 2.551000000000000156e+01 1.030000000000000027e+00
-7.879400000000000546e+02 1.626000000000000156e+01 2.853000000000000114e+01
-7.885099999999999909e+02 1.358999999999999986e+01 4.797999999999999687e+01
-7.885399999999999636e+02 2.032999999999999829e+01 4.621000000000000085e+01
-7.880900000000000318e+02 2.308999999999999986e+01 1.685000000000000142e+01
-7.880199999999999818e+02 3.180999999999999872e+01 3.089999999999999858e+00
-7.880299999999999727e+02 1.796999999999999886e+01 1.417999999999999972e+01
-7.880099999999999909e+02 1.832999999999999829e+01 1.180000000000000071e+01
-7.883600000000000136e+02 2.982000000000000028e+01 2.160000000000000142e+01
-7.878500000000000227e+02 1.566000000000000014e+01 3.021000000000000085e+01
-7.883700000000000045e+02 6.860000000000000320e+00 4.446999999999999886e+01
-7.879299999999999500e+02 2.019000000000000128e+01 8.880000000000000782e+00
-7.885000000000000000e+02 1.508000000000000007e+01 4.593999999999999773e+01
-7.883999999999999773e+02 2.969999999999999929e+01 3.194000000000000128e+01
-7.880700000000000500e+02 2.180000000000000071e+01 1.142999999999999972e+01
-7.877899999999999636e+02 2.523000000000000043e+01 1.129999999999999893e+00
-7.883899999999999864e+02 3.874000000000000199e+01 2.608999999999999986e+01
-7.883099999999999454e+02 2.596999999999999886e+01 1.124000000000000021e+01
-7.880000000000000000e+02 2.717999999999999972e+01 4.969999999999999751e+00
-7.884400000000000546e+02 6.759999999999999787e+00 4.686999999999999744e+01
-7.884400000000000546e+02 4.432000000000000028e+01 2.603000000000000114e+01
-7.884299999999999500e+02 4.364000000000000057e+01 3.784000000000000341e+01
-7.882000000000000455e+02 3.217999999999999972e+01 4.250000000000000000e+00
-7.883099999999999454e+02 1.100999999999999979e+01 3.678000000000000114e+01
-7.882799999999999727e+02 2.950000000000000000e+01 7.219999999999999751e+00
-7.885800000000000409e+02 2.928999999999999915e+01 4.665999999999999659e+01
-7.877599999999999909e+02 1.596000000000000085e+01 1.932999999999999829e+01
-7.883700000000000045e+02 2.419999999999999929e+01 3.096000000000000085e+01
-7.879299999999999500e+02 1.621999999999999886e+01 2.844000000000000128e+01
-7.877699999999999818e+02 1.687999999999999901e+01 1.735999999999999943e+01
-7.883799999999999955e+02 1.630999999999999872e+01 3.596999999999999886e+01
