-7.883099999999999454e+02 2.598999999999999844e+01 1.121000000000000085e+01
-7.885099999999999909e+02 4.840999999999999659e+01 4.096000000000000085e+01
-7.885900000000000318e+02 2.869999999999999929e+01 4.684000000000000341e+01
-7.877899999999999636e+02 1.290000000000000036e+01 2.866000000000000014e+01
-7.880000000000000000e+02 1.912999999999999901e+01 1.100999999999999979e+01
-7.884900000000000091e+02 8.910000000000000142e+00 4.825000000000000000e+01
-7.885800000000000409e+02 3.779999999999999716e+01 4.492000000000000171e+01
-7.883600000000000136e+02 4.299999999999999822e+00 4.307000000000000028e+01
-7.882899999999999636e+02 2.944000000000000128e+01 7.269999999999999574e+00
-7.879500000000000455e+02 2.703000000000000114e+01 3.910000000000000142e+00
-7.883400000000000318e+02 2.389999999999999858e+01 1.639999999999999858e+01
-7.877899999999999636e+02 1.167999999999999972e+01 3.432000000000000028e+01
-7.885099999999999909e+02 1.385999999999999943e+01 4.657999999999999829e+01
-7.883600000000000136e+02 1.577999999999999936e+01 3.192000000000000171e+01
-7.877400000000000091e+02 2.742000000000000171e+01 2.899999999999999800e-01
-7.877300000000000182e+02 1.344999999999999929e+01 2.442999999999999972e+01
-7.884900000000000091e+02 4.889999999999999858e+01 2.848000000000000043e+01
-7.883200000000000500e+02 2.048000000000000043e+01 2.814999999999999858e+01
-7.882000000000000455e+02 3.615999999999999659e+01 0.000000000000000000e+00
-7.883600000000000136e+02 8.310000000000000497e+00 4.142000000000000171e+01
-7.881100000000000136e+02 2.482000000000000028e+01 1.215000000000000036e+01
-7.879700000000000273e+02 2.255999999999999872e+01 7.589999999999999858e+00
-7.877200000000000273e+02 1.572000000000000064e+01 1.778000000000000114e+01
-7.881200000000000045e+02 2.830000000000000071e+01 7.919999999999999929e+00
-7.883200000000000500e+02 2.189999999999999858e+01 2.119000000000000128e+01
-7.880299999999999727e+02 1.701000000000000156e+01 1.484999999999999964e+01
-7.882100000000000364e+02 9.130000000000000782e+00 3.646000000000000085e+01
-7.878600000000000136e+02 1.610999999999999943e+01 2.237000000000000099e+01
-7.878400000000000318e+02 1.992000000000000171e+01 7.679999999999999716e+00
-7.881200000000000045e+02 3.300000000000000000e+01 4.019999999999999574e+00
-7.878899999999999864e+02 3.254999999999999716e+01 0.000000000000000000e+00
-7.883899999999999864e+02 6.899999999999999467e-01 4.827000000000000313e+01
-7.883500000000000227e+02 1.192999999999999972e+01 3.682000000000000028e+01
-7.881000000000000227e+02 2.242999999999999972e+01 1.483000000000000007e+01
-7.885700000000000500e+02 2.112000000000000099e+01 4.731000000000000227e+01
-7.879600000000000364e+02 1.691000000000000014e+01 2.898000000000000043e+01
-7.877500000000000000e+02 2.337000000000000099e+01 4.049999999999999822e+00
-7.878300000000000409e+02 2.587999999999999901e+01 6.800000000000000488e-01
-7.880099999999999909e+02 1.832999999999999829e+01 1.180000000000000071e+01
-7.877899999999999636e+02 1.171000000000000085e+01 3.429999999999999716e+01
-7.883400000000000318e+02 2.319000000000000128e+01 2.760000000000000142e+01
-7.883400000000000318e+02 1.575000000000000000e+01 3.132999999999999829e+01
-7.884800000000000182e+02 1.369999999999999929e+01 4.589999999999999858e+01
-7.882699999999999818e+02 2.989000000000000057e+01 6.780000000000000249e+00
-7.883099999999999454e+02 2.555000000000000071e+01 1.173000000000000043e+01
-7.883999999999999773e+02 2.259999999999999787e+00 4.692999999999999972e+01
-7.884800000000000182e+02 8.849999999999999645e+00 4.777000000000000313e+01
-7.877500000000000000e+02 1.499000000000000021e+01 1.794999999999999929e+01
-7.880700000000000500e+02 2.180000000000000071e+01 1.142999999999999972e+01
-7.884400000000000546e+02 1.052999999999999936e+01 4.557999999999999829e+01
-7.878200000000000500e+02 1.275000000000000000e+01 3.023999999999999844e+01
-7.880800000000000409e+02 2.923999999999999844e+01 5.549999999999999822e+00
-7.877599999999999909e+02 1.596000000000000085e+01 1.932999999999999829e+01
-7.884500000000000455e+02 1.758999999999999986e+01 4.259000000000000341e+01
-7.883099999999999454e+02 2.387999999999999901e+01 1.817000000000000171e+01
-7.880499999999999545e+02 2.580000000000000071e+01 8.279999999999999361e+00
-7.883099999999999454e+02 1.007000000000000028e+01 3.771999999999999886e+01
-7.884800000000000182e+02 4.939000000000000057e+01 2.642999999999999972e+01
-7.881799999999999500e+02 3.549000000000000199e+01 2.390000000000000124e+00
-7.882200000000000273e+02 9.189999999999999503e+00 3.642000000000000171e+01
-7.879900000000000091e+02 2.589000000000000057e+01 5.650000000000000355e+00
-7.878600000000000136e+02 2.312000000000000099e+01 7.259999999999999787e+00
-7.879400000000000546e+02 1.575999999999999979e+01 2.958999999999999986e+01
-7.885099999999999909e+02 3.982000000000000028e+01 4.349000000000000199e+01
-7.883799999999999955e+02 4.679999999999999716e+00 4.452000000000000313e+01
-7.877699999999999818e+02 2.246000000000000085e+01 5.809999999999999609e+00
-7.884400000000000546e+02 4.431000000000000227e+01 3.822999999999999687e+01
-7.884400000000000546e+02 4.103999999999999915e+01 3.952000000000000313e+01
-7.878700000000000045e+02 3.183999999999999986e+01 0.000000000000000000e+00
-7.880599999999999454e+02 1.948000000000000043e+01 1.403999999999999915e+01
-7.885299999999999727e+02 2.728999999999999915e+01 4.446999999999999886e+01
-7.878600000000000136e+02 1.982999999999999829e+01 7.750000000000000000e+00
-7.877699999999999818e+02 1.680000000000000071e+01 1.753000000000000114e+01
-7.880199999999999818e+02 2.344999999999999929e+01 8.330000000000000071e+00
-7.883700000000000045e+02 3.091000000000000014e+01 2.623999999999999844e+01
-7.884099999999999682e+02 1.889000000000000057e+01 3.939000000000000057e+01
-7.878200000000000500e+02 1.381000000000000050e+01 2.750000000000000000e+01
-7.877200000000000273e+02 2.330999999999999872e+01 4.400000000000000355e+00
-7.884800000000000182e+02 9.189999999999999503e+00 4.760999999999999943e+01
-7.880199999999999818e+02 3.340999999999999659e+01 8.800000000000000044e-01
-7.883099999999999454e+02 2.596999999999999886e+01 1.124000000000000021e+01
-7.882699999999999818e+02 1.197000000000000064e+01 3.485000000000000142e+01
-7.882500000000000000e+02 9.330000000000000071e+00 3.645000000000000284e+01
-7.885800000000000409e+02 2.921999999999999886e+01 4.627000000000000313e+01
-7.880399999999999636e+02 3.083999999999999986e+01 2.700000000000000178e+00
-7.883700000000000045e+02 3.194000000000000128e+01 2.435999999999999943e+01
-7.877500000000000000e+02 1.446000000000000085e+01 1.900000000000000000e+01
-7.883700000000000045e+02 9.740000000000000213e+00 4.185999999999999943e+01
-7.883600000000000136e+02 3.319999999999999840e+00 4.502000000000000313e+01
-7.884600000000000364e+02 5.097999999999999687e+01 2.601999999999999957e+01
-7.885000000000000000e+02 3.992999999999999972e+01 4.307999999999999829e+01
-7.877699999999999818e+02 1.687999999999999901e+01 1.735999999999999943e+01
-7.883999999999999773e+02 7.099999999999999645e-01 4.703000000000000114e+01
-7.880299999999999727e+02 2.108999999999999986e+01 1.207000000000000028e+01
-7.879299999999999500e+02 1.621999999999999886e+01 2.844000000000000128e+01
-7.880199999999999818e+02 2.594999999999999929e+01 5.839999999999999858e+00
-7.878999999999999773e+02 1.964999999999999858e+01 7.940000000000000391e+00
-7.882400000000000091e+02 2.151000000000000156e+01 2.776000000000000156e+01
-7.882300000000000182e+02 3.620000000000000284e+01 3.499999999999999778e-01
-7.878700000000000045e+02 1.673999999999999844e+01 2.207000000000000028e+01
-7.884600000000000364e+02 4.500000000000000000e+01 4.060999999999999943e+01
-7.878799999999999955e+02 2.557000000000000028e+01 1.560000000000000053e+00
-7.881299999999999955e+02 2.783999999999999986e+01 1.073000000000000043e+01
-7.880700000000000500e+02 2.444999999999999929e+01 1.006000000000000050e+01
-7.885000000000000000e+02 1.930000000000000071e+01 4.472999999999999687e+01
-7.882799999999999727e+02 2.950000000000000000e+01 7.219999999999999751e+00
-7.885099999999999909e+02 1.358999999999999986e+01 4.797999999999999687e+01
-7.881100000000000136e+02 2.605999999999999872e+01 9.859999999999999432e+00
-7.878099999999999454e+02 1.358999999999999986e+01 2.817999999999999972e+01
-7.880800000000000409e+02 2.405000000000000071e+01 1.058000000000000007e+01
-7.883200000000000500e+02 2.462000000000000099e+01 1.283999999999999986e+01
-7.884099999999999682e+02 3.732999999999999829e+01 3.375000000000000000e+01
-7.878300000000000409e+02 2.398000000000000043e+01 3.640000000000000124e+00
-7.880399999999999636e+02 2.332000000000000028e+01 9.609999999999999432e+00
-7.879299999999999500e+02 1.556000000000000050e+01 3.008999999999999986e+01
-7.882100000000000364e+02 3.638000000000000256e+01 0.000000000000000000e+00
-7.885099999999999909e+02 2.035999999999999943e+01 4.459000000000000341e+01
-7.880499999999999545e+02 1.801000000000000156e+01 1.348000000000000043e+01
-7.880199999999999818e+02 2.019999999999999929e+01 1.225000000000000000e+01
-7.882899999999999636e+02 2.948000000000000043e+01 7.240000000000000213e+00
-7.884500000000000455e+02 5.459999999999999964e+00 4.779999999999999716e+01
-7.879500000000000455e+02 3.123999999999999844e+01 1.419999999999999929e+00
-7.884400000000000546e+02 1.680999999999999872e+01 4.314999999999999858e+01
-7.886000000000000227e+02 3.706000000000000227e+01 4.596999999999999886e+01
-7.885800000000000409e+02 2.896999999999999886e+01 4.639000000000000057e+01
-7.879600000000000364e+02 2.858999999999999986e+01 5.120000000000000107e+00
-7.885099999999999909e+02 1.300999999999999979e+01 4.803000000000000114e+01
-7.884299999999999500e+02 1.800000000000000044e+00 4.853000000000000114e+01
