-7.877899999999999636e+02 1.144999999999999929e+01 3.563000000000000256e+01
-7.883099999999999454e+02 2.598999999999999844e+01 1.121000000000000085e+01
-7.885800000000000409e+02 3.846000000000000085e+01 4.488000000000000256e+01
-7.884900000000000091e+02 4.889999999999999858e+01 2.848000000000000043e+01
-7.879500000000000455e+02 2.703000000000000114e+01 3.910000000000000142e+00
-7.883600000000000136e+02 8.310000000000000497e+00 4.142000000000000171e+01
-7.883200000000000500e+02 2.189999999999999858e+01 2.119000000000000128e+01
-7.877200000000000273e+02 1.572000000000000064e+01 1.778000000000000114e+01
-7.883400000000000318e+02 2.389999999999999858e+01 1.639999999999999858e+01
-7.883500000000000227e+02 1.192999999999999972e+01 3.682000000000000028e+01
-7.881100000000000136e+02 2.482000000000000028e+01 1.215000000000000036e+01
-7.882100000000000364e+02 8.939999999999999503e+00 3.686999999999999744e+01
-7.878400000000000318e+02 1.992000000000000171e+01 7.679999999999999716e+00
-7.880299999999999727e+02 1.701000000000000156e+01 1.484999999999999964e+01
-7.878600000000000136e+02 1.610999999999999943e+01 2.237000000000000099e+01
-7.885099999999999909e+02 4.840999999999999659e+01 4.096000000000000085e+01
-7.883600000000000136e+02 1.577999999999999936e+01 3.192000000000000171e+01
-7.884900000000000091e+02 8.609999999999999432e+00 4.850000000000000000e+01
-7.883200000000000500e+02 2.048000000000000043e+01 2.814999999999999858e+01
-7.885700000000000500e+02 2.112000000000000099e+01 4.731000000000000227e+01
-7.877899999999999636e+02 1.289000000000000057e+01 2.875000000000000000e+01
-7.881200000000000045e+02 3.300000000000000000e+01 4.019999999999999574e+00
-7.878899999999999864e+02 3.254999999999999716e+01 0.000000000000000000e+00
-7.879600000000000364e+02 1.691000000000000014e+01 2.898000000000000043e+01
-7.877400000000000091e+02 2.742000000000000171e+01 2.899999999999999800e-01
-7.881000000000000227e+02 2.242999999999999972e+01 1.483000000000000007e+01
-7.885800000000000409e+02 2.896999999999999886e+01 4.639000000000000057e+01
-7.882899999999999636e+02 2.944000000000000128e+01 7.269999999999999574e+00
-7.881299999999999955e+02 2.848000000000000043e+01 7.910000000000000142e+00
-7.879700000000000273e+02 2.255999999999999872e+01 7.589999999999999858e+00
-7.877500000000000000e+02 2.337000000000000099e+01 4.049999999999999822e+00
-7.883600000000000136e+02 4.299999999999999822e+00 4.307000000000000028e+01
-7.883999999999999773e+02 6.800000000000000488e-01 4.789999999999999858e+01
-7.880000000000000000e+02 1.912999999999999901e+01 1.100999999999999979e+01
-7.881799999999999500e+02 3.603000000000000114e+01 1.300000000000000044e-01
-7.877300000000000182e+02 1.344999999999999929e+01 2.442999999999999972e+01
-7.885099999999999909e+02 1.385999999999999943e+01 4.657999999999999829e+01
-7.884900000000000091e+02 8.910000000000000142e+00 4.825000000000000000e+01
-7.878500000000000227e+02 1.422000000000000064e+01 2.528000000000000114e+01
-7.881200000000000045e+02 2.653999999999999915e+01 1.067999999999999972e+01
-7.882999999999999545e+02 8.160000000000000142e+00 3.990999999999999659e+01
-7.880299999999999727e+02 1.742000000000000171e+01 1.423000000000000043e+01
-7.885399999999999636e+02 3.385999999999999943e+01 4.539999999999999858e+01
-7.883700000000000045e+02 4.980000000000000426e+00 4.417000000000000171e+01
-7.877500000000000000e+02 1.499000000000000021e+01 1.794999999999999929e+01
-7.884199999999999591e+02 2.425000000000000000e+01 4.168999999999999773e+01
-7.880499999999999545e+02 2.396999999999999886e+01 9.099999999999999645e+00
-7.884700000000000273e+02 1.355000000000000071e+01 4.521000000000000085e+01
-7.880099999999999909e+02 3.142000000000000171e+01 1.560000000000000053e+00
-7.880800000000000409e+02 3.001999999999999957e+01 5.269999999999999574e+00
-7.882799999999999727e+02 1.033000000000000007e+01 3.803999999999999915e+01
-7.880499999999999545e+02 2.032000000000000028e+01 1.178999999999999915e+01
-7.880499999999999545e+02 2.837999999999999901e+01 4.169999999999999929e+00
-7.884099999999999682e+02 3.650000000000000000e+01 3.253000000000000114e+01
-7.877599999999999909e+02 1.574000000000000021e+01 2.248000000000000043e+01
-7.883500000000000227e+02 1.475000000000000000e+01 3.399000000000000199e+01
-7.879299999999999500e+02 1.556000000000000050e+01 3.008999999999999986e+01
-7.878799999999999955e+02 2.557000000000000028e+01 1.560000000000000053e+00
-7.884900000000000091e+02 4.967999999999999972e+01 2.789999999999999858e+01
-7.880700000000000500e+02 2.916000000000000014e+01 6.959999999999999964e+00
-7.885700000000000500e+02 2.446000000000000085e+01 4.699000000000000199e+01
-7.882799999999999727e+02 2.950000000000000000e+01 7.219999999999999751e+00
-7.884199999999999591e+02 6.800000000000000488e-01 4.825999999999999801e+01
-7.881000000000000227e+02 2.273999999999999844e+01 1.422000000000000064e+01
-7.885000000000000000e+02 4.921999999999999886e+01 4.078000000000000114e+01
-7.883200000000000500e+02 2.462000000000000099e+01 1.283999999999999986e+01
-7.884099999999999682e+02 4.165999999999999659e+01 2.601000000000000156e+01
-7.877500000000000000e+02 2.369999999999999929e+01 2.919999999999999929e+00
-7.877899999999999636e+02 1.167999999999999972e+01 3.432000000000000028e+01
-7.883999999999999773e+02 2.362999999999999901e+01 3.335999999999999943e+01
-7.878999999999999773e+02 1.964999999999999858e+01 7.940000000000000391e+00
-7.881799999999999500e+02 3.549000000000000199e+01 2.390000000000000124e+00
-7.882100000000000364e+02 9.150000000000000355e+00 3.642999999999999972e+01
-7.879600000000000364e+02 3.117000000000000171e+01 1.449999999999999956e+00
-7.880900000000000318e+02 2.228999999999999915e+01 1.472000000000000064e+01
-7.883600000000000136e+02 1.501999999999999957e+01 3.399000000000000199e+01
-7.878600000000000136e+02 1.989999999999999858e+01 7.740000000000000213e+00
-7.878400000000000318e+02 2.380000000000000071e+01 4.200000000000000178e+00
-7.883300000000000409e+02 6.500000000000000000e+00 4.039999999999999858e+01
-7.884600000000000364e+02 5.097999999999999687e+01 2.601999999999999957e+01
-7.884600000000000364e+02 2.876999999999999957e+01 4.104999999999999716e+01
-7.885700000000000500e+02 4.620000000000000284e+01 4.467000000000000171e+01
-7.885000000000000000e+02 3.992999999999999972e+01 4.307999999999999829e+01
-7.880099999999999909e+02 1.832999999999999829e+01 1.180000000000000071e+01
-7.877500000000000000e+02 2.737999999999999901e+01 4.500000000000000111e-01
-7.882500000000000000e+02 9.330000000000000071e+00 3.645000000000000284e+01
-7.878099999999999454e+02 1.439000000000000057e+01 2.489000000000000057e+01
-7.884199999999999591e+02 3.727000000000000313e+01 3.707000000000000028e+01
-7.883700000000000045e+02 5.049999999999999822e+00 4.275000000000000000e+01
-7.877599999999999909e+02 1.691000000000000014e+01 1.726000000000000156e+01
-7.877699999999999818e+02 1.175000000000000000e+01 3.375000000000000000e+01
-7.879299999999999500e+02 2.769999999999999929e+01 3.740000000000000213e+00
-7.878200000000000500e+02 1.381000000000000050e+01 2.750000000000000000e+01
-7.885099999999999909e+02 1.300999999999999979e+01 4.803000000000000114e+01
-7.883099999999999454e+02 2.596999999999999886e+01 1.124000000000000021e+01
-7.884800000000000182e+02 9.189999999999999503e+00 4.760999999999999943e+01
-7.884199999999999591e+02 3.832999999999999829e+01 2.610999999999999943e+01
-7.882699999999999818e+02 2.953999999999999915e+01 7.190000000000000391e+00
-7.880800000000000409e+02 2.139999999999999858e+01 1.169999999999999929e+01
-7.880599999999999454e+02 2.453999999999999915e+01 7.509999999999999787e+00
-7.877500000000000000e+02 1.446000000000000085e+01 1.900000000000000000e+01
-7.880700000000000500e+02 3.060999999999999943e+01 5.200000000000000178e+00
-7.879400000000000546e+02 1.575999999999999979e+01 2.958999999999999986e+01
-7.882000000000000455e+02 3.615999999999999659e+01 0.000000000000000000e+00
-7.882699999999999818e+02 1.317999999999999972e+01 3.679999999999999716e+01
-7.881200000000000045e+02 2.941000000000000014e+01 6.730000000000000426e+00
-7.885800000000000409e+02 2.473000000000000043e+01 4.732999999999999829e+01
-7.885099999999999909e+02 2.035999999999999943e+01 4.459000000000000341e+01
-7.885099999999999909e+02 3.982000000000000028e+01 4.349000000000000199e+01
-7.883999999999999773e+02 8.800000000000000711e+00 4.432000000000000028e+01
-7.883799999999999955e+02 4.669999999999999929e+00 4.450999999999999801e+01
-7.884900000000000091e+02 1.303999999999999915e+01 4.689000000000000057e+01
-7.883099999999999454e+02 2.394999999999999929e+01 1.364000000000000057e+01
-7.878600000000000136e+02 1.982999999999999829e+01 7.750000000000000000e+00
-7.880099999999999909e+02 2.750000000000000000e+01 4.309999999999999609e+00
-7.880700000000000500e+02 2.103999999999999915e+01 1.267999999999999972e+01
-7.885099999999999909e+02 2.078000000000000114e+01 4.367999999999999972e+01
-7.880599999999999454e+02 1.948000000000000043e+01 1.403999999999999915e+01
-7.881100000000000136e+02 2.846999999999999886e+01 7.290000000000000036e+00
-7.884099999999999682e+02 1.889000000000000057e+01 3.939000000000000057e+01
-7.879099999999999682e+02 1.655000000000000071e+01 2.482999999999999829e+01
-7.877899999999999636e+02 1.171000000000000085e+01 3.429999999999999716e+01
-7.884800000000000182e+02 4.813000000000000256e+01 2.605000000000000071e+01
-7.883899999999999864e+02 3.392000000000000171e+01 3.091000000000000014e+01
-7.883099999999999454e+02 2.526999999999999957e+01 1.208999999999999986e+01
-7.885800000000000409e+02 2.519000000000000128e+01 4.715999999999999659e+01
-7.880800000000000409e+02 2.923999999999999844e+01 5.549999999999999822e+00
-7.884299999999999500e+02 1.268999999999999950e+01 4.420000000000000284e+01
