-7.880000000000000000e+02 1.912999999999999901e+01 1.100999999999999979e+01
-7.883099999999999454e+02 2.598999999999999844e+01 1.121000000000000085e+01
-7.878400000000000318e+02 1.978000000000000114e+01 7.790000000000000036e+00
-7.883999999999999773e+02 6.700000000000000400e-01 4.786999999999999744e+01
-7.880299999999999727e+02 1.701000000000000156e+01 1.484999999999999964e+01
-7.877699999999999818e+02 1.175000000000000000e+01 3.375000000000000000e+01
-7.877899999999999636e+02 1.266000000000000014e+01 2.882999999999999829e+01
-7.881799999999999500e+02 3.603000000000000114e+01 1.300000000000000044e-01
-7.883200000000000500e+02 2.048000000000000043e+01 2.814999999999999858e+01
-7.880900000000000318e+02 2.173999999999999844e+01 1.556000000000000050e+01
-7.878999999999999773e+02 3.210999999999999943e+01 0.000000000000000000e+00
-7.885700000000000500e+02 2.112000000000000099e+01 4.731000000000000227e+01
-7.877500000000000000e+02 2.337000000000000099e+01 4.049999999999999822e+00
-7.879700000000000273e+02 2.255999999999999872e+01 7.589999999999999858e+00
-7.882899999999999636e+02 2.944000000000000128e+01 7.269999999999999574e+00
-7.884900000000000091e+02 8.609999999999999432e+00 4.850000000000000000e+01
-7.877200000000000273e+02 1.572000000000000064e+01 1.778000000000000114e+01
-7.877300000000000182e+02 1.344999999999999929e+01 2.442999999999999972e+01
-7.886000000000000227e+02 3.889999999999999858e+01 4.585999999999999943e+01
-7.884900000000000091e+02 4.889999999999999858e+01 2.848000000000000043e+01
-7.885099999999999909e+02 1.385999999999999943e+01 4.657999999999999829e+01
-7.883400000000000318e+02 2.389999999999999858e+01 1.639999999999999858e+01
-7.885099999999999909e+02 4.840999999999999659e+01 4.096000000000000085e+01
-7.883600000000000136e+02 1.577999999999999936e+01 3.192000000000000171e+01
-7.878500000000000227e+02 1.596000000000000085e+01 2.182999999999999829e+01
-7.883600000000000136e+02 4.299999999999999822e+00 4.307000000000000028e+01
-7.881299999999999955e+02 2.846999999999999886e+01 8.169999999999999929e+00
-7.883200000000000500e+02 2.189999999999999858e+01 2.119000000000000128e+01
-7.881200000000000045e+02 3.300000000000000000e+01 4.019999999999999574e+00
-7.877999999999999545e+02 2.589999999999999858e+01 6.899999999999999467e-01
-7.879600000000000364e+02 2.694000000000000128e+01 3.879999999999999893e+00
-7.885800000000000409e+02 2.751999999999999957e+01 4.586999999999999744e+01
-7.882899999999999636e+02 7.799999999999999822e+00 4.099000000000000199e+01
-7.883500000000000227e+02 1.192999999999999972e+01 3.682000000000000028e+01
-7.880900000000000318e+02 2.428000000000000114e+01 1.288000000000000078e+01
-7.879600000000000364e+02 1.691000000000000014e+01 2.898000000000000043e+01
-7.884199999999999591e+02 6.800000000000000488e-01 4.825999999999999801e+01
-7.882999999999999545e+02 1.696000000000000085e+01 3.128000000000000114e+01
-7.884500000000000455e+02 1.100999999999999979e+01 4.611999999999999744e+01
-7.882999999999999545e+02 2.125000000000000000e+01 2.373999999999999844e+01
-7.877500000000000000e+02 1.692999999999999972e+01 1.721000000000000085e+01
-7.884600000000000364e+02 7.389999999999999680e+00 4.818999999999999773e+01
-7.877899999999999636e+02 2.714000000000000057e+01 2.700000000000000178e-01
-7.879299999999999500e+02 1.612999999999999901e+01 3.003999999999999915e+01
-7.885700000000000500e+02 3.353000000000000114e+01 4.539000000000000057e+01
-7.884500000000000455e+02 4.539000000000000057e+01 2.689000000000000057e+01
-7.877999999999999545e+02 1.177999999999999936e+01 3.375999999999999801e+01
-7.881000000000000227e+02 2.837000000000000099e+01 5.919999999999999929e+00
-7.880099999999999909e+02 1.901000000000000156e+01 1.128999999999999915e+01
-7.878600000000000136e+02 1.982999999999999829e+01 7.750000000000000000e+00
-7.882999999999999545e+02 2.612999999999999901e+01 1.106000000000000050e+01
-7.880700000000000500e+02 2.246999999999999886e+01 9.839999999999999858e+00
-7.884600000000000364e+02 2.873999999999999844e+01 4.057999999999999829e+01
-7.884600000000000364e+02 2.730000000000000071e+01 4.235999999999999943e+01
-7.880199999999999818e+02 3.042999999999999972e+01 3.140000000000000124e+00
-7.877300000000000182e+02 1.403999999999999915e+01 2.169999999999999929e+01
-7.880299999999999727e+02 1.744999999999999929e+01 1.363000000000000078e+01
-7.880099999999999909e+02 3.468999999999999773e+01 1.530000000000000027e+00
-7.879199999999999591e+02 2.071000000000000085e+01 6.969999999999999751e+00
-7.883799999999999955e+02 4.679999999999999716e+00 4.411999999999999744e+01
-7.878600000000000136e+02 2.489000000000000057e+01 4.080000000000000071e+00
-7.879900000000000091e+02 3.117000000000000171e+01 1.500000000000000000e+00
-7.882799999999999727e+02 2.955000000000000071e+01 7.139999999999999680e+00
-7.878400000000000318e+02 1.357000000000000028e+01 3.096999999999999886e+01
-7.883999999999999773e+02 3.689999999999999858e+01 2.612999999999999901e+01
-7.878099999999999454e+02 2.498000000000000043e+01 2.600000000000000089e+00
-7.880700000000000500e+02 2.076999999999999957e+01 1.565000000000000036e+01
-7.885599999999999454e+02 4.596999999999999886e+01 4.404999999999999716e+01
-7.885199999999999818e+02 1.660000000000000142e+01 4.792999999999999972e+01
-7.884800000000000182e+02 2.017999999999999972e+01 4.357999999999999829e+01
-7.883899999999999864e+02 1.484999999999999964e+01 4.182000000000000028e+01
-7.884199999999999591e+02 1.290000000000000036e+00 4.814000000000000057e+01
-7.883999999999999773e+02 1.061999999999999922e+01 4.353999999999999915e+01
-7.877699999999999818e+02 1.427999999999999936e+01 1.923999999999999844e+01
-7.884700000000000273e+02 3.321000000000000085e+01 4.015999999999999659e+01
-7.882799999999999727e+02 1.447000000000000064e+01 3.343999999999999773e+01
-7.880299999999999727e+02 1.732000000000000028e+01 1.401999999999999957e+01
-7.885499999999999545e+02 4.600999999999999801e+01 4.402000000000000313e+01
-7.879400000000000546e+02 1.646999999999999886e+01 2.739999999999999858e+01
-7.880599999999999454e+02 3.167999999999999972e+01 3.759999999999999787e+00
-7.884400000000000546e+02 4.472999999999999687e+01 2.910000000000000142e+01
-7.877999999999999545e+02 1.246000000000000085e+01 3.363000000000000256e+01
-7.884900000000000091e+02 1.015000000000000036e+01 4.768999999999999773e+01
-7.883099999999999454e+02 1.980999999999999872e+01 2.926000000000000156e+01
-7.878500000000000227e+02 1.939000000000000057e+01 8.160000000000000142e+00
-7.885299999999999727e+02 1.669999999999999929e+01 4.725999999999999801e+01
-7.880599999999999454e+02 3.578999999999999915e+01 1.800000000000000044e+00
-7.879800000000000182e+02 2.342000000000000171e+01 7.230000000000000426e+00
-7.879700000000000273e+02 3.025000000000000000e+01 2.549999999999999822e+00
-7.877500000000000000e+02 1.446000000000000085e+01 1.900000000000000000e+01
-7.885599999999999454e+02 2.210999999999999943e+01 4.717999999999999972e+01
-7.878799999999999955e+02 2.550000000000000000e+01 1.699999999999999956e+00
-7.882799999999999727e+02 2.950000000000000000e+01 7.219999999999999751e+00
-7.880299999999999727e+02 1.812999999999999901e+01 1.305000000000000071e+01
-7.880800000000000409e+02 2.551999999999999957e+01 8.039999999999999147e+00
-7.879099999999999682e+02 3.211999999999999744e+01 5.999999999999999778e-02
-7.884199999999999591e+02 3.981000000000000227e+01 2.630999999999999872e+01
-7.881000000000000227e+02 2.489999999999999858e+01 1.018999999999999950e+01
-7.883899999999999864e+02 1.586999999999999922e+01 3.939000000000000057e+01
-7.883999999999999773e+02 4.809999999999999609e+00 4.493999999999999773e+01
-7.884099999999999682e+02 3.650000000000000000e+01 3.253000000000000114e+01
-7.877000000000000455e+02 2.441000000000000014e+01 3.589999999999999858e+00
-7.883099999999999454e+02 2.589999999999999858e+01 1.133999999999999986e+01
-7.885599999999999454e+02 2.450000000000000000e+01 4.653000000000000114e+01
-7.881000000000000227e+02 2.282999999999999829e+01 1.472000000000000064e+01
-7.877500000000000000e+02 1.509999999999999964e+01 1.785000000000000142e+01
-7.882999999999999545e+02 2.628999999999999915e+01 1.090000000000000036e+01
-7.878099999999999454e+02 2.532999999999999829e+01 2.419999999999999929e+00
-7.880399999999999636e+02 1.746000000000000085e+01 1.576999999999999957e+01
-7.884199999999999591e+02 8.699999999999999956e-01 4.817999999999999972e+01
-7.885800000000000409e+02 4.456000000000000227e+01 4.549000000000000199e+01
-7.878799999999999955e+02 2.287999999999999901e+01 5.070000000000000284e+00
-7.884700000000000273e+02 5.067999999999999972e+01 2.601999999999999957e+01
-7.883099999999999454e+02 2.167999999999999972e+01 2.746000000000000085e+01
-7.884299999999999500e+02 2.850000000000000089e+00 4.825999999999999801e+01
-7.884199999999999591e+02 3.765999999999999659e+01 3.384000000000000341e+01
-7.878099999999999454e+02 1.399000000000000021e+01 2.255999999999999872e+01
-7.881100000000000136e+02 2.469000000000000128e+01 1.082000000000000028e+01
-7.884400000000000546e+02 1.653000000000000114e+01 4.563000000000000256e+01
-7.878999999999999773e+02 2.717000000000000171e+01 1.600000000000000089e+00
-7.883899999999999864e+02 3.007999999999999829e+01 2.967999999999999972e+01
-7.878300000000000409e+02 1.375000000000000000e+01 2.855999999999999872e+01
-7.883600000000000136e+02 3.242999999999999972e+01 2.367000000000000171e+01
-7.885599999999999454e+02 2.014999999999999858e+01 4.752000000000000313e+01
-7.880900000000000318e+02 2.657999999999999829e+01 7.419999999999999929e+00
-7.880900000000000318e+02 2.205000000000000071e+01 1.541999999999999993e+01
-7.883700000000000045e+02 1.621999999999999886e+01 3.779999999999999716e+01
-7.880700000000000500e+02 2.287999999999999901e+01 9.400000000000000355e+00
