-7.877999999999999545e+02 2.589999999999999858e+01 6.899999999999999467e-01
-7.880900000000000318e+02 2.173999999999999844e+01 1.556000000000000050e+01
-7.883200000000000500e+02 2.048000000000000043e+01 2.814999999999999858e+01
-7.881200000000000045e+02 3.300000000000000000e+01 4.019999999999999574e+00
-7.883200000000000500e+02 2.189999999999999858e+01 2.119000000000000128e+01
-7.883999999999999773e+02 6.700000000000000400e-01 4.786999999999999744e+01
-7.885099999999999909e+02 4.840999999999999659e+01 4.096000000000000085e+01
-7.882899999999999636e+02 2.944000000000000128e+01 7.269999999999999574e+00
-7.883600000000000136e+02 1.577999999999999936e+01 3.192000000000000171e+01
-7.884900000000000091e+02 8.609999999999999432e+00 4.850000000000000000e+01
-7.883400000000000318e+02 2.389999999999999858e+01 1.639999999999999858e+01
-7.877200000000000273e+02 1.572000000000000064e+01 1.778000000000000114e+01
-7.881799999999999500e+02 3.603000000000000114e+01 1.300000000000000044e-01
-7.885700000000000500e+02 2.098000000000000043e+01 4.738000000000000256e+01
-7.880299999999999727e+02 1.701000000000000156e+01 1.484999999999999964e+01
-7.877300000000000182e+02 1.344999999999999929e+01 2.442999999999999972e+01
-7.877899999999999636e+02 1.266000000000000014e+01 2.882999999999999829e+01
-7.882899999999999636e+02 7.799999999999999822e+00 4.099000000000000199e+01
-7.880000000000000000e+02 1.912999999999999901e+01 1.100999999999999979e+01
-7.883099999999999454e+02 2.598999999999999844e+01 1.121000000000000085e+01
-7.878400000000000318e+02 1.978000000000000114e+01 7.790000000000000036e+00
-7.877500000000000000e+02 2.337000000000000099e+01 4.049999999999999822e+00
-7.877699999999999818e+02 1.071000000000000085e+01 3.660000000000000142e+01
-7.885099999999999909e+02 1.385999999999999943e+01 4.657999999999999829e+01
-7.886000000000000227e+02 3.889999999999999858e+01 4.585999999999999943e+01
-7.879600000000000364e+02 2.694000000000000128e+01 3.879999999999999893e+00
-7.880900000000000318e+02 2.428000000000000114e+01 1.288000000000000078e+01
-7.878999999999999773e+02 3.210999999999999943e+01 0.000000000000000000e+00
-7.881299999999999955e+02 2.846999999999999886e+01 8.169999999999999929e+00
-7.883600000000000136e+02 4.299999999999999822e+00 4.307000000000000028e+01
-7.884900000000000091e+02 4.889999999999999858e+01 2.848000000000000043e+01
-7.878500000000000227e+02 1.596000000000000085e+01 2.182999999999999829e+01
-7.885800000000000409e+02 2.751999999999999957e+01 4.586999999999999744e+01
-7.879700000000000273e+02 2.255999999999999872e+01 7.589999999999999858e+00
-7.879600000000000364e+02 1.691000000000000014e+01 2.898000000000000043e+01
-7.883500000000000227e+02 1.192999999999999972e+01 3.682000000000000028e+01
-7.880599999999999454e+02 3.167999999999999972e+01 3.759999999999999787e+00
-7.883500000000000227e+02 1.191999999999999993e+01 3.690999999999999659e+01
-7.886100000000000136e+02 3.703999999999999915e+01 4.639999999999999858e+01
-7.884500000000000455e+02 1.100999999999999979e+01 4.611999999999999744e+01
-7.880599999999999454e+02 2.239000000000000057e+01 1.084999999999999964e+01
-7.884600000000000364e+02 1.325999999999999979e+01 4.689000000000000057e+01
-7.884900000000000091e+02 1.015000000000000036e+01 4.768999999999999773e+01
-7.884199999999999591e+02 3.507999999999999829e+01 3.250999999999999801e+01
-7.883600000000000136e+02 2.879999999999999893e+00 4.422999999999999687e+01
-7.879299999999999500e+02 1.612999999999999901e+01 3.003999999999999915e+01
-7.880700000000000500e+02 2.089999999999999858e+01 1.541999999999999993e+01
-7.885599999999999454e+02 4.596999999999999886e+01 4.404999999999999716e+01
-7.882999999999999545e+02 2.621000000000000085e+01 1.098000000000000043e+01
-7.882799999999999727e+02 2.950000000000000000e+01 7.219999999999999751e+00
-7.880099999999999909e+02 2.403000000000000114e+01 7.790000000000000036e+00
-7.879900000000000091e+02 3.117000000000000171e+01 1.500000000000000000e+00
-7.878099999999999454e+02 2.498000000000000043e+01 2.600000000000000089e+00
-7.884099999999999682e+02 3.875000000000000000e+01 2.708999999999999986e+01
-7.883400000000000318e+02 2.225000000000000000e+01 2.767000000000000171e+01
-7.880399999999999636e+02 1.805999999999999872e+01 1.501999999999999957e+01
-7.880900000000000318e+02 2.908999999999999986e+01 6.759999999999999787e+00
-7.883999999999999773e+02 5.035000000000000142e+01 2.601000000000000156e+01
-7.879500000000000455e+02 2.583999999999999986e+01 4.750000000000000000e+00
-7.877300000000000182e+02 1.403999999999999915e+01 2.169999999999999929e+01
-7.884199999999999591e+02 1.290000000000000036e+00 4.814000000000000057e+01
-7.883099999999999454e+02 1.917000000000000171e+01 3.171000000000000085e+01
-7.885399999999999636e+02 2.273000000000000043e+01 4.647999999999999687e+01
-7.884600000000000364e+02 2.730000000000000071e+01 4.235999999999999943e+01
-7.878799999999999955e+02 2.610000000000000142e+01 1.179999999999999938e+00
-7.877500000000000000e+02 1.509999999999999964e+01 1.785000000000000142e+01
-7.879900000000000091e+02 1.826999999999999957e+01 1.200000000000000000e+01
-7.880900000000000318e+02 4.310999999999999943e+01 0.000000000000000000e+00
-7.878099999999999454e+02 1.276999999999999957e+01 2.660000000000000142e+01
-7.877999999999999545e+02 1.177999999999999936e+01 3.375999999999999801e+01
-7.878600000000000136e+02 1.982999999999999829e+01 7.750000000000000000e+00
-7.883999999999999773e+02 3.689999999999999858e+01 2.612999999999999901e+01
-7.880900000000000318e+02 2.657999999999999829e+01 7.419999999999999929e+00
-7.878099999999999454e+02 1.399000000000000021e+01 2.255999999999999872e+01
-7.883799999999999955e+02 1.492999999999999972e+01 3.977000000000000313e+01
-7.880299999999999727e+02 1.766000000000000014e+01 1.356000000000000050e+01
-7.877699999999999818e+02 1.175000000000000000e+01 3.375000000000000000e+01
-7.880199999999999818e+02 2.882999999999999829e+01 4.410000000000000142e+00
-7.879099999999999682e+02 3.211999999999999744e+01 5.999999999999999778e-02
-7.883799999999999955e+02 4.679999999999999716e+00 4.411999999999999744e+01
-7.883099999999999454e+02 2.589999999999999858e+01 1.133999999999999986e+01
-7.885700000000000500e+02 3.353000000000000114e+01 4.539000000000000057e+01
-7.882799999999999727e+02 2.953999999999999915e+01 7.169999999999999929e+00
-7.885299999999999727e+02 1.669999999999999929e+01 4.725999999999999801e+01
-7.877400000000000091e+02 1.477999999999999936e+01 1.810999999999999943e+01
-7.884099999999999682e+02 1.250000000000000000e+00 4.785000000000000142e+01
-7.879400000000000546e+02 1.646999999999999886e+01 2.739999999999999858e+01
-7.883400000000000318e+02 1.414000000000000057e+01 3.378000000000000114e+01
-7.880599999999999454e+02 3.578999999999999915e+01 1.800000000000000044e+00
-7.877000000000000455e+02 2.441000000000000014e+01 3.589999999999999858e+00
-7.884700000000000273e+02 5.067999999999999972e+01 2.601999999999999957e+01
-7.880000000000000000e+02 2.128000000000000114e+01 9.970000000000000639e+00
-7.885199999999999818e+02 2.230000000000000071e+01 4.481000000000000227e+01
-7.879400000000000546e+02 2.232000000000000028e+01 7.959999999999999964e+00
-7.883099999999999454e+02 1.980999999999999872e+01 2.926000000000000156e+01
-7.883799999999999955e+02 7.389999999999999680e+00 4.339000000000000057e+01
-7.881000000000000227e+02 2.471999999999999886e+01 9.529999999999999361e+00
-7.880900000000000318e+02 2.269999999999999929e+01 1.494999999999999929e+01
-7.880199999999999818e+02 3.042999999999999972e+01 3.140000000000000124e+00
-7.884600000000000364e+02 7.389999999999999680e+00 4.818999999999999773e+01
-7.883899999999999864e+02 3.007999999999999829e+01 2.967999999999999972e+01
-7.878500000000000227e+02 1.939000000000000057e+01 8.160000000000000142e+00
-7.877999999999999545e+02 2.492999999999999972e+01 2.229999999999999982e+00
-7.885000000000000000e+02 2.717000000000000171e+01 4.282000000000000028e+01
-7.878099999999999454e+02 1.269999999999999929e+01 3.214000000000000057e+01
-7.885800000000000409e+02 2.548999999999999844e+01 4.704999999999999716e+01
-7.885700000000000500e+02 3.699000000000000199e+01 4.407000000000000028e+01
-7.878999999999999773e+02 3.105000000000000071e+01 1.469999999999999973e+00
-7.881100000000000136e+02 2.469000000000000128e+01 1.082000000000000028e+01
-7.877999999999999545e+02 1.246000000000000085e+01 3.363000000000000256e+01
-7.883200000000000500e+02 1.450999999999999979e+01 3.218999999999999773e+01
-7.880199999999999818e+02 2.391000000000000014e+01 8.039999999999999147e+00
-7.884199999999999591e+02 3.985000000000000142e+01 2.630000000000000071e+01
-7.882799999999999727e+02 2.955000000000000071e+01 7.139999999999999680e+00
-7.880299999999999727e+02 3.085000000000000142e+01 2.399999999999999911e+00
-7.877999999999999545e+02 2.312000000000000099e+01 4.339999999999999858e+00
-7.885499999999999545e+02 2.075000000000000000e+01 4.689000000000000057e+01
-7.881299999999999955e+02 2.771999999999999886e+01 1.039000000000000057e+01
-7.884299999999999500e+02 4.771999999999999886e+01 2.619999999999999929e+01
-7.884900000000000091e+02 1.246000000000000085e+01 4.756000000000000227e+01
-7.883600000000000136e+02 1.183999999999999986e+01 3.753999999999999915e+01
-7.883799999999999955e+02 2.194999999999999929e+01 3.439999999999999858e+01
-7.878200000000000500e+02 1.425999999999999979e+01 2.310000000000000142e+01
-7.877500000000000000e+02 1.692999999999999972e+01 1.721000000000000085e+01
-7.883999999999999773e+02 1.061999999999999922e+01 4.353999999999999915e+01
-7.878600000000000136e+02 1.958999999999999986e+01 9.609999999999999432e+00
-7.884199999999999591e+02 6.800000000000000488e-01 4.825999999999999801e+01
-7.880599999999999454e+02 1.898000000000000043e+01 1.384999999999999964e+01
