-7.878500000000000227e+02 1.596000000000000085e+01 2.182999999999999829e+01
-7.883999999999999773e+02 6.600000000000000311e-01 4.788000000000000256e+01
-7.884900000000000091e+02 8.609999999999999432e+00 4.850000000000000000e+01
-7.884900000000000091e+02 4.889999999999999858e+01 2.848000000000000043e+01
-7.880000000000000000e+02 1.912999999999999901e+01 1.100999999999999979e+01
-7.877699999999999818e+02 1.175000000000000000e+01 3.375000000000000000e+01
-7.878400000000000318e+02 1.978000000000000114e+01 7.790000000000000036e+00
-7.878500000000000227e+02 1.247000000000000064e+01 3.407000000000000028e+01
-7.881200000000000045e+02 3.300000000000000000e+01 4.019999999999999574e+00
-7.883099999999999454e+02 2.598999999999999844e+01 1.121000000000000085e+01
-7.883600000000000136e+02 8.009999999999999787e+00 4.246999999999999886e+01
-7.881100000000000136e+02 3.600000000000000000e+01 1.499999999999999944e-01
-7.879700000000000273e+02 2.255999999999999872e+01 7.589999999999999858e+00
-7.882899999999999636e+02 2.944000000000000128e+01 7.269999999999999574e+00
-7.885099999999999909e+02 4.840999999999999659e+01 4.096000000000000085e+01
-7.881299999999999955e+02 2.846999999999999886e+01 8.169999999999999929e+00
-7.878999999999999773e+02 3.210999999999999943e+01 0.000000000000000000e+00
-7.883500000000000227e+02 1.192999999999999972e+01 3.682000000000000028e+01
-7.883600000000000136e+02 1.577999999999999936e+01 3.192000000000000171e+01
-7.880900000000000318e+02 2.157000000000000028e+01 1.569999999999999929e+01
-7.877500000000000000e+02 2.337000000000000099e+01 4.049999999999999822e+00
-7.883200000000000500e+02 2.048000000000000043e+01 2.814999999999999858e+01
-7.880299999999999727e+02 1.701000000000000156e+01 1.484999999999999964e+01
-7.879600000000000364e+02 1.691000000000000014e+01 2.898000000000000043e+01
-7.877899999999999636e+02 1.266000000000000014e+01 2.882999999999999829e+01
-7.885700000000000500e+02 2.098000000000000043e+01 4.738000000000000256e+01
-7.877100000000000364e+02 1.301999999999999957e+01 2.458999999999999986e+01
-7.879600000000000364e+02 2.694000000000000128e+01 3.879999999999999893e+00
-7.883600000000000136e+02 4.299999999999999822e+00 4.307000000000000028e+01
-7.883200000000000500e+02 2.171999999999999886e+01 2.026999999999999957e+01
-7.885099999999999909e+02 1.385999999999999943e+01 4.657999999999999829e+01
-7.886000000000000227e+02 3.868999999999999773e+01 4.553000000000000114e+01
-7.885900000000000318e+02 2.889999999999999858e+01 4.672999999999999687e+01
-7.883400000000000318e+02 2.389999999999999858e+01 1.639999999999999858e+01
-7.881100000000000136e+02 2.539999999999999858e+01 1.315000000000000036e+01
-7.877999999999999545e+02 2.589999999999999858e+01 6.899999999999999467e-01
-7.877200000000000273e+02 1.572000000000000064e+01 1.778000000000000114e+01
-7.879099999999999682e+02 3.211999999999999744e+01 5.999999999999999778e-02
-7.884199999999999591e+02 9.210000000000000853e+00 4.400000000000000000e+01
-7.883899999999999864e+02 2.050000000000000000e+01 3.317999999999999972e+01
-7.877300000000000182e+02 1.344999999999999929e+01 2.442999999999999972e+01
-7.880900000000000318e+02 2.269999999999999929e+01 1.494999999999999929e+01
-7.885000000000000000e+02 4.660999999999999943e+01 4.153000000000000114e+01
-7.879299999999999500e+02 1.612999999999999901e+01 3.003999999999999915e+01
-7.880900000000000318e+02 3.150000000000000000e+01 7.000000000000000000e+00
-7.877400000000000091e+02 3.160999999999999943e+01 0.000000000000000000e+00
-7.882799999999999727e+02 2.955000000000000071e+01 7.139999999999999680e+00
-7.878600000000000136e+02 1.460999999999999943e+01 2.733999999999999986e+01
-7.883600000000000136e+02 1.183999999999999986e+01 3.753999999999999915e+01
-7.881299999999999955e+02 3.515999999999999659e+01 5.580000000000000071e+00
-7.884099999999999682e+02 7.199999999999999734e-01 4.779999999999999716e+01
-7.882999999999999545e+02 2.319000000000000128e+01 1.453999999999999915e+01
-7.884700000000000273e+02 5.067999999999999972e+01 2.601999999999999957e+01
-7.878500000000000227e+02 2.328999999999999915e+01 5.480000000000000426e+00
-7.878400000000000318e+02 1.994999999999999929e+01 7.639999999999999680e+00
-7.884600000000000364e+02 7.389999999999999680e+00 4.818999999999999773e+01
-7.883700000000000045e+02 2.914999999999999858e+01 2.823000000000000043e+01
-7.880900000000000318e+02 2.428000000000000114e+01 1.288000000000000078e+01
-7.883099999999999454e+02 2.589999999999999858e+01 1.133999999999999986e+01
-7.885099999999999909e+02 2.001999999999999957e+01 4.496999999999999886e+01
-7.885700000000000500e+02 2.998000000000000043e+01 4.599000000000000199e+01
-7.885800000000000409e+02 3.560999999999999943e+01 4.550000000000000000e+01
-7.877500000000000000e+02 1.692000000000000171e+01 1.733999999999999986e+01
-7.879900000000000091e+02 1.732999999999999829e+01 1.251999999999999957e+01
-7.878400000000000318e+02 2.169999999999999929e+01 6.910000000000000142e+00
-7.880299999999999727e+02 2.721999999999999886e+01 4.480000000000000426e+00
-7.884800000000000182e+02 1.284999999999999964e+01 4.665999999999999659e+01
-7.884900000000000091e+02 2.196999999999999886e+01 4.302000000000000313e+01
-7.877300000000000182e+02 1.403999999999999915e+01 2.169999999999999929e+01
-7.883999999999999773e+02 2.990000000000000213e+00 4.461999999999999744e+01
-7.880399999999999636e+02 1.783999999999999986e+01 1.499000000000000021e+01
-7.877999999999999545e+02 1.177999999999999936e+01 3.375999999999999801e+01
-7.881699999999999591e+02 4.061999999999999744e+01 1.149999999999999911e+00
-7.885399999999999636e+02 4.515999999999999659e+01 4.289999999999999858e+01
-7.877599999999999909e+02 1.550999999999999979e+01 1.830999999999999872e+01
-7.884400000000000546e+02 1.712999999999999901e+01 4.406000000000000227e+01
-7.880299999999999727e+02 1.766000000000000014e+01 1.356000000000000050e+01
-7.880800000000000409e+02 2.176000000000000156e+01 1.550999999999999979e+01
-7.880099999999999909e+02 3.295000000000000284e+01 1.590000000000000080e+00
-7.880900000000000318e+02 4.310999999999999943e+01 0.000000000000000000e+00
-7.885499999999999545e+02 3.121000000000000085e+01 4.485999999999999943e+01
-7.882999999999999545e+02 2.621000000000000085e+01 1.098000000000000043e+01
-7.878600000000000136e+02 1.982999999999999829e+01 7.750000000000000000e+00
-7.880800000000000409e+02 2.405000000000000071e+01 9.220000000000000639e+00
-7.885800000000000409e+02 4.010000000000000142e+01 4.496999999999999886e+01
-7.883700000000000045e+02 1.785000000000000142e+01 3.385000000000000142e+01
-7.878700000000000045e+02 2.578999999999999915e+01 1.149999999999999911e+00
-7.880599999999999454e+02 2.725000000000000000e+01 5.969999999999999751e+00
-7.883899999999999864e+02 2.982000000000000028e+01 2.841000000000000014e+01
-7.884900000000000091e+02 4.900999999999999801e+01 2.823999999999999844e+01
-7.882799999999999727e+02 2.953999999999999915e+01 7.169999999999999929e+00
-7.884099999999999682e+02 1.149999999999999911e+00 4.759000000000000341e+01
-7.877999999999999545e+02 2.312000000000000099e+01 4.339999999999999858e+00
-7.880299999999999727e+02 2.085000000000000142e+01 1.172000000000000064e+01
-7.881900000000000546e+02 1.726999999999999957e+01 3.075000000000000000e+01
-7.880700000000000500e+02 2.939000000000000057e+01 4.589999999999999858e+00
-7.883099999999999454e+02 1.980999999999999872e+01 2.926000000000000156e+01
-7.882899999999999636e+02 8.050000000000000711e+00 3.907000000000000028e+01
-7.879299999999999500e+02 2.408999999999999986e+01 4.900000000000000355e+00
-7.884199999999999591e+02 1.758999999999999986e+01 4.278999999999999915e+01
-7.880599999999999454e+02 2.239000000000000057e+01 1.084999999999999964e+01
-7.878200000000000500e+02 1.425999999999999979e+01 2.310000000000000142e+01
-7.883799999999999955e+02 4.679999999999999716e+00 4.411999999999999744e+01
-7.877500000000000000e+02 1.319999999999999929e+01 2.471000000000000085e+01
-7.884800000000000182e+02 1.221000000000000085e+01 4.715999999999999659e+01
-7.884099999999999682e+02 3.970000000000000284e+01 2.614999999999999858e+01
-7.884900000000000091e+02 1.015000000000000036e+01 4.768999999999999773e+01
-7.879400000000000546e+02 1.646999999999999886e+01 2.739999999999999858e+01
-7.877500000000000000e+02 1.692999999999999972e+01 1.721000000000000085e+01
-7.885599999999999454e+02 4.596999999999999886e+01 4.404999999999999716e+01
-7.880599999999999454e+02 2.657000000000000028e+01 8.480000000000000426e+00
-7.878099999999999454e+02 1.276999999999999957e+01 2.660000000000000142e+01
-7.884500000000000455e+02 3.788000000000000256e+01 3.952000000000000313e+01
-7.885599999999999454e+02 2.244999999999999929e+01 4.697999999999999687e+01
-7.880700000000000500e+02 2.198999999999999844e+01 1.297000000000000064e+01
-7.878099999999999454e+02 2.498000000000000043e+01 2.600000000000000089e+00
-7.885800000000000409e+02 2.805000000000000071e+01 4.657999999999999829e+01
-7.880299999999999727e+02 1.776999999999999957e+01 1.331000000000000050e+01
-7.883200000000000500e+02 1.905999999999999872e+01 3.017000000000000171e+01
-7.882799999999999727e+02 2.948999999999999844e+01 7.240000000000000213e+00
-7.878500000000000227e+02 1.939000000000000057e+01 8.160000000000000142e+00
-7.883899999999999864e+02 3.878000000000000114e+01 2.601000000000000156e+01
-7.883200000000000500e+02 5.209999999999999964e+00 4.113000000000000256e+01
-7.880000000000000000e+02 2.128000000000000114e+01 9.970000000000000639e+00
-7.884800000000000182e+02 8.289999999999999147e+00 4.813000000000000256e+01
-7.884199999999999591e+02 3.507999999999999829e+01 3.250999999999999801e+01
-7.883500000000000227e+02 1.637999999999999901e+01 3.094999999999999929e+01
-7.885299999999999727e+02 1.660999999999999943e+01 4.721000000000000085e+01
