-7.878500000000000227e+02 1.596000000000000085e+01 2.182999999999999829e+01
-7.883099999999999454e+02 2.598999999999999844e+01 1.121000000000000085e+01
-7.885099999999999909e+02 4.840999999999999659e+01 4.096000000000000085e+01
-7.881100000000000136e+02 2.539999999999999858e+01 1.315000000000000036e+01
-7.880000000000000000e+02 1.910999999999999943e+01 1.101999999999999957e+01
-7.881100000000000136e+02 9.400000000000000355e+00 3.829999999999999716e+01
-7.883500000000000227e+02 1.192999999999999972e+01 3.682000000000000028e+01
-7.881200000000000045e+02 3.299000000000000199e+01 4.030000000000000249e+00
-7.879700000000000273e+02 2.255999999999999872e+01 7.589999999999999858e+00
-7.879600000000000364e+02 2.694000000000000128e+01 3.879999999999999893e+00
-7.883600000000000136e+02 4.299999999999999822e+00 4.307000000000000028e+01
-7.883600000000000136e+02 1.577999999999999936e+01 3.192000000000000171e+01
-7.885099999999999909e+02 1.382000000000000028e+01 4.749000000000000199e+01
-7.881200000000000045e+02 1.488000000000000078e+01 3.350999999999999801e+01
-7.886000000000000227e+02 3.868999999999999773e+01 4.553000000000000114e+01
-7.877500000000000000e+02 2.332999999999999829e+01 3.979999999999999982e+00
-7.880900000000000318e+02 2.157000000000000028e+01 1.569999999999999929e+01
-7.883700000000000045e+02 8.570000000000000284e+00 4.304999999999999716e+01
-7.885700000000000500e+02 2.098000000000000043e+01 4.738000000000000256e+01
-7.882899999999999636e+02 2.944000000000000128e+01 7.269999999999999574e+00
-7.883200000000000500e+02 2.048000000000000043e+01 2.814999999999999858e+01
-7.886000000000000227e+02 2.891000000000000014e+01 4.685999999999999943e+01
-7.881299999999999955e+02 2.846999999999999886e+01 8.169999999999999929e+00
-7.878200000000000500e+02 1.017999999999999972e+01 3.532999999999999829e+01
-7.878999999999999773e+02 3.210999999999999943e+01 0.000000000000000000e+00
-7.877200000000000273e+02 1.572000000000000064e+01 1.778000000000000114e+01
-7.877899999999999636e+02 1.266000000000000014e+01 2.882999999999999829e+01
-7.883200000000000500e+02 2.171999999999999886e+01 2.026999999999999957e+01
-7.877100000000000364e+02 1.301999999999999957e+01 2.458999999999999986e+01
-7.884900000000000091e+02 4.889999999999999858e+01 2.848000000000000043e+01
-7.880299999999999727e+02 1.701000000000000156e+01 1.484999999999999964e+01
-7.877999999999999545e+02 2.589999999999999858e+01 6.899999999999999467e-01
-7.884900000000000091e+02 8.609999999999999432e+00 4.850000000000000000e+01
-7.878400000000000318e+02 1.978000000000000114e+01 7.790000000000000036e+00
-7.880599999999999454e+02 4.170000000000000284e+01 0.000000000000000000e+00
-7.883999999999999773e+02 6.600000000000000311e-01 4.788000000000000256e+01
-7.879600000000000364e+02 1.691000000000000014e+01 2.898000000000000043e+01
-7.883400000000000318e+02 2.389999999999999858e+01 1.639999999999999858e+01
-7.881100000000000136e+02 2.832000000000000028e+01 7.809999999999999609e+00
-7.884700000000000273e+02 4.972999999999999687e+01 2.605000000000000071e+01
-7.878300000000000409e+02 1.339000000000000057e+01 2.821000000000000085e+01
-7.878700000000000045e+02 2.578999999999999915e+01 1.149999999999999911e+00
-7.880900000000000318e+02 2.226999999999999957e+01 1.478999999999999915e+01
-7.883200000000000500e+02 2.182999999999999829e+01 2.017999999999999972e+01
-7.880700000000000500e+02 2.169999999999999929e+01 1.056000000000000050e+01
-7.884400000000000546e+02 2.491000000000000014e+01 4.038000000000000256e+01
-7.882899999999999636e+02 2.376999999999999957e+01 1.386999999999999922e+01
-7.877300000000000182e+02 1.344999999999999929e+01 2.442999999999999972e+01
-7.880299999999999727e+02 2.217000000000000171e+01 9.109999999999999432e+00
-7.878099999999999454e+02 2.498000000000000043e+01 2.600000000000000089e+00
-7.883799999999999955e+02 2.496999999999999886e+01 3.035999999999999943e+01
-7.884500000000000455e+02 1.946000000000000085e+01 4.232999999999999829e+01
-7.879299999999999500e+02 1.612999999999999901e+01 3.003999999999999915e+01
-7.881200000000000045e+02 3.300000000000000000e+01 4.019999999999999574e+00
-7.878400000000000318e+02 1.488000000000000078e+01 2.226999999999999957e+01
-7.884099999999999682e+02 7.199999999999999734e-01 4.779999999999999716e+01
-7.883099999999999454e+02 1.014000000000000057e+01 3.850000000000000000e+01
-7.880800000000000409e+02 4.203000000000000114e+01 0.000000000000000000e+00
-7.882799999999999727e+02 2.953000000000000114e+01 7.169999999999999929e+00
-7.884800000000000182e+02 1.293999999999999950e+01 4.657000000000000028e+01
-7.883500000000000227e+02 1.637999999999999901e+01 3.094999999999999929e+01
-7.878400000000000318e+02 1.994999999999999929e+01 7.639999999999999680e+00
-7.877699999999999818e+02 1.544999999999999929e+01 1.862999999999999901e+01
-7.880199999999999818e+02 1.719000000000000128e+01 1.453999999999999915e+01
-7.883500000000000227e+02 6.269999999999999574e+00 4.215999999999999659e+01
-7.879099999999999682e+02 3.042999999999999972e+01 1.790000000000000036e+00
-7.883200000000000500e+02 1.086999999999999922e+01 3.524000000000000199e+01
-7.884800000000000182e+02 8.289999999999999147e+00 4.813000000000000256e+01
-7.879900000000000091e+02 2.644000000000000128e+01 4.669999999999999929e+00
-7.878500000000000227e+02 1.247000000000000064e+01 3.407000000000000028e+01
-7.884800000000000182e+02 4.849000000000000199e+01 4.027000000000000313e+01
-7.879800000000000182e+02 1.953999999999999915e+01 1.036999999999999922e+01
-7.882999999999999545e+02 2.619000000000000128e+01 1.100999999999999979e+01
-7.884500000000000455e+02 3.788000000000000256e+01 3.952000000000000313e+01
-7.877699999999999818e+02 1.175000000000000000e+01 3.375000000000000000e+01
-7.885099999999999909e+02 1.385999999999999943e+01 4.657999999999999829e+01
-7.883799999999999955e+02 4.679999999999999716e+00 4.411999999999999744e+01
-7.877999999999999545e+02 1.177999999999999936e+01 3.375999999999999801e+01
-7.883500000000000227e+02 1.680999999999999872e+01 3.089999999999999858e+01
-7.878899999999999864e+02 2.423999999999999844e+01 4.549999999999999822e+00
-7.881900000000000546e+02 1.726999999999999957e+01 3.075000000000000000e+01
-7.878500000000000227e+02 1.939000000000000057e+01 8.160000000000000142e+00
-7.884900000000000091e+02 9.369999999999999218e+00 4.835000000000000142e+01
-7.883899999999999864e+02 2.982000000000000028e+01 2.841000000000000014e+01
-7.878300000000000409e+02 1.476999999999999957e+01 2.335000000000000142e+01
-7.882999999999999545e+02 2.612000000000000099e+01 1.108999999999999986e+01
-7.880599999999999454e+02 3.005000000000000071e+01 3.770000000000000018e+00
-7.884800000000000182e+02 2.671999999999999886e+01 4.242000000000000171e+01
-7.880000000000000000e+02 1.912999999999999901e+01 1.100999999999999979e+01
-7.883799999999999955e+02 8.589999999999999858e+00 4.314000000000000057e+01
-7.878600000000000136e+02 1.460999999999999943e+01 2.733999999999999986e+01
-7.885099999999999909e+02 3.187999999999999901e+01 4.352000000000000313e+01
-7.877999999999999545e+02 2.312000000000000099e+01 4.339999999999999858e+00
-7.881100000000000136e+02 3.062000000000000099e+01 6.500000000000000000e+00
-7.884800000000000182e+02 4.867000000000000171e+01 2.932000000000000028e+01
-7.884800000000000182e+02 1.742999999999999972e+01 4.503999999999999915e+01
-7.877500000000000000e+02 1.692000000000000171e+01 1.733999999999999986e+01
-7.880800000000000409e+02 2.405000000000000071e+01 9.220000000000000639e+00
-7.880800000000000409e+02 2.107999999999999829e+01 1.558000000000000007e+01
-7.884099999999999682e+02 1.149999999999999911e+00 4.759000000000000341e+01
-7.882799999999999727e+02 2.951999999999999957e+01 7.219999999999999751e+00
-7.883300000000000409e+02 2.242999999999999972e+01 1.543999999999999950e+01
-7.880299999999999727e+02 1.766000000000000014e+01 1.356000000000000050e+01
-7.877400000000000091e+02 3.160999999999999943e+01 0.000000000000000000e+00
-7.883899999999999864e+02 2.251999999999999957e+01 3.151999999999999957e+01
-7.884400000000000546e+02 1.261999999999999922e+01 4.382000000000000028e+01
-7.885599999999999454e+02 4.557999999999999829e+01 4.392000000000000171e+01
-7.881399999999999864e+02 4.110999999999999943e+01 1.229999999999999982e+00
-7.881100000000000136e+02 2.585999999999999943e+01 1.132000000000000028e+01
-7.877599999999999909e+02 3.198999999999999844e+01 0.000000000000000000e+00
-7.881000000000000227e+02 2.676000000000000156e+01 1.016000000000000014e+01
-7.880099999999999909e+02 3.295000000000000284e+01 1.590000000000000080e+00
-7.883200000000000500e+02 7.209999999999999964e+00 4.050000000000000000e+01
-7.877500000000000000e+02 2.341000000000000014e+01 3.859999999999999876e+00
-7.885299999999999727e+02 1.660999999999999943e+01 4.721000000000000085e+01
-7.885399999999999636e+02 3.302000000000000313e+01 4.357000000000000028e+01
-7.884800000000000182e+02 4.875999999999999801e+01 2.696000000000000085e+01
-7.884900000000000091e+02 1.025000000000000000e+01 4.817999999999999972e+01
-7.884900000000000091e+02 3.039999999999999858e+01 4.232999999999999829e+01
-7.883999999999999773e+02 1.591999999999999993e+01 4.260999999999999943e+01
-7.878099999999999454e+02 1.276999999999999957e+01 2.660000000000000142e+01
-7.880700000000000500e+02 2.337000000000000099e+01 9.250000000000000000e+00
-7.881100000000000136e+02 3.600000000000000000e+01 1.499999999999999944e-01
-7.881000000000000227e+02 2.989000000000000057e+01 5.459999999999999964e+00
-7.880800000000000409e+02 2.176000000000000156e+01 1.550999999999999979e+01
-7.879400000000000546e+02 1.641000000000000014e+01 2.717000000000000171e+01
-7.880099999999999909e+02 2.105999999999999872e+01 1.026999999999999957e+01
-7.885599999999999454e+02 2.244999999999999929e+01 4.697999999999999687e+01
