-7.877799999999999727e+02 2.282000000000000028e+01 3.850000000000000089e+00
-7.881200000000000045e+02 3.299000000000000199e+01 4.030000000000000249e+00
-7.877200000000000273e+02 1.572000000000000064e+01 1.778000000000000114e+01
-7.882899999999999636e+02 2.944000000000000128e+01 7.269999999999999574e+00
-7.886000000000000227e+02 3.868999999999999773e+01 4.553000000000000114e+01
-7.883600000000000136e+02 4.299999999999999822e+00 4.307000000000000028e+01
-7.877100000000000364e+02 1.301999999999999957e+01 2.458999999999999986e+01
-7.883200000000000500e+02 2.048000000000000043e+01 2.814999999999999858e+01
-7.881100000000000136e+02 9.400000000000000355e+00 3.829999999999999716e+01
-7.878200000000000500e+02 1.789000000000000057e+01 1.199000000000000021e+01
-7.879600000000000364e+02 1.691000000000000014e+01 2.898000000000000043e+01
-7.883999999999999773e+02 6.600000000000000311e-01 4.788000000000000256e+01
-7.883099999999999454e+02 2.598999999999999844e+01 1.121000000000000085e+01
-7.885700000000000500e+02 2.098000000000000043e+01 4.738000000000000256e+01
-7.880299999999999727e+02 1.701000000000000156e+01 1.484999999999999964e+01
-7.884900000000000091e+02 8.609999999999999432e+00 4.850000000000000000e+01
-7.881100000000000136e+02 2.539999999999999858e+01 1.315000000000000036e+01
-7.880599999999999454e+02 4.170000000000000284e+01 0.000000000000000000e+00
-7.881299999999999955e+02 2.846999999999999886e+01 8.169999999999999929e+00
-7.877699999999999818e+02 2.505000000000000071e+01 8.299999999999999600e-01
-7.880900000000000318e+02 2.157000000000000028e+01 1.569999999999999929e+01
-7.880000000000000000e+02 1.910999999999999943e+01 1.101999999999999957e+01
-7.878999999999999773e+02 3.210999999999999943e+01 0.000000000000000000e+00
-7.878500000000000227e+02 1.596000000000000085e+01 2.182999999999999829e+01
-7.878400000000000318e+02 1.978000000000000114e+01 7.790000000000000036e+00
-7.885099999999999909e+02 4.840999999999999659e+01 4.096000000000000085e+01
-7.884900000000000091e+02 4.889999999999999858e+01 2.848000000000000043e+01
-7.877899999999999636e+02 1.266000000000000014e+01 2.882999999999999829e+01
-7.881200000000000045e+02 1.488000000000000078e+01 3.350999999999999801e+01
-7.883400000000000318e+02 2.389999999999999858e+01 1.639999999999999858e+01
-7.883600000000000136e+02 1.577999999999999936e+01 3.192000000000000171e+01
-7.879600000000000364e+02 2.694000000000000128e+01 3.879999999999999893e+00
-7.879700000000000273e+02 2.255999999999999872e+01 7.589999999999999858e+00
-7.886000000000000227e+02 2.891000000000000014e+01 4.685999999999999943e+01
-7.883700000000000045e+02 7.740000000000000213e+00 4.071000000000000085e+01
-7.883200000000000500e+02 2.171999999999999886e+01 2.026999999999999957e+01
-7.878200000000000500e+02 1.017999999999999972e+01 3.532999999999999829e+01
-7.885099999999999909e+02 1.382000000000000028e+01 4.749000000000000199e+01
-7.883500000000000227e+02 1.192999999999999972e+01 3.682000000000000028e+01
-7.885700000000000500e+02 2.698999999999999844e+01 4.647999999999999687e+01
-7.884099999999999682e+02 3.753999999999999915e+01 3.472999999999999687e+01
-7.877699999999999818e+02 1.544999999999999929e+01 1.862999999999999901e+01
-7.878500000000000227e+02 1.247000000000000064e+01 3.407000000000000028e+01
-7.878200000000000500e+02 2.275000000000000000e+01 4.250000000000000000e+00
-7.885599999999999454e+02 2.037999999999999901e+01 4.749000000000000199e+01
-7.883300000000000409e+02 2.242999999999999972e+01 1.543999999999999950e+01
-7.878200000000000500e+02 2.450000000000000000e+01 1.689999999999999947e+00
-7.878700000000000045e+02 2.071999999999999886e+01 6.889999999999999680e+00
-7.884500000000000455e+02 3.788000000000000256e+01 3.952000000000000313e+01
-7.880900000000000318e+02 2.226999999999999957e+01 1.478999999999999915e+01
-7.881100000000000136e+02 7.790000000000000036e+00 3.982999999999999829e+01
-7.882799999999999727e+02 2.951999999999999957e+01 7.219999999999999751e+00
-7.877999999999999545e+02 1.177999999999999936e+01 3.375999999999999801e+01
-7.881200000000000045e+02 4.172999999999999687e+01 1.060000000000000053e+00
-7.879400000000000546e+02 1.641000000000000014e+01 2.717000000000000171e+01
-7.880199999999999818e+02 1.719000000000000128e+01 1.453999999999999915e+01
-7.880599999999999454e+02 3.582999999999999829e+01 2.459999999999999964e+00
-7.884800000000000182e+02 8.289999999999999147e+00 4.813000000000000256e+01
-7.884800000000000182e+02 1.293999999999999950e+01 4.657000000000000028e+01
-7.878799999999999955e+02 2.275000000000000000e+01 5.950000000000000178e+00
-7.880399999999999636e+02 1.975000000000000000e+01 1.188000000000000078e+01
-7.877999999999999545e+02 1.248000000000000043e+01 3.224000000000000199e+01
-7.883999999999999773e+02 1.030000000000000027e+00 4.745000000000000284e+01
-7.878400000000000318e+02 1.488000000000000078e+01 2.226999999999999957e+01
-7.882999999999999545e+02 2.612000000000000099e+01 1.108999999999999986e+01
-7.883799999999999955e+02 3.160000000000000142e+00 4.700999999999999801e+01
-7.880900000000000318e+02 2.396000000000000085e+01 1.100999999999999979e+01
-7.882699999999999818e+02 8.519999999999999574e+00 3.889000000000000057e+01
-7.880499999999999545e+02 2.707999999999999829e+01 7.099999999999999645e+00
-7.885599999999999454e+02 4.557999999999999829e+01 4.392000000000000171e+01
-7.883799999999999955e+02 2.026999999999999957e+01 3.428999999999999915e+01
-7.883799999999999955e+02 2.075000000000000000e+01 3.180000000000000071e+01
-7.883600000000000136e+02 1.044999999999999929e+01 3.818999999999999773e+01
-7.880099999999999909e+02 3.295000000000000284e+01 1.590000000000000080e+00
-7.884600000000000364e+02 4.970000000000000284e+01 2.617000000000000171e+01
-7.880299999999999727e+02 2.787999999999999901e+01 6.080000000000000071e+00
-7.877300000000000182e+02 1.344999999999999929e+01 2.442999999999999972e+01
-7.877999999999999545e+02 1.425000000000000000e+01 2.269000000000000128e+01
-7.885199999999999818e+02 2.771000000000000085e+01 4.324000000000000199e+01
-7.879400000000000546e+02 1.646000000000000085e+01 2.705000000000000071e+01
-7.880900000000000318e+02 2.342000000000000171e+01 1.371000000000000085e+01
-7.883899999999999864e+02 3.588000000000000256e+01 2.619999999999999929e+01
-7.884099999999999682e+02 7.199999999999999734e-01 4.779999999999999716e+01
-7.883799999999999955e+02 4.679999999999999716e+00 4.411999999999999744e+01
-7.885099999999999909e+02 1.385999999999999943e+01 4.657999999999999829e+01
-7.877500000000000000e+02 1.692000000000000171e+01 1.733999999999999986e+01
-7.882799999999999727e+02 2.953000000000000114e+01 7.169999999999999929e+00
-7.884299999999999500e+02 3.939999999999999858e+01 3.765999999999999659e+01
-7.883999999999999773e+02 1.007000000000000028e+01 4.297999999999999687e+01
-7.878899999999999864e+02 1.800000000000000000e+01 1.215000000000000036e+01
-7.880599999999999454e+02 3.003000000000000114e+01 3.770000000000000018e+00
-7.884500000000000455e+02 1.946000000000000085e+01 4.232999999999999829e+01
-7.882999999999999545e+02 2.619000000000000128e+01 1.100999999999999979e+01
-7.878400000000000318e+02 2.564000000000000057e+01 9.599999999999999645e-01
-7.877699999999999818e+02 1.175000000000000000e+01 3.375000000000000000e+01
-7.884700000000000273e+02 4.972999999999999687e+01 2.605000000000000071e+01
-7.880199999999999818e+02 2.385999999999999943e+01 7.320000000000000284e+00
-7.884800000000000182e+02 4.849000000000000199e+01 4.027000000000000313e+01
-7.883500000000000227e+02 1.637999999999999901e+01 3.094999999999999929e+01
-7.884900000000000091e+02 1.025000000000000000e+01 4.817999999999999972e+01
-7.880800000000000409e+02 2.112999999999999901e+01 1.557000000000000028e+01
-7.877599999999999909e+02 3.198999999999999844e+01 0.000000000000000000e+00
-7.880299999999999727e+02 1.766000000000000014e+01 1.356000000000000050e+01
-7.881399999999999864e+02 4.110999999999999943e+01 1.229999999999999982e+00
-7.885800000000000409e+02 3.886999999999999744e+01 4.521999999999999886e+01
-7.879099999999999682e+02 2.923999999999999844e+01 2.370000000000000107e+00
-7.878600000000000136e+02 1.448000000000000043e+01 2.767000000000000171e+01
-7.883700000000000045e+02 1.150999999999999979e+01 3.803000000000000114e+01
-7.881200000000000045e+02 2.787000000000000099e+01 1.023000000000000043e+01
-7.878400000000000318e+02 1.994999999999999929e+01 7.639999999999999680e+00
-7.877500000000000000e+02 2.253000000000000114e+01 4.530000000000000249e+00
-7.883200000000000500e+02 2.069999999999999929e+01 2.791000000000000014e+01
-7.883799999999999955e+02 1.303999999999999915e+01 4.131000000000000227e+01
-7.883500000000000227e+02 2.660000000000000142e+01 3.044999999999999929e+01
-7.882799999999999727e+02 1.817000000000000171e+01 3.032000000000000028e+01
-7.883799999999999955e+02 7.259999999999999787e+00 4.232999999999999829e+01
-7.884900000000000091e+02 9.369999999999999218e+00 4.835000000000000142e+01
-7.882000000000000455e+02 2.010000000000000142e+01 2.962999999999999901e+01
-7.885299999999999727e+02 1.796000000000000085e+01 4.717999999999999972e+01
-7.879099999999999682e+02 3.042999999999999972e+01 1.790000000000000036e+00
-7.883500000000000227e+02 6.269999999999999574e+00 4.215999999999999659e+01
-7.878500000000000227e+02 1.939000000000000057e+01 8.160000000000000142e+00
-7.881100000000000136e+02 2.585999999999999943e+01 1.132000000000000028e+01
-7.878200000000000500e+02 2.476999999999999957e+01 1.520000000000000018e+00
-7.878300000000000409e+02 1.476999999999999957e+01 2.335000000000000142e+01
-7.880000000000000000e+02 1.912999999999999901e+01 1.100999999999999979e+01
-7.884800000000000182e+02 4.875999999999999801e+01 2.696000000000000085e+01
-7.883999999999999773e+02 3.767999999999999972e+01 2.610999999999999943e+01
