-7.879700000000000273e+02 2.255999999999999872e+01 7.589999999999999858e+00
-7.880000000000000000e+02 1.910999999999999943e+01 1.101999999999999957e+01
-7.881200000000000045e+02 1.488000000000000078e+01 3.350999999999999801e+01
-7.878999999999999773e+02 3.210999999999999943e+01 0.000000000000000000e+00
-7.885700000000000500e+02 2.060999999999999943e+01 4.764000000000000057e+01
-7.881200000000000045e+02 3.299000000000000199e+01 4.030000000000000249e+00
-7.879600000000000364e+02 1.691000000000000014e+01 2.898000000000000043e+01
-7.878200000000000500e+02 1.017999999999999972e+01 3.532999999999999829e+01
-7.881299999999999955e+02 2.846999999999999886e+01 8.169999999999999929e+00
-7.881000000000000227e+02 3.982000000000000028e+01 0.000000000000000000e+00
-7.883999999999999773e+02 6.600000000000000311e-01 4.788000000000000256e+01
-7.884900000000000091e+02 8.869999999999999218e+00 4.849000000000000199e+01
-7.877899999999999636e+02 1.266000000000000014e+01 2.882999999999999829e+01
-7.878400000000000318e+02 1.978000000000000114e+01 7.790000000000000036e+00
-7.880299999999999727e+02 1.701000000000000156e+01 1.484999999999999964e+01
-7.883600000000000136e+02 4.299999999999999822e+00 4.307000000000000028e+01
-7.885099999999999909e+02 4.840999999999999659e+01 4.096000000000000085e+01
-7.883200000000000500e+02 2.048000000000000043e+01 2.814999999999999858e+01
-7.883500000000000227e+02 1.192999999999999972e+01 3.682000000000000028e+01
-7.882899999999999636e+02 2.944000000000000128e+01 7.269999999999999574e+00
-7.885199999999999818e+02 1.448000000000000043e+01 4.753999999999999915e+01
-7.883099999999999454e+02 2.598999999999999844e+01 1.121000000000000085e+01
-7.881200000000000045e+02 2.567000000000000171e+01 1.283999999999999986e+01
-7.878500000000000227e+02 1.596000000000000085e+01 2.182999999999999829e+01
-7.886000000000000227e+02 2.891000000000000014e+01 4.685999999999999943e+01
-7.877200000000000273e+02 1.572000000000000064e+01 1.778000000000000114e+01
-7.881200000000000045e+02 8.800000000000000711e+00 3.863000000000000256e+01
-7.886000000000000227e+02 3.868999999999999773e+01 4.553000000000000114e+01
-7.877100000000000364e+02 1.301999999999999957e+01 2.458999999999999986e+01
-7.877699999999999818e+02 2.505000000000000071e+01 8.299999999999999600e-01
-7.883700000000000045e+02 7.740000000000000213e+00 4.071000000000000085e+01
-7.878200000000000500e+02 1.789000000000000057e+01 1.199000000000000021e+01
-7.877799999999999727e+02 2.282000000000000028e+01 3.850000000000000089e+00
-7.883200000000000500e+02 2.171999999999999886e+01 2.026999999999999957e+01
-7.879600000000000364e+02 2.694000000000000128e+01 3.879999999999999893e+00
-7.883600000000000136e+02 1.577999999999999936e+01 3.192000000000000171e+01
-7.880900000000000318e+02 2.157000000000000028e+01 1.569999999999999929e+01
-7.884900000000000091e+02 4.889999999999999858e+01 2.848000000000000043e+01
-7.883400000000000318e+02 2.389999999999999858e+01 1.639999999999999858e+01
-7.883099999999999454e+02 2.139999999999999858e+01 2.732999999999999829e+01
-7.884299999999999500e+02 3.925000000000000000e+01 3.746000000000000085e+01
-7.883500000000000227e+02 9.429999999999999716e+00 3.920000000000000284e+01
-7.880399999999999636e+02 2.276000000000000156e+01 8.179999999999999716e+00
-7.878400000000000318e+02 1.488000000000000078e+01 2.226999999999999957e+01
-7.881100000000000136e+02 9.400000000000000355e+00 3.829999999999999716e+01
-7.885499999999999545e+02 3.051999999999999957e+01 4.542000000000000171e+01
-7.878400000000000318e+02 2.710999999999999943e+01 1.260000000000000009e+00
-7.881599999999999682e+02 4.053999999999999915e+01 1.040000000000000036e+00
-7.885599999999999454e+02 4.557999999999999829e+01 4.392000000000000171e+01
-7.883600000000000136e+02 1.660000000000000142e+01 3.171000000000000085e+01
-7.883600000000000136e+02 1.341000000000000014e+01 3.511999999999999744e+01
-7.884400000000000546e+02 6.309999999999999609e+00 4.760999999999999943e+01
-7.878500000000000227e+02 1.247000000000000064e+01 3.407000000000000028e+01
-7.879800000000000182e+02 2.680999999999999872e+01 5.169999999999999929e+00
-7.877300000000000182e+02 1.344999999999999929e+01 2.442999999999999972e+01
-7.877400000000000091e+02 1.612999999999999901e+01 1.778999999999999915e+01
-7.877999999999999545e+02 1.114000000000000057e+01 3.202000000000000313e+01
-7.878500000000000227e+02 1.939000000000000057e+01 8.160000000000000142e+00
-7.881100000000000136e+02 2.539999999999999858e+01 1.315000000000000036e+01
-7.878200000000000500e+02 1.782999999999999829e+01 1.223000000000000043e+01
-7.883999999999999773e+02 1.030000000000000027e+00 4.745000000000000284e+01
-7.884800000000000182e+02 4.875999999999999801e+01 2.696000000000000085e+01
-7.877999999999999545e+02 2.276999999999999957e+01 4.139999999999999680e+00
-7.880299999999999727e+02 1.766000000000000014e+01 1.356000000000000050e+01
-7.884400000000000546e+02 4.007999999999999829e+01 2.680000000000000071e+01
-7.885299999999999727e+02 1.596000000000000085e+01 4.764000000000000057e+01
-7.882999999999999545e+02 2.612000000000000099e+01 1.108999999999999986e+01
-7.880299999999999727e+02 1.808999999999999986e+01 1.280000000000000071e+01
-7.884099999999999682e+02 2.998999999999999844e+01 3.371999999999999886e+01
-7.878099999999999454e+02 1.234999999999999964e+01 3.342999999999999972e+01
-7.878600000000000136e+02 3.039999999999999858e+01 0.000000000000000000e+00
-7.884800000000000182e+02 8.289999999999999147e+00 4.813000000000000256e+01
-7.882799999999999727e+02 2.907999999999999829e+01 7.709999999999999964e+00
-7.881200000000000045e+02 3.578000000000000114e+01 3.439999999999999947e+00
-7.879400000000000546e+02 1.641000000000000014e+01 2.717000000000000171e+01
-7.880499999999999545e+02 1.998999999999999844e+01 1.406000000000000050e+01
-7.881200000000000045e+02 2.964000000000000057e+01 7.019999999999999574e+00
-7.885599999999999454e+02 2.037999999999999901e+01 4.749000000000000199e+01
-7.883600000000000136e+02 2.655999999999999872e+01 2.971000000000000085e+01
-7.885199999999999818e+02 4.736999999999999744e+01 4.300999999999999801e+01
-7.879400000000000546e+02 1.646000000000000085e+01 2.705000000000000071e+01
-7.884600000000000364e+02 4.970000000000000284e+01 2.617000000000000171e+01
-7.878200000000000500e+02 1.444999999999999929e+01 2.537999999999999901e+01
-7.878200000000000500e+02 1.063000000000000078e+01 3.503000000000000114e+01
-7.884800000000000182e+02 1.293999999999999950e+01 4.657000000000000028e+01
-7.877500000000000000e+02 1.692000000000000171e+01 1.733999999999999986e+01
-7.881000000000000227e+02 2.562000000000000099e+01 1.044999999999999929e+01
-7.886000000000000227e+02 2.744999999999999929e+01 4.693999999999999773e+01
-7.885299999999999727e+02 1.796000000000000085e+01 4.717999999999999972e+01
-7.882999999999999545e+02 2.619000000000000128e+01 1.100999999999999979e+01
-7.880199999999999818e+02 1.719000000000000128e+01 1.453999999999999915e+01
-7.881399999999999864e+02 3.584000000000000341e+01 6.059999999999999609e+00
-7.880000000000000000e+02 2.010999999999999943e+01 1.017999999999999972e+01
-7.883999999999999773e+02 2.523999999999999844e+01 3.415999999999999659e+01
-7.878200000000000500e+02 2.571999999999999886e+01 9.200000000000000400e-01
-7.882799999999999727e+02 2.953000000000000114e+01 7.169999999999999929e+00
-7.877599999999999909e+02 1.436999999999999922e+01 2.739999999999999858e+01
-7.879299999999999500e+02 3.117000000000000171e+01 2.589999999999999858e+00
-7.884199999999999591e+02 3.310000000000000053e+00 4.746000000000000085e+01
-7.878400000000000318e+02 1.994999999999999929e+01 7.639999999999999680e+00
-7.884299999999999500e+02 1.517999999999999972e+01 4.446999999999999886e+01
-7.883799999999999955e+02 6.879999999999999893e+00 4.393999999999999773e+01
-7.884500000000000455e+02 3.788000000000000256e+01 3.952000000000000313e+01
-7.884900000000000091e+02 8.609999999999999432e+00 4.850000000000000000e+01
-7.879099999999999682e+02 3.042999999999999972e+01 1.790000000000000036e+00
-7.881299999999999955e+02 3.017000000000000171e+01 6.799999999999999822e+00
-7.883999999999999773e+02 3.699000000000000199e+01 2.619000000000000128e+01
-7.884099999999999682e+02 2.098000000000000043e+01 3.774000000000000199e+01
-7.880199999999999818e+02 3.839999999999999858e+01 0.000000000000000000e+00
-7.880800000000000409e+02 2.112999999999999901e+01 1.557000000000000028e+01
-7.884099999999999682e+02 7.199999999999999734e-01 4.779999999999999716e+01
-7.878899999999999864e+02 2.251000000000000156e+01 5.580000000000000071e+00
-7.878400000000000318e+02 2.257999999999999829e+01 5.269999999999999574e+00
-7.878200000000000500e+02 2.275000000000000000e+01 4.250000000000000000e+00
-7.881200000000000045e+02 3.589999999999999858e+01 3.330000000000000071e+00
-7.884900000000000091e+02 9.369999999999999218e+00 4.835000000000000142e+01
-7.885800000000000409e+02 3.886999999999999744e+01 4.521999999999999886e+01
-7.884700000000000273e+02 4.972999999999999687e+01 2.605000000000000071e+01
-7.884800000000000182e+02 4.849000000000000199e+01 4.027000000000000313e+01
-7.880700000000000500e+02 2.769000000000000128e+01 6.910000000000000142e+00
-7.880900000000000318e+02 2.367000000000000171e+01 1.009999999999999964e+01
-7.878899999999999864e+02 2.062000000000000099e+01 8.210000000000000853e+00
-7.878600000000000136e+02 1.996999999999999886e+01 7.589999999999999858e+00
-7.880099999999999909e+02 3.295000000000000284e+01 1.590000000000000080e+00
-7.880399999999999636e+02 1.975000000000000000e+01 1.188000000000000078e+01
-7.884800000000000182e+02 1.283000000000000007e+01 4.667999999999999972e+01
-7.878300000000000409e+02 1.476999999999999957e+01 2.335000000000000142e+01
-7.881299999999999955e+02 4.182000000000000028e+01 4.099999999999999756e-01
