-7.885199999999999818e+02 1.448000000000000043e+01 4.753999999999999915e+01
-7.886000000000000227e+02 3.868999999999999773e+01 4.553000000000000114e+01
-7.885700000000000500e+02 2.060999999999999943e+01 4.764000000000000057e+01
-7.881200000000000045e+02 1.488000000000000078e+01 3.350999999999999801e+01
-7.883200000000000500e+02 2.171999999999999886e+01 2.026999999999999957e+01
-7.883999999999999773e+02 6.600000000000000311e-01 4.788000000000000256e+01
-7.881000000000000227e+02 3.982000000000000028e+01 0.000000000000000000e+00
-7.881200000000000045e+02 8.800000000000000711e+00 3.863000000000000256e+01
-7.878200000000000500e+02 1.789000000000000057e+01 1.199000000000000021e+01
-7.881200000000000045e+02 2.567000000000000171e+01 1.283999999999999986e+01
-7.880900000000000318e+02 2.157000000000000028e+01 1.569999999999999929e+01
-7.880000000000000000e+02 1.910999999999999943e+01 1.101999999999999957e+01
-7.886000000000000227e+02 2.891000000000000014e+01 4.685999999999999943e+01
-7.878400000000000318e+02 1.978000000000000114e+01 7.790000000000000036e+00
-7.878200000000000500e+02 1.017999999999999972e+01 3.532999999999999829e+01
-7.883400000000000318e+02 2.389999999999999858e+01 1.639999999999999858e+01
-7.877699999999999818e+02 2.505000000000000071e+01 8.299999999999999600e-01
-7.880299999999999727e+02 1.698999999999999844e+01 1.363000000000000078e+01
-7.883099999999999454e+02 2.598999999999999844e+01 1.121000000000000085e+01
-7.883500000000000227e+02 1.192999999999999972e+01 3.682000000000000028e+01
-7.880700000000000500e+02 3.243999999999999773e+01 4.099999999999999645e+00
-7.883600000000000136e+02 4.299999999999999822e+00 4.307000000000000028e+01
-7.883200000000000500e+02 2.048000000000000043e+01 2.814999999999999858e+01
-7.883700000000000045e+02 7.740000000000000213e+00 4.071000000000000085e+01
-7.884900000000000091e+02 4.889999999999999858e+01 2.848000000000000043e+01
-7.877699999999999818e+02 2.260999999999999943e+01 3.810000000000000053e+00
-7.881100000000000136e+02 1.844000000000000128e+01 3.142000000000000171e+01
-7.879600000000000364e+02 2.694000000000000128e+01 3.879999999999999893e+00
-7.878999999999999773e+02 3.210999999999999943e+01 0.000000000000000000e+00
-7.877200000000000273e+02 1.572000000000000064e+01 1.778000000000000114e+01
-7.878500000000000227e+02 1.596000000000000085e+01 2.182999999999999829e+01
-7.877100000000000364e+02 1.301999999999999957e+01 2.458999999999999986e+01
-7.885099999999999909e+02 4.840999999999999659e+01 4.096000000000000085e+01
-7.881299999999999955e+02 2.846999999999999886e+01 8.169999999999999929e+00
-7.882899999999999636e+02 2.944000000000000128e+01 7.269999999999999574e+00
-7.883600000000000136e+02 1.577999999999999936e+01 3.192000000000000171e+01
-7.879700000000000273e+02 2.255999999999999872e+01 7.589999999999999858e+00
-7.877899999999999636e+02 1.266000000000000014e+01 2.882999999999999829e+01
-7.884900000000000091e+02 8.869999999999999218e+00 4.849000000000000199e+01
-7.878400000000000318e+02 1.992999999999999972e+01 7.650000000000000355e+00
-7.882999999999999545e+02 2.612000000000000099e+01 1.108999999999999986e+01
-7.886000000000000227e+02 2.744999999999999929e+01 4.693999999999999773e+01
-7.879199999999999591e+02 2.135999999999999943e+01 6.690000000000000391e+00
-7.884400000000000546e+02 6.309999999999999609e+00 4.760999999999999943e+01
-7.883200000000000500e+02 2.251999999999999957e+01 1.531000000000000050e+01
-7.877999999999999545e+02 2.276999999999999957e+01 4.139999999999999680e+00
-7.880800000000000409e+02 2.112999999999999901e+01 1.557000000000000028e+01
-7.883700000000000045e+02 1.380000000000000071e+01 3.915999999999999659e+01
-7.883999999999999773e+02 3.567000000000000171e+01 3.162999999999999901e+01
-7.878200000000000500e+02 1.444999999999999929e+01 2.537999999999999901e+01
-7.881100000000000136e+02 9.400000000000000355e+00 3.829999999999999716e+01
-7.878500000000000227e+02 1.247000000000000064e+01 3.407000000000000028e+01
-7.883999999999999773e+02 1.010000000000000009e+00 4.729999999999999716e+01
-7.878200000000000500e+02 1.063000000000000078e+01 3.503000000000000114e+01
-7.877300000000000182e+02 1.344999999999999929e+01 2.442999999999999972e+01
-7.881100000000000136e+02 2.553999999999999915e+01 1.184999999999999964e+01
-7.878200000000000500e+02 1.281000000000000050e+01 3.039000000000000057e+01
-7.885599999999999454e+02 4.557999999999999829e+01 4.392000000000000171e+01
-7.879800000000000182e+02 2.746000000000000085e+01 4.660000000000000142e+00
-7.881100000000000136e+02 2.678999999999999915e+01 9.750000000000000000e+00
-7.883500000000000227e+02 2.321000000000000085e+01 3.003999999999999915e+01
-7.878200000000000500e+02 1.782999999999999829e+01 1.223000000000000043e+01
-7.884500000000000455e+02 3.335000000000000142e+01 3.900999999999999801e+01
-7.879600000000000364e+02 1.691000000000000014e+01 2.898000000000000043e+01
-7.880299999999999727e+02 1.808999999999999986e+01 1.280000000000000071e+01
-7.878500000000000227e+02 2.657999999999999829e+01 4.699999999999999734e-01
-7.879199999999999591e+02 3.306000000000000227e+01 0.000000000000000000e+00
-7.884800000000000182e+02 1.283000000000000007e+01 4.667999999999999972e+01
-7.881100000000000136e+02 3.803999999999999915e+01 2.049999999999999822e+00
-7.883799999999999955e+02 2.019999999999999929e+01 3.471000000000000085e+01
-7.877200000000000273e+02 1.630000000000000071e+01 1.773999999999999844e+01
-7.884800000000000182e+02 4.875999999999999801e+01 2.696000000000000085e+01
-7.881299999999999955e+02 3.699000000000000199e+01 2.540000000000000036e+00
-7.884900000000000091e+02 9.369999999999999218e+00 4.835000000000000142e+01
-7.885599999999999454e+02 1.939000000000000057e+01 4.761999999999999744e+01
-7.882799999999999727e+02 2.907999999999999829e+01 7.709999999999999964e+00
-7.880299999999999727e+02 1.766000000000000014e+01 1.356000000000000050e+01
-7.883899999999999864e+02 7.030000000000000249e+00 4.340999999999999659e+01
-7.884099999999999682e+02 7.980000000000000426e+00 4.411999999999999744e+01
-7.878200000000000500e+02 1.476999999999999957e+01 2.166000000000000014e+01
-7.881100000000000136e+02 2.455999999999999872e+01 1.492999999999999972e+01
-7.878799999999999955e+02 1.978999999999999915e+01 8.320000000000000284e+00
-7.878899999999999864e+02 2.251000000000000156e+01 5.580000000000000071e+00
-7.884299999999999500e+02 2.669999999999999929e+00 4.792999999999999972e+01
-7.879199999999999591e+02 1.976999999999999957e+01 9.050000000000000711e+00
-7.879400000000000546e+02 1.641000000000000014e+01 2.717000000000000171e+01
-7.884700000000000273e+02 4.972999999999999687e+01 2.605000000000000071e+01
-7.882999999999999545e+02 2.671999999999999886e+01 1.039000000000000057e+01
-7.883300000000000409e+02 2.294000000000000128e+01 2.737999999999999901e+01
-7.880099999999999909e+02 3.332999999999999829e+01 1.389999999999999902e+00
-7.883600000000000136e+02 1.660000000000000142e+01 3.171000000000000085e+01
-7.885000000000000000e+02 3.307000000000000028e+01 4.138000000000000256e+01
-7.878200000000000500e+02 2.571999999999999886e+01 9.200000000000000400e-01
-7.878400000000000318e+02 1.417999999999999972e+01 2.753000000000000114e+01
-7.883799999999999955e+02 1.163000000000000078e+01 4.207999999999999829e+01
-7.877500000000000000e+02 1.692000000000000171e+01 1.733999999999999986e+01
-7.880499999999999545e+02 1.998999999999999844e+01 1.406000000000000050e+01
-7.885199999999999818e+02 1.614000000000000057e+01 4.722999999999999687e+01
-7.880000000000000000e+02 2.971999999999999886e+01 3.000000000000000000e+00
-7.881299999999999955e+02 3.017000000000000171e+01 6.799999999999999822e+00
-7.884800000000000182e+02 9.279999999999999361e+00 4.785000000000000142e+01
-7.878400000000000318e+02 2.319000000000000128e+01 5.000000000000000000e+00
-7.886000000000000227e+02 3.206000000000000227e+01 4.653999999999999915e+01
-7.884199999999999591e+02 3.874000000000000199e+01 3.589000000000000057e+01
-7.882799999999999727e+02 2.953000000000000114e+01 7.169999999999999929e+00
-7.883600000000000136e+02 2.530000000000000071e+01 1.842999999999999972e+01
-7.880900000000000318e+02 3.621000000000000085e+01 2.779999999999999805e+00
-7.885199999999999818e+02 1.900000000000000000e+01 4.521000000000000085e+01
-7.881200000000000045e+02 3.895000000000000284e+01 1.030000000000000027e+00
-7.884199999999999591e+02 3.310000000000000053e+00 4.746000000000000085e+01
-7.877999999999999545e+02 1.114000000000000057e+01 3.202000000000000313e+01
-7.884900000000000091e+02 4.821000000000000085e+01 4.042000000000000171e+01
-7.885099999999999909e+02 1.494999999999999929e+01 4.700000000000000000e+01
-7.885800000000000409e+02 3.871000000000000085e+01 4.490999999999999659e+01
-7.884099999999999682e+02 1.439000000000000057e+01 4.193999999999999773e+01
-7.884800000000000182e+02 4.849000000000000199e+01 4.027000000000000313e+01
-7.882699999999999818e+02 3.103999999999999915e+01 5.490000000000000213e+00
-7.878600000000000136e+02 1.973999999999999844e+01 7.809999999999999609e+00
-7.883099999999999454e+02 2.139999999999999858e+01 2.732999999999999829e+01
-7.881299999999999955e+02 4.182000000000000028e+01 4.099999999999999756e-01
-7.883799999999999955e+02 1.850000000000000000e+01 3.620000000000000284e+01
-7.878600000000000136e+02 1.842000000000000171e+01 1.041000000000000014e+01
-7.883899999999999864e+02 3.382999999999999829e+01 3.096000000000000085e+01
-7.880900000000000318e+02 2.367000000000000171e+01 1.009999999999999964e+01
-7.878400000000000318e+02 1.433000000000000007e+01 2.598999999999999844e+01
-7.878600000000000136e+02 3.039999999999999858e+01 0.000000000000000000e+00
-7.884199999999999591e+02 2.209999999999999964e+00 4.757999999999999829e+01
-7.878400000000000318e+02 1.488000000000000078e+01 2.226999999999999957e+01
