-7.877100000000000364e+02 1.301999999999999957e+01 2.458999999999999986e+01
-7.883600000000000136e+02 1.577999999999999936e+01 3.192000000000000171e+01
-7.884900000000000091e+02 4.889999999999999858e+01 2.848000000000000043e+01
-7.881200000000000045e+02 2.567000000000000171e+01 1.283999999999999986e+01
-7.881299999999999955e+02 2.846999999999999886e+01 8.169999999999999929e+00
-7.886000000000000227e+02 3.868999999999999773e+01 4.553000000000000114e+01
-7.880700000000000500e+02 3.243999999999999773e+01 4.099999999999999645e+00
-7.877899999999999636e+02 1.266000000000000014e+01 2.882999999999999829e+01
-7.881200000000000045e+02 1.488000000000000078e+01 3.350999999999999801e+01
-7.885099999999999909e+02 4.840999999999999659e+01 4.096000000000000085e+01
-7.877200000000000273e+02 1.572000000000000064e+01 1.778000000000000114e+01
-7.886000000000000227e+02 2.891000000000000014e+01 4.685999999999999943e+01
-7.881100000000000136e+02 1.844000000000000128e+01 3.142000000000000171e+01
-7.883200000000000500e+02 2.048000000000000043e+01 2.814999999999999858e+01
-7.880000000000000000e+02 1.910999999999999943e+01 1.101999999999999957e+01
-7.879700000000000273e+02 2.255999999999999872e+01 7.589999999999999858e+00
-7.882899999999999636e+02 2.944000000000000128e+01 7.269999999999999574e+00
-7.883700000000000045e+02 7.740000000000000213e+00 4.071000000000000085e+01
-7.878400000000000318e+02 1.978000000000000114e+01 7.790000000000000036e+00
-7.881200000000000045e+02 8.800000000000000711e+00 3.863000000000000256e+01
-7.885199999999999818e+02 1.448000000000000043e+01 4.753999999999999915e+01
-7.880900000000000318e+02 2.157000000000000028e+01 1.569999999999999929e+01
-7.881000000000000227e+02 3.982000000000000028e+01 0.000000000000000000e+00
-7.883500000000000227e+02 1.192999999999999972e+01 3.682000000000000028e+01
-7.878500000000000227e+02 1.594999999999999929e+01 2.183999999999999986e+01
-7.878999999999999773e+02 3.210999999999999943e+01 0.000000000000000000e+00
-7.879600000000000364e+02 2.694000000000000128e+01 3.879999999999999893e+00
-7.883400000000000318e+02 2.389999999999999858e+01 1.639999999999999858e+01
-7.883999999999999773e+02 6.600000000000000311e-01 4.788000000000000256e+01
-7.878099999999999454e+02 1.014000000000000057e+01 3.493999999999999773e+01
-7.877699999999999818e+02 2.260999999999999943e+01 3.810000000000000053e+00
-7.883099999999999454e+02 2.598999999999999844e+01 1.121000000000000085e+01
-7.883200000000000500e+02 2.171999999999999886e+01 2.026999999999999957e+01
-7.880299999999999727e+02 1.698999999999999844e+01 1.363000000000000078e+01
-7.884900000000000091e+02 8.869999999999999218e+00 4.849000000000000199e+01
-7.883600000000000136e+02 4.299999999999999822e+00 4.307000000000000028e+01
-7.885700000000000500e+02 2.060999999999999943e+01 4.764000000000000057e+01
-7.877699999999999818e+02 2.505000000000000071e+01 8.299999999999999600e-01
-7.880800000000000409e+02 2.110000000000000142e+01 1.588000000000000078e+01
-7.881200000000000045e+02 3.895000000000000284e+01 1.030000000000000027e+00
-7.883600000000000136e+02 2.526000000000000156e+01 1.837999999999999901e+01
-7.881000000000000227e+02 2.646000000000000085e+01 9.369999999999999218e+00
-7.884800000000000182e+02 9.279999999999999361e+00 4.785000000000000142e+01
-7.883799999999999955e+02 2.976000000000000156e+01 2.476999999999999957e+01
-7.883300000000000409e+02 1.232000000000000028e+01 3.592000000000000171e+01
-7.879800000000000182e+02 2.746000000000000085e+01 4.660000000000000142e+00
-7.880000000000000000e+02 3.103999999999999915e+01 1.899999999999999911e+00
-7.878200000000000500e+02 1.281000000000000050e+01 3.039000000000000057e+01
-7.885199999999999818e+02 1.614000000000000057e+01 4.722999999999999687e+01
-7.885800000000000409e+02 3.871000000000000085e+01 4.490999999999999659e+01
-7.882400000000000091e+02 2.132000000000000028e+01 2.782999999999999829e+01
-7.882999999999999545e+02 2.671999999999999886e+01 1.039000000000000057e+01
-7.884400000000000546e+02 6.469999999999999751e+00 4.739999999999999858e+01
-7.883700000000000045e+02 1.873000000000000043e+01 3.130999999999999872e+01
-7.880599999999999454e+02 2.860999999999999943e+01 4.150000000000000355e+00
-7.877500000000000000e+02 1.692000000000000171e+01 1.733999999999999986e+01
-7.879299999999999500e+02 1.753000000000000114e+01 1.191999999999999993e+01
-7.878200000000000500e+02 2.571999999999999886e+01 9.200000000000000400e-01
-7.879400000000000546e+02 1.641000000000000014e+01 2.717000000000000171e+01
-7.880399999999999636e+02 2.196999999999999886e+01 1.026999999999999957e+01
-7.877999999999999545e+02 2.276999999999999957e+01 4.139999999999999680e+00
-7.880399999999999636e+02 1.832000000000000028e+01 1.488000000000000078e+01
-7.883799999999999955e+02 2.540000000000000036e+00 4.670000000000000284e+01
-7.878500000000000227e+02 1.596000000000000085e+01 2.182999999999999829e+01
-7.878200000000000500e+02 1.063000000000000078e+01 3.503000000000000114e+01
-7.884800000000000182e+02 4.875999999999999801e+01 2.696000000000000085e+01
-7.877300000000000182e+02 1.344999999999999929e+01 2.442999999999999972e+01
-7.885499999999999545e+02 2.017999999999999972e+01 4.618999999999999773e+01
-7.884500000000000455e+02 8.320000000000000284e+00 4.595000000000000284e+01
-7.885800000000000409e+02 2.730999999999999872e+01 4.678999999999999915e+01
-7.878500000000000227e+02 1.264000000000000057e+01 3.406000000000000227e+01
-7.882799999999999727e+02 2.948999999999999844e+01 7.219999999999999751e+00
-7.884800000000000182e+02 4.849000000000000199e+01 4.027000000000000313e+01
-7.880299999999999727e+02 2.380999999999999872e+01 9.460000000000000853e+00
-7.878400000000000318e+02 1.998000000000000043e+01 7.589999999999999858e+00
-7.882999999999999545e+02 9.310000000000000497e+00 3.775999999999999801e+01
-7.884700000000000273e+02 4.972999999999999687e+01 2.605000000000000071e+01
-7.879600000000000364e+02 1.691000000000000014e+01 2.898000000000000043e+01
-7.878799999999999955e+02 3.028000000000000114e+01 2.700000000000000178e-01
-7.883200000000000500e+02 2.167999999999999972e+01 2.642000000000000171e+01
-7.884199999999999591e+02 4.110999999999999943e+01 2.614999999999999858e+01
-7.884400000000000546e+02 4.068999999999999773e+01 3.822999999999999687e+01
-7.882999999999999545e+02 2.612000000000000099e+01 1.108999999999999986e+01
-7.884199999999999591e+02 3.310000000000000053e+00 4.746000000000000085e+01
-7.884299999999999500e+02 3.051999999999999957e+01 3.618999999999999773e+01
-7.883899999999999864e+02 1.326999999999999957e+01 4.046999999999999886e+01
-7.878400000000000318e+02 1.417999999999999972e+01 2.753000000000000114e+01
-7.885900000000000318e+02 2.710999999999999943e+01 4.696999999999999886e+01
-7.879199999999999591e+02 2.087000000000000099e+01 9.689999999999999503e+00
-7.884700000000000273e+02 1.848999999999999844e+01 4.617000000000000171e+01
-7.880299999999999727e+02 1.789999999999999858e+01 1.334999999999999964e+01
-7.879700000000000273e+02 2.828000000000000114e+01 3.560000000000000053e+00
-7.882799999999999727e+02 2.907999999999999829e+01 7.709999999999999964e+00
-7.882200000000000273e+02 3.414999999999999858e+01 2.109999999999999876e+00
-7.884500000000000455e+02 2.132999999999999829e+01 4.125999999999999801e+01
-7.880900000000000318e+02 2.367000000000000171e+01 1.009999999999999964e+01
-7.878400000000000318e+02 1.497000000000000064e+01 2.212999999999999901e+01
-7.880199999999999818e+02 2.357999999999999829e+01 7.080000000000000071e+00
-7.885000000000000000e+02 1.316000000000000014e+01 4.700000000000000000e+01
-7.877999999999999545e+02 1.114000000000000057e+01 3.202000000000000313e+01
-7.883300000000000409e+02 2.230999999999999872e+01 1.957999999999999829e+01
-7.878500000000000227e+02 1.247000000000000064e+01 3.407000000000000028e+01
-7.881299999999999955e+02 3.017000000000000171e+01 6.799999999999999822e+00
-7.882699999999999818e+02 3.103999999999999915e+01 5.490000000000000213e+00
-7.878400000000000318e+02 2.489000000000000057e+01 1.800000000000000044e+00
-7.879099999999999682e+02 1.978999999999999915e+01 7.820000000000000284e+00
-7.884800000000000182e+02 9.880000000000000782e+00 4.782000000000000028e+01
-7.884099999999999682e+02 7.199999999999999734e-01 4.822999999999999687e+01
-7.880800000000000409e+02 2.167000000000000171e+01 1.550999999999999979e+01
-7.877200000000000273e+02 1.630000000000000071e+01 1.773999999999999844e+01
-7.878700000000000045e+02 2.410999999999999943e+01 4.639999999999999680e+00
-7.883700000000000045e+02 1.885999999999999943e+01 3.130000000000000071e+01
-7.885900000000000318e+02 2.803000000000000114e+01 4.692999999999999972e+01
-7.884099999999999682e+02 3.759000000000000341e+01 2.626000000000000156e+01
-7.884900000000000091e+02 4.428999999999999915e+01 4.036999999999999744e+01
-7.883899999999999864e+02 3.382999999999999829e+01 3.096000000000000085e+01
-7.884400000000000546e+02 6.309999999999999609e+00 4.760999999999999943e+01
-7.884900000000000091e+02 9.369999999999999218e+00 4.835000000000000142e+01
-7.880299999999999727e+02 1.766000000000000014e+01 1.356000000000000050e+01
-7.880499999999999545e+02 1.998999999999999844e+01 1.406000000000000050e+01
-7.880900000000000318e+02 1.955999999999999872e+01 2.994999999999999929e+01
-7.881399999999999864e+02 4.032000000000000028e+01 0.000000000000000000e+00
-7.883500000000000227e+02 2.321000000000000085e+01 3.003999999999999915e+01
-7.878400000000000318e+02 2.514999999999999858e+01 1.639999999999999902e+00
-7.884500000000000455e+02 3.335000000000000142e+01 3.900999999999999801e+01
-7.878700000000000045e+02 3.017999999999999972e+01 1.600000000000000033e-01
-7.878400000000000318e+02 1.433000000000000007e+01 2.598999999999999844e+01
-7.884199999999999591e+02 2.209999999999999964e+00 4.757999999999999829e+01
