-7.884900000000000091e+02 4.889999999999999858e+01 2.848000000000000043e+01
-7.883600000000000136e+02 4.299999999999999822e+00 4.307000000000000028e+01
-7.883600000000000136e+02 1.577999999999999936e+01 3.192000000000000171e+01
-7.884900000000000091e+02 8.869999999999999218e+00 4.849000000000000199e+01
-7.877899999999999636e+02 1.266000000000000014e+01 2.882999999999999829e+01
-7.881399999999999864e+02 3.910999999999999943e+01 0.000000000000000000e+00
-7.880299999999999727e+02 1.698000000000000043e+01 1.405000000000000071e+01
-7.885099999999999909e+02 4.840999999999999659e+01 4.096000000000000085e+01
-7.885700000000000500e+02 2.060999999999999943e+01 4.764000000000000057e+01
-7.883099999999999454e+02 2.598999999999999844e+01 1.121000000000000085e+01
-7.881299999999999955e+02 2.846999999999999886e+01 8.169999999999999929e+00
-7.877699999999999818e+02 2.260999999999999943e+01 3.810000000000000053e+00
-7.878400000000000318e+02 1.978000000000000114e+01 7.790000000000000036e+00
-7.877100000000000364e+02 1.301999999999999957e+01 2.458999999999999986e+01
-7.883500000000000227e+02 1.192999999999999972e+01 3.682000000000000028e+01
-7.883200000000000500e+02 2.171999999999999886e+01 2.026999999999999957e+01
-7.878500000000000227e+02 1.594999999999999929e+01 2.183999999999999986e+01
-7.886000000000000227e+02 2.891000000000000014e+01 4.685999999999999943e+01
-7.885199999999999818e+02 1.448000000000000043e+01 4.753999999999999915e+01
-7.881200000000000045e+02 2.644999999999999929e+01 1.065000000000000036e+01
-7.878099999999999454e+02 1.014000000000000057e+01 3.493999999999999773e+01
-7.877200000000000273e+02 1.572000000000000064e+01 1.778000000000000114e+01
-7.879600000000000364e+02 2.694000000000000128e+01 3.879999999999999893e+00
-7.886000000000000227e+02 3.868999999999999773e+01 4.553000000000000114e+01
-7.879600000000000364e+02 1.691000000000000014e+01 2.898000000000000043e+01
-7.879700000000000273e+02 2.255999999999999872e+01 7.589999999999999858e+00
-7.878999999999999773e+02 3.210999999999999943e+01 0.000000000000000000e+00
-7.883400000000000318e+02 2.389999999999999858e+01 1.639999999999999858e+01
-7.882899999999999636e+02 2.944000000000000128e+01 7.269999999999999574e+00
-7.883999999999999773e+02 6.600000000000000311e-01 4.788000000000000256e+01
-7.883500000000000227e+02 2.162000000000000099e+01 2.976999999999999957e+01
-7.883700000000000045e+02 7.740000000000000213e+00 4.071000000000000085e+01
-7.880000000000000000e+02 1.910999999999999943e+01 1.101999999999999957e+01
-7.881200000000000045e+02 8.800000000000000711e+00 3.863000000000000256e+01
-7.877699999999999818e+02 2.505000000000000071e+01 8.299999999999999600e-01
-7.880900000000000318e+02 2.157000000000000028e+01 1.569999999999999929e+01
-7.880700000000000500e+02 3.243999999999999773e+01 4.099999999999999645e+00
-7.879400000000000546e+02 1.641000000000000014e+01 2.717000000000000171e+01
-7.882200000000000273e+02 3.414999999999999858e+01 2.109999999999999876e+00
-7.883700000000000045e+02 1.293999999999999950e+01 3.754999999999999716e+01
-7.881200000000000045e+02 3.169999999999999929e+01 5.419999999999999929e+00
-7.884199999999999591e+02 1.639999999999999902e+00 4.813000000000000256e+01
-7.884600000000000364e+02 3.321000000000000085e+01 3.925999999999999801e+01
-7.884800000000000182e+02 9.279999999999999361e+00 4.785000000000000142e+01
-7.877799999999999727e+02 1.573000000000000043e+01 1.896000000000000085e+01
-7.880299999999999727e+02 2.282000000000000028e+01 8.710000000000000853e+00
-7.882999999999999545e+02 2.671999999999999886e+01 1.039000000000000057e+01
-7.884199999999999591e+02 4.035999999999999943e+01 2.644000000000000128e+01
-7.884600000000000364e+02 2.780000000000000071e+01 3.942999999999999972e+01
-7.885299999999999727e+02 2.682000000000000028e+01 4.349000000000000199e+01
-7.878200000000000500e+02 2.571999999999999886e+01 9.200000000000000400e-01
-7.883899999999999864e+02 3.486999999999999744e+01 2.985000000000000142e+01
-7.884500000000000455e+02 1.687999999999999901e+01 4.152000000000000313e+01
-7.882799999999999727e+02 2.948999999999999844e+01 7.219999999999999751e+00
-7.877699999999999818e+02 1.669999999999999929e+01 1.737000000000000099e+01
-7.885000000000000000e+02 4.482000000000000028e+01 4.228000000000000114e+01
-7.878400000000000318e+02 1.417999999999999972e+01 2.753000000000000114e+01
-7.884500000000000455e+02 4.974000000000000199e+01 2.603999999999999915e+01
-7.877200000000000273e+02 1.630000000000000071e+01 1.773999999999999844e+01
-7.884900000000000091e+02 1.075999999999999979e+01 4.734000000000000341e+01
-7.880800000000000409e+02 2.169000000000000128e+01 1.511999999999999922e+01
-7.877999999999999545e+02 2.276999999999999957e+01 4.139999999999999680e+00
-7.879700000000000273e+02 2.244000000000000128e+01 1.030000000000000071e+01
-7.878700000000000045e+02 3.017999999999999972e+01 1.600000000000000033e-01
-7.879800000000000182e+02 2.437000000000000099e+01 5.080000000000000071e+00
-7.878400000000000318e+02 1.998000000000000043e+01 7.589999999999999858e+00
-7.877999999999999545e+02 1.114000000000000057e+01 3.202000000000000313e+01
-7.884199999999999591e+02 3.310000000000000053e+00 4.746000000000000085e+01
-7.882999999999999545e+02 1.502999999999999936e+01 3.162000000000000099e+01
-7.885000000000000000e+02 1.576999999999999957e+01 4.639999999999999858e+01
-7.880700000000000500e+02 2.564999999999999858e+01 6.780000000000000249e+00
-7.880399999999999636e+02 1.835000000000000142e+01 1.433999999999999986e+01
-7.880599999999999454e+02 2.092000000000000171e+01 1.177999999999999936e+01
-7.885900000000000318e+02 2.803000000000000114e+01 4.692999999999999972e+01
-7.882999999999999545e+02 2.612000000000000099e+01 1.108999999999999986e+01
-7.884199999999999591e+02 4.099000000000000199e+01 2.614000000000000057e+01
-7.884600000000000364e+02 1.497000000000000064e+01 4.567999999999999972e+01
-7.884500000000000455e+02 1.111999999999999922e+01 4.534000000000000341e+01
-7.882699999999999818e+02 3.012999999999999901e+01 6.519999999999999574e+00
-7.879099999999999682e+02 1.978999999999999915e+01 7.820000000000000284e+00
-7.884600000000000364e+02 2.139000000000000057e+01 4.154999999999999716e+01
-7.877400000000000091e+02 1.328999999999999915e+01 2.442999999999999972e+01
-7.880399999999999636e+02 2.778999999999999915e+01 4.290000000000000036e+00
-7.884900000000000091e+02 4.428999999999999915e+01 4.036999999999999744e+01
-7.884400000000000546e+02 4.314000000000000057e+01 2.610999999999999943e+01
-7.885000000000000000e+02 1.316000000000000014e+01 4.700000000000000000e+01
-7.885499999999999545e+02 2.017999999999999972e+01 4.618999999999999773e+01
-7.884800000000000182e+02 9.880000000000000782e+00 4.782000000000000028e+01
-7.878400000000000318e+02 2.489000000000000057e+01 1.800000000000000044e+00
-7.885700000000000500e+02 3.815999999999999659e+01 4.492999999999999972e+01
-7.880199999999999818e+02 2.351000000000000156e+01 7.169999999999999929e+00
-7.884099999999999682e+02 7.199999999999999734e-01 4.822999999999999687e+01
-7.884099999999999682e+02 2.998000000000000043e+01 3.846000000000000085e+01
-7.880800000000000409e+02 2.110000000000000142e+01 1.588000000000000078e+01
-7.878500000000000227e+02 2.875000000000000000e+01 0.000000000000000000e+00
-7.884099999999999682e+02 3.461999999999999744e+01 3.314999999999999858e+01
-7.877200000000000273e+02 1.419999999999999929e+01 2.348000000000000043e+01
-7.882699999999999818e+02 3.103999999999999915e+01 5.490000000000000213e+00
-7.881200000000000045e+02 2.803000000000000114e+01 7.929999999999999716e+00
-7.877500000000000000e+02 1.692000000000000171e+01 1.733999999999999986e+01
-7.884099999999999682e+02 3.759999999999999787e+00 4.646999999999999886e+01
-7.882100000000000364e+02 3.407000000000000028e+01 2.189999999999999947e+00
-7.878200000000000500e+02 1.063000000000000078e+01 3.503000000000000114e+01
-7.884400000000000546e+02 3.185000000000000142e+01 3.824000000000000199e+01
-7.880000000000000000e+02 3.596999999999999886e+01 0.000000000000000000e+00
-7.885800000000000409e+02 2.928999999999999915e+01 4.639999999999999858e+01
-7.883899999999999864e+02 1.755000000000000071e+01 3.865999999999999659e+01
-7.882799999999999727e+02 2.907999999999999829e+01 7.709999999999999964e+00
-7.883799999999999955e+02 2.930000000000000071e+01 2.439999999999999858e+01
-7.883799999999999955e+02 3.000000000000000000e+00 4.639999999999999858e+01
-7.883300000000000409e+02 1.184999999999999964e+01 3.720000000000000284e+01
-7.878500000000000227e+02 2.521999999999999886e+01 1.620000000000000107e+00
-7.880000000000000000e+02 2.298000000000000043e+01 7.450000000000000178e+00
-7.880800000000000409e+02 3.055000000000000071e+01 4.940000000000000391e+00
-7.885499999999999545e+02 2.162000000000000099e+01 4.588000000000000256e+01
-7.883799999999999955e+02 2.540000000000000036e+00 4.670000000000000284e+01
-7.879500000000000455e+02 2.921999999999999886e+01 2.750000000000000000e+00
-7.882999999999999545e+02 2.539999999999999858e+01 1.191000000000000014e+01
-7.884500000000000455e+02 8.320000000000000284e+00 4.595000000000000284e+01
-7.882799999999999727e+02 2.505000000000000071e+01 1.524000000000000021e+01
-7.880800000000000409e+02 2.539000000000000057e+01 9.310000000000000497e+00
-7.884800000000000182e+02 8.750000000000000000e+00 4.800999999999999801e+01
-7.880299999999999727e+02 1.698999999999999844e+01 1.363000000000000078e+01
-7.877799999999999727e+02 1.269999999999999929e+01 2.876999999999999957e+01
-7.878099999999999454e+02 1.441999999999999993e+01 2.301000000000000156e+01
-7.880499999999999545e+02 1.935000000000000142e+01 1.438000000000000078e+01
-7.884800000000000182e+02 4.849000000000000199e+01 4.027000000000000313e+01
-7.879600000000000364e+02 1.889000000000000057e+01 1.169999999999999929e+01
