-7.885000000000000000e+02 9.230000000000000426e+00 4.850000000000000000e+01
-7.880000000000000000e+02 1.910999999999999943e+01 1.101999999999999957e+01
-7.883400000000000318e+02 2.353999999999999915e+01 1.639999999999999858e+01
-7.886000000000000227e+02 2.891000000000000014e+01 4.685999999999999943e+01
-7.881200000000000045e+02 3.173000000000000043e+01 5.070000000000000284e+00
-7.879600000000000364e+02 1.691000000000000014e+01 2.898000000000000043e+01
-7.877799999999999727e+02 2.514000000000000057e+01 7.900000000000000355e-01
-7.878999999999999773e+02 3.210999999999999943e+01 0.000000000000000000e+00
-7.878099999999999454e+02 1.014000000000000057e+01 3.493999999999999773e+01
-7.878500000000000227e+02 1.560999999999999943e+01 2.232000000000000028e+01
-7.880299999999999727e+02 1.698000000000000043e+01 1.405000000000000071e+01
-7.883600000000000136e+02 4.299999999999999822e+00 4.307000000000000028e+01
-7.877699999999999818e+02 2.260999999999999943e+01 3.810000000000000053e+00
-7.882899999999999636e+02 2.944000000000000128e+01 7.269999999999999574e+00
-7.878400000000000318e+02 1.978000000000000114e+01 7.790000000000000036e+00
-7.883500000000000227e+02 1.192999999999999972e+01 3.682000000000000028e+01
-7.877899999999999636e+02 1.266000000000000014e+01 2.882999999999999829e+01
-7.881299999999999955e+02 2.846999999999999886e+01 8.169999999999999929e+00
-7.885700000000000500e+02 2.060999999999999943e+01 4.764000000000000057e+01
-7.881499999999999773e+02 3.909000000000000341e+01 0.000000000000000000e+00
-7.884900000000000091e+02 4.889999999999999858e+01 2.848000000000000043e+01
-7.879700000000000273e+02 2.260000000000000142e+01 7.549999999999999822e+00
-7.883999999999999773e+02 6.600000000000000311e-01 4.788000000000000256e+01
-7.883099999999999454e+02 2.598999999999999844e+01 1.121000000000000085e+01
-7.883200000000000500e+02 2.171999999999999886e+01 2.026999999999999957e+01
-7.883600000000000136e+02 1.577999999999999936e+01 3.192000000000000171e+01
-7.880900000000000318e+02 2.303000000000000114e+01 1.712999999999999901e+01
-7.876900000000000546e+02 1.523000000000000043e+01 1.651000000000000156e+01
-7.883700000000000045e+02 7.740000000000000213e+00 4.071000000000000085e+01
-7.886000000000000227e+02 3.868999999999999773e+01 4.553000000000000114e+01
-7.883500000000000227e+02 2.162000000000000099e+01 2.976999999999999957e+01
-7.877000000000000455e+02 1.285999999999999943e+01 2.385000000000000142e+01
-7.881000000000000227e+02 2.637999999999999901e+01 1.084999999999999964e+01
-7.885099999999999909e+02 4.840999999999999659e+01 4.096000000000000085e+01
-7.885199999999999818e+02 1.448000000000000043e+01 4.753999999999999915e+01
-7.879600000000000364e+02 2.694000000000000128e+01 3.879999999999999893e+00
-7.882999999999999545e+02 7.280000000000000249e+00 4.089000000000000057e+01
-7.880299999999999727e+02 2.232999999999999829e+01 8.349999999999999645e+00
-7.884099999999999682e+02 3.759999999999999787e+00 4.646999999999999886e+01
-7.880700000000000500e+02 3.028000000000000114e+01 5.360000000000000320e+00
-7.877100000000000364e+02 1.333000000000000007e+01 2.421000000000000085e+01
-7.879199999999999591e+02 1.581000000000000050e+01 2.766000000000000014e+01
-7.878600000000000136e+02 2.487000000000000099e+01 2.390000000000000124e+00
-7.885000000000000000e+02 3.374000000000000199e+01 4.192000000000000171e+01
-7.880299999999999727e+02 1.766000000000000014e+01 1.341999999999999993e+01
-7.879099999999999682e+02 1.978999999999999915e+01 7.820000000000000284e+00
-7.878200000000000500e+02 1.063000000000000078e+01 3.503000000000000114e+01
-7.880099999999999909e+02 2.992000000000000171e+01 2.629999999999999893e+00
-7.883799999999999955e+02 2.676000000000000156e+01 3.204999999999999716e+01
-7.882999999999999545e+02 2.539999999999999858e+01 1.191000000000000014e+01
-7.878099999999999454e+02 2.201999999999999957e+01 4.519999999999999574e+00
-7.884800000000000182e+02 7.389999999999999680e+00 4.835000000000000142e+01
-7.880800000000000409e+02 2.226999999999999957e+01 1.038000000000000078e+01
-7.881200000000000045e+02 2.803000000000000114e+01 7.929999999999999716e+00
-7.883300000000000409e+02 1.502999999999999936e+01 3.381000000000000227e+01
-7.884199999999999591e+02 1.729999999999999982e+00 4.786999999999999744e+01
-7.877799999999999727e+02 1.269999999999999929e+01 2.876999999999999957e+01
-7.885199999999999818e+02 2.112000000000000099e+01 4.481000000000000227e+01
-7.884400000000000546e+02 1.178999999999999915e+01 4.303000000000000114e+01
-7.880000000000000000e+02 2.989000000000000057e+01 2.089999999999999858e+00
-7.883799999999999955e+02 2.932000000000000028e+01 2.307000000000000028e+01
-7.877500000000000000e+02 1.597000000000000064e+01 1.712000000000000099e+01
-7.884700000000000273e+02 4.917000000000000171e+01 2.603000000000000114e+01
-7.885199999999999818e+02 2.387999999999999901e+01 4.413000000000000256e+01
-7.880700000000000500e+02 2.005000000000000071e+01 1.544999999999999929e+01
-7.880000000000000000e+02 3.539000000000000057e+01 5.600000000000000533e-01
-7.883799999999999955e+02 2.746999999999999886e+01 2.946000000000000085e+01
-7.883600000000000136e+02 1.303999999999999915e+01 3.977000000000000313e+01
-7.882699999999999818e+02 3.012999999999999901e+01 6.519999999999999574e+00
-7.878799999999999955e+02 1.486999999999999922e+01 2.546000000000000085e+01
-7.885599999999999454e+02 4.575999999999999801e+01 4.432000000000000028e+01
-7.880599999999999454e+02 2.119000000000000128e+01 1.151999999999999957e+01
-7.885099999999999909e+02 4.992999999999999972e+01 4.089000000000000057e+01
-7.884600000000000364e+02 2.780000000000000071e+01 3.942999999999999972e+01
-7.884099999999999682e+02 2.330999999999999872e+01 3.707000000000000028e+01
-7.883400000000000318e+02 8.869999999999999218e+00 3.932999999999999829e+01
-7.882100000000000364e+02 3.407000000000000028e+01 2.189999999999999947e+00
-7.877799999999999727e+02 1.573000000000000043e+01 1.896000000000000085e+01
-7.883099999999999454e+02 2.253000000000000114e+01 1.980999999999999872e+01
-7.880599999999999454e+02 1.858999999999999986e+01 1.386999999999999922e+01
-7.877699999999999818e+02 2.505000000000000071e+01 8.299999999999999600e-01
-7.883799999999999955e+02 1.191000000000000014e+01 4.028999999999999915e+01
-7.879700000000000273e+02 2.255999999999999872e+01 7.589999999999999858e+00
-7.877100000000000364e+02 1.301999999999999957e+01 2.458999999999999986e+01
-7.881200000000000045e+02 3.089000000000000057e+01 5.480000000000000426e+00
-7.884199999999999591e+02 1.280000000000000027e+00 4.814999999999999858e+01
-7.884700000000000273e+02 1.293999999999999950e+01 4.578000000000000114e+01
-7.880099999999999909e+02 3.112999999999999901e+01 2.220000000000000195e+00
-7.883200000000000500e+02 6.030000000000000249e+00 4.175000000000000000e+01
-7.877599999999999909e+02 2.394000000000000128e+01 3.180000000000000160e+00
-7.877699999999999818e+02 1.605999999999999872e+01 1.671999999999999886e+01
-7.882799999999999727e+02 2.960000000000000142e+01 7.089999999999999858e+00
-7.878300000000000409e+02 1.098000000000000043e+01 3.521999999999999886e+01
-7.884900000000000091e+02 8.869999999999999218e+00 4.849000000000000199e+01
-7.884800000000000182e+02 3.363000000000000256e+01 4.139999999999999858e+01
-7.878700000000000045e+02 1.971000000000000085e+01 7.820000000000000284e+00
-7.884900000000000091e+02 2.083999999999999986e+01 4.435999999999999943e+01
-7.884099999999999682e+02 4.003000000000000114e+01 2.628000000000000114e+01
-7.880800000000000409e+02 2.337000000000000099e+01 9.710000000000000853e+00
-7.879400000000000546e+02 1.641000000000000014e+01 2.717000000000000171e+01
-7.882799999999999727e+02 2.760999999999999943e+01 9.380000000000000782e+00
-7.880299999999999727e+02 2.878000000000000114e+01 3.649999999999999911e+00
-7.883899999999999864e+02 1.930000000000000071e+01 3.979999999999999716e+01
-7.878400000000000318e+02 1.417999999999999972e+01 2.753000000000000114e+01
-7.879500000000000455e+02 1.933999999999999986e+01 9.769999999999999574e+00
-7.880199999999999818e+02 1.782000000000000028e+01 1.333999999999999986e+01
-7.884500000000000455e+02 4.350999999999999801e+01 2.610000000000000142e+01
-7.882999999999999545e+02 2.671999999999999886e+01 1.039000000000000057e+01
-7.883400000000000318e+02 1.233000000000000007e+01 3.529999999999999716e+01
-7.884700000000000273e+02 8.410000000000000142e+00 4.732000000000000028e+01
-7.883099999999999454e+02 2.419000000000000128e+01 1.614999999999999858e+01
-7.880099999999999909e+02 2.028999999999999915e+01 1.046000000000000085e+01
-7.878799999999999955e+02 1.953999999999999915e+01 8.640000000000000568e+00
-7.881200000000000045e+02 2.644999999999999929e+01 1.065000000000000036e+01
-7.877799999999999727e+02 1.530000000000000071e+01 2.439999999999999858e+01
-7.884400000000000546e+02 4.434000000000000341e+01 2.601999999999999957e+01
-7.884299999999999500e+02 2.973000000000000043e+01 3.942000000000000171e+01
-7.880299999999999727e+02 3.843999999999999773e+01 6.899999999999999467e-01
-7.880399999999999636e+02 3.139999999999999858e+01 2.459999999999999964e+00
-7.884800000000000182e+02 1.338000000000000078e+01 4.590999999999999659e+01
-7.877500000000000000e+02 1.522000000000000064e+01 1.923999999999999844e+01
-7.886000000000000227e+02 3.021999999999999886e+01 4.682999999999999829e+01
-7.880199999999999818e+02 2.176000000000000156e+01 9.179999999999999716e+00
-7.879900000000000091e+02 2.589000000000000057e+01 5.190000000000000391e+00
-7.879900000000000091e+02 2.987999999999999901e+01 2.220000000000000195e+00
-7.878500000000000227e+02 1.271000000000000085e+01 2.767999999999999972e+01
-7.883799999999999955e+02 1.007000000000000028e+01 4.193999999999999773e+01
-7.882500000000000000e+02 1.457000000000000028e+01 3.468999999999999773e+01
