-7.883600000000000136e+02 1.591000000000000014e+01 3.187000000000000099e+01
-7.883500000000000227e+02 1.192999999999999972e+01 3.682000000000000028e+01
-7.877899999999999636e+02 1.266000000000000014e+01 2.882999999999999829e+01
-7.877699999999999818e+02 2.260999999999999943e+01 3.810000000000000053e+00
-7.886000000000000227e+02 3.868999999999999773e+01 4.553000000000000114e+01
-7.883200000000000500e+02 2.171999999999999886e+01 2.026999999999999957e+01
-7.878200000000000500e+02 1.073000000000000043e+01 3.467000000000000171e+01
-7.878600000000000136e+02 1.558999999999999986e+01 2.153000000000000114e+01
-7.881000000000000227e+02 2.403000000000000114e+01 1.225000000000000000e+01
-7.880299999999999727e+02 1.698000000000000043e+01 1.405000000000000071e+01
-7.879600000000000364e+02 2.694000000000000128e+01 3.879999999999999893e+00
-7.883099999999999454e+02 2.598999999999999844e+01 1.121000000000000085e+01
-7.886000000000000227e+02 2.891000000000000014e+01 4.685999999999999943e+01
-7.879600000000000364e+02 1.691000000000000014e+01 2.898000000000000043e+01
-7.884900000000000091e+02 4.889999999999999858e+01 2.848000000000000043e+01
-7.877000000000000455e+02 1.285999999999999943e+01 2.385000000000000142e+01
-7.877799999999999727e+02 2.514000000000000057e+01 7.900000000000000355e-01
-7.883600000000000136e+02 4.299999999999999822e+00 4.307000000000000028e+01
-7.881200000000000045e+02 3.173000000000000043e+01 5.070000000000000284e+00
-7.883999999999999773e+02 6.600000000000000311e-01 4.788000000000000256e+01
-7.880900000000000318e+02 2.303000000000000114e+01 1.712999999999999901e+01
-7.879700000000000273e+02 2.260000000000000142e+01 7.549999999999999822e+00
-7.883700000000000045e+02 7.740000000000000213e+00 4.071000000000000085e+01
-7.883500000000000227e+02 2.314999999999999858e+01 1.633999999999999986e+01
-7.885000000000000000e+02 9.230000000000000426e+00 4.850000000000000000e+01
-7.878400000000000318e+02 1.978000000000000114e+01 7.790000000000000036e+00
-7.882899999999999636e+02 2.944000000000000128e+01 7.269999999999999574e+00
-7.885199999999999818e+02 1.448000000000000043e+01 4.753999999999999915e+01
-7.878999999999999773e+02 3.210999999999999943e+01 0.000000000000000000e+00
-7.880000000000000000e+02 1.910999999999999943e+01 1.101999999999999957e+01
-7.883500000000000227e+02 2.162000000000000099e+01 2.976999999999999957e+01
-7.881299999999999955e+02 2.846999999999999886e+01 8.169999999999999929e+00
-7.885700000000000500e+02 2.060999999999999943e+01 4.764000000000000057e+01
-7.881499999999999773e+02 3.909000000000000341e+01 0.000000000000000000e+00
-7.876900000000000546e+02 1.523000000000000043e+01 1.651000000000000156e+01
-7.885099999999999909e+02 4.835999999999999943e+01 4.093999999999999773e+01
-7.884099999999999682e+02 4.003000000000000114e+01 2.628000000000000114e+01
-7.884199999999999591e+02 3.893999999999999773e+01 3.611999999999999744e+01
-7.879199999999999591e+02 1.581000000000000050e+01 2.766000000000000014e+01
-7.885599999999999454e+02 4.575999999999999801e+01 4.432000000000000028e+01
-7.882999999999999545e+02 2.539999999999999858e+01 1.191000000000000014e+01
-7.884800000000000182e+02 1.338000000000000078e+01 4.590999999999999659e+01
-7.877699999999999818e+02 1.605999999999999872e+01 1.671999999999999886e+01
-7.884800000000000182e+02 3.363000000000000256e+01 4.139999999999999858e+01
-7.882799999999999727e+02 2.735000000000000142e+01 9.640000000000000568e+00
-7.880399999999999636e+02 3.055000000000000071e+01 3.149999999999999911e+00
-7.880199999999999818e+02 2.435999999999999943e+01 6.969999999999999751e+00
-7.878700000000000045e+02 1.971000000000000085e+01 7.820000000000000284e+00
-7.880099999999999909e+02 3.112999999999999901e+01 2.220000000000000195e+00
-7.885199999999999818e+02 2.112000000000000099e+01 4.481000000000000227e+01
-7.877799999999999727e+02 1.573000000000000043e+01 1.896000000000000085e+01
-7.884199999999999591e+02 3.060000000000000053e+00 4.779999999999999716e+01
-7.884600000000000364e+02 7.330000000000000071e+00 4.749000000000000199e+01
-7.877599999999999909e+02 1.416000000000000014e+01 2.700000000000000000e+01
-7.880499999999999545e+02 2.062999999999999901e+01 1.247000000000000064e+01
-7.882699999999999818e+02 2.521000000000000085e+01 1.216999999999999993e+01
-7.882699999999999818e+02 3.012999999999999901e+01 6.519999999999999574e+00
-7.884099999999999682e+02 1.040000000000000036e+00 4.818999999999999773e+01
-7.882799999999999727e+02 1.215000000000000036e+01 3.407999999999999829e+01
-7.877100000000000364e+02 1.301999999999999957e+01 2.458999999999999986e+01
-7.882899999999999636e+02 9.259999999999999787e+00 3.515999999999999659e+01
-7.877999999999999545e+02 1.164000000000000057e+01 3.461999999999999744e+01
-7.884099999999999682e+02 2.035999999999999943e+01 3.790999999999999659e+01
-7.879700000000000273e+02 2.530000000000000071e+01 4.690000000000000391e+00
-7.878099999999999454e+02 2.201999999999999957e+01 4.519999999999999574e+00
-7.885900000000000318e+02 2.919999999999999929e+01 4.675999999999999801e+01
-7.883999999999999773e+02 2.282999999999999829e+01 3.443999999999999773e+01
-7.880599999999999454e+02 1.858999999999999986e+01 1.386999999999999922e+01
-7.881599999999999682e+02 3.917000000000000171e+01 0.000000000000000000e+00
-7.878600000000000136e+02 2.487000000000000099e+01 2.390000000000000124e+00
-7.880299999999999727e+02 1.766000000000000014e+01 1.341999999999999993e+01
-7.884500000000000455e+02 4.350999999999999801e+01 2.610000000000000142e+01
-7.879400000000000546e+02 1.641000000000000014e+01 2.717000000000000171e+01
-7.877100000000000364e+02 1.333000000000000007e+01 2.421000000000000085e+01
-7.879700000000000273e+02 2.257999999999999829e+01 7.559999999999999609e+00
-7.880499999999999545e+02 3.153000000000000114e+01 2.339999999999999858e+00
-7.879099999999999682e+02 1.978999999999999915e+01 7.820000000000000284e+00
-7.882100000000000364e+02 3.407000000000000028e+01 2.189999999999999947e+00
-7.884199999999999591e+02 1.280000000000000027e+00 4.814999999999999858e+01
-7.882799999999999727e+02 2.942000000000000171e+01 7.299999999999999822e+00
-7.884400000000000546e+02 6.629999999999999893e+00 4.634000000000000341e+01
-7.882799999999999727e+02 2.760999999999999943e+01 9.380000000000000782e+00
-7.877500000000000000e+02 1.597000000000000064e+01 1.712000000000000099e+01
-7.884199999999999591e+02 2.835999999999999943e+01 3.804999999999999716e+01
-7.884400000000000546e+02 4.434000000000000341e+01 2.601999999999999957e+01
-7.879900000000000091e+02 3.119000000000000128e+01 1.909999999999999920e+00
-7.883600000000000136e+02 2.707999999999999829e+01 2.001000000000000156e+01
-7.884600000000000364e+02 7.070000000000000284e+00 4.825000000000000000e+01
-7.877799999999999727e+02 2.496000000000000085e+01 9.899999999999999911e-01
-7.883899999999999864e+02 9.400000000000000355e+00 4.184000000000000341e+01
-7.885299999999999727e+02 5.047999999999999687e+01 4.370000000000000284e+01
-7.880700000000000500e+02 2.005000000000000071e+01 1.544999999999999929e+01
-7.877599999999999909e+02 2.394000000000000128e+01 3.180000000000000160e+00
-7.885000000000000000e+02 3.374000000000000199e+01 4.192000000000000171e+01
-7.882999999999999545e+02 2.110000000000000142e+01 1.935999999999999943e+01
-7.883899999999999864e+02 1.519999999999999929e+01 4.036999999999999744e+01
-7.883899999999999864e+02 1.764000000000000057e+01 3.875999999999999801e+01
-7.880199999999999818e+02 1.782000000000000028e+01 1.333999999999999986e+01
-7.880099999999999909e+02 2.992000000000000171e+01 2.629999999999999893e+00
-7.885900000000000318e+02 2.917999999999999972e+01 4.677000000000000313e+01
-7.882999999999999545e+02 2.671999999999999886e+01 1.039000000000000057e+01
-7.877999999999999545e+02 1.327999999999999936e+01 2.762000000000000099e+01
-7.884400000000000546e+02 1.178999999999999915e+01 4.303000000000000114e+01
-7.880800000000000409e+02 2.226999999999999957e+01 1.038000000000000078e+01
-7.884099999999999682e+02 1.828999999999999915e+01 4.253999999999999915e+01
-7.880099999999999909e+02 1.975000000000000000e+01 1.050000000000000000e+01
-7.877999999999999545e+02 1.446000000000000085e+01 1.923000000000000043e+01
-7.883099999999999454e+02 2.253000000000000114e+01 1.980999999999999872e+01
-7.884900000000000091e+02 2.083999999999999986e+01 4.435999999999999943e+01
-7.885199999999999818e+02 2.907000000000000028e+01 4.325999999999999801e+01
-7.878799999999999955e+02 1.486999999999999922e+01 2.546000000000000085e+01
-7.884500000000000455e+02 1.459999999999999964e+01 4.464999999999999858e+01
-7.884400000000000546e+02 2.662000000000000099e+01 3.942000000000000171e+01
-7.885900000000000318e+02 3.454999999999999716e+01 4.581000000000000227e+01
-7.881000000000000227e+02 2.637999999999999901e+01 1.084999999999999964e+01
-7.882999999999999545e+02 7.280000000000000249e+00 4.089000000000000057e+01
-7.878400000000000318e+02 1.417999999999999972e+01 2.753000000000000114e+01
-7.877699999999999818e+02 2.505000000000000071e+01 8.299999999999999600e-01
-7.880000000000000000e+02 2.991000000000000014e+01 2.080000000000000071e+00
-7.884199999999999591e+02 1.729999999999999982e+00 4.786999999999999744e+01
-7.880299999999999727e+02 3.843999999999999773e+01 6.899999999999999467e-01
-7.881200000000000045e+02 2.751999999999999957e+01 8.310000000000000497e+00
-7.884700000000000273e+02 7.799999999999999822e+00 4.817000000000000171e+01
-7.883099999999999454e+02 2.419000000000000128e+01 1.614999999999999858e+01
-7.879900000000000091e+02 2.587999999999999901e+01 5.009999999999999787e+00
-7.880499999999999545e+02 2.157999999999999829e+01 1.091999999999999993e+01
-7.885299999999999727e+02 5.003999999999999915e+01 4.375000000000000000e+01
-7.879500000000000455e+02 2.103999999999999915e+01 7.419999999999999929e+00
