-7.877899999999999636e+02 1.266000000000000014e+01 2.882999999999999829e+01
-7.883700000000000045e+02 7.969999999999999751e+00 4.046999999999999886e+01
-7.881100000000000136e+02 2.446000000000000085e+01 1.196000000000000085e+01
-7.876900000000000546e+02 1.523000000000000043e+01 1.651000000000000156e+01
-7.883500000000000227e+02 2.162000000000000099e+01 2.976999999999999957e+01
-7.879700000000000273e+02 2.271000000000000085e+01 7.490000000000000213e+00
-7.885700000000000500e+02 2.060999999999999943e+01 4.764000000000000057e+01
-7.878999999999999773e+02 3.210999999999999943e+01 0.000000000000000000e+00
-7.880900000000000318e+02 2.264000000000000057e+01 1.664000000000000057e+01
-7.883400000000000318e+02 1.089000000000000057e+01 3.220000000000000284e+01
-7.886000000000000227e+02 3.868999999999999773e+01 4.553000000000000114e+01
-7.881200000000000045e+02 3.173000000000000043e+01 5.070000000000000284e+00
-7.881299999999999955e+02 2.846999999999999886e+01 8.169999999999999929e+00
-7.885099999999999909e+02 4.835999999999999943e+01 4.093999999999999773e+01
-7.879600000000000364e+02 1.691000000000000014e+01 2.898000000000000043e+01
-7.878400000000000318e+02 1.978000000000000114e+01 7.790000000000000036e+00
-7.883099999999999454e+02 2.598999999999999844e+01 1.121000000000000085e+01
-7.877000000000000455e+02 1.285999999999999943e+01 2.385000000000000142e+01
-7.877599999999999909e+02 2.614000000000000057e+01 2.500000000000000000e-01
-7.884900000000000091e+02 4.889999999999999858e+01 2.848000000000000043e+01
-7.883200000000000500e+02 2.128000000000000114e+01 1.932999999999999829e+01
-7.883600000000000136e+02 4.299999999999999822e+00 4.307000000000000028e+01
-7.880299999999999727e+02 1.698000000000000043e+01 1.405000000000000071e+01
-7.880000000000000000e+02 1.910999999999999943e+01 1.101999999999999957e+01
-7.886000000000000227e+02 2.891000000000000014e+01 4.685999999999999943e+01
-7.883600000000000136e+02 1.490000000000000036e+01 3.185999999999999943e+01
-7.878200000000000500e+02 1.073000000000000043e+01 3.467000000000000171e+01
-7.885199999999999818e+02 1.448000000000000043e+01 4.753999999999999915e+01
-7.883999999999999773e+02 6.600000000000000311e-01 4.788000000000000256e+01
-7.885000000000000000e+02 9.230000000000000426e+00 4.850000000000000000e+01
-7.883500000000000227e+02 2.314999999999999858e+01 1.633999999999999986e+01
-7.879600000000000364e+02 2.694000000000000128e+01 3.879999999999999893e+00
-7.882899999999999636e+02 2.944000000000000128e+01 7.269999999999999574e+00
-7.877699999999999818e+02 2.260999999999999943e+01 3.810000000000000053e+00
-7.881499999999999773e+02 3.909000000000000341e+01 0.000000000000000000e+00
-7.878600000000000136e+02 1.558999999999999986e+01 2.153000000000000114e+01
-7.878899999999999864e+02 1.496000000000000085e+01 2.521999999999999886e+01
-7.878700000000000045e+02 2.057000000000000028e+01 7.019999999999999574e+00
-7.880299999999999727e+02 1.708999999999999986e+01 1.383000000000000007e+01
-7.883799999999999955e+02 3.032999999999999829e+01 2.841000000000000014e+01
-7.882999999999999545e+02 2.564999999999999858e+01 1.163000000000000078e+01
-7.883799999999999955e+02 1.341000000000000014e+01 3.914999999999999858e+01
-7.883700000000000045e+02 3.087999999999999901e+01 2.389999999999999858e+01
-7.880499999999999545e+02 2.239999999999999858e+01 9.130000000000000782e+00
-7.877599999999999909e+02 2.244000000000000128e+01 4.129999999999999893e+00
-7.879199999999999591e+02 1.565000000000000036e+01 2.769999999999999929e+01
-7.877300000000000182e+02 1.527999999999999936e+01 1.657999999999999829e+01
-7.884400000000000546e+02 4.379999999999999893e+00 4.799000000000000199e+01
-7.877100000000000364e+02 1.333000000000000007e+01 2.421000000000000085e+01
-7.884700000000000273e+02 1.411999999999999922e+01 4.492000000000000171e+01
-7.883400000000000318e+02 1.769000000000000128e+01 3.107999999999999829e+01
-7.885499999999999545e+02 2.975000000000000000e+01 4.532000000000000028e+01
-7.877699999999999818e+02 2.596000000000000085e+01 3.200000000000000067e-01
-7.884199999999999591e+02 1.699999999999999956e+00 4.795000000000000284e+01
-7.885199999999999818e+02 3.342000000000000171e+01 4.400999999999999801e+01
-7.880700000000000500e+02 2.057000000000000028e+01 1.378999999999999915e+01
-7.885399999999999636e+02 2.417999999999999972e+01 4.646999999999999886e+01
-7.879400000000000546e+02 1.812999999999999901e+01 1.175999999999999979e+01
-7.884299999999999500e+02 4.217999999999999972e+01 2.612000000000000099e+01
-7.882899999999999636e+02 9.099999999999999645e+00 3.992000000000000171e+01
-7.884900000000000091e+02 9.529999999999999361e+00 4.827000000000000313e+01
-7.880099999999999909e+02 3.740999999999999659e+01 0.000000000000000000e+00
-7.878999999999999773e+02 1.410999999999999943e+01 2.739000000000000057e+01
-7.880099999999999909e+02 3.042000000000000171e+01 2.549999999999999822e+00
-7.882699999999999818e+02 2.989999999999999858e+01 6.780000000000000249e+00
-7.880099999999999909e+02 2.521000000000000085e+01 5.620000000000000107e+00
-7.883999999999999773e+02 3.346000000000000085e+01 2.646999999999999886e+01
-7.880399999999999636e+02 2.544000000000000128e+01 6.419999999999999929e+00
-7.880399999999999636e+02 3.206000000000000227e+01 2.189999999999999947e+00
-7.880800000000000409e+02 2.187999999999999901e+01 1.110999999999999943e+01
-7.884700000000000273e+02 2.969999999999999929e+01 3.924000000000000199e+01
-7.884199999999999591e+02 3.682999999999999829e+01 3.146999999999999886e+01
-7.884400000000000546e+02 3.809000000000000341e+01 2.651999999999999957e+01
-7.885000000000000000e+02 2.348999999999999844e+01 4.350999999999999801e+01
-7.877699999999999818e+02 1.605999999999999872e+01 1.671999999999999886e+01
-7.884099999999999682e+02 3.910000000000000142e+00 4.645000000000000284e+01
-7.877799999999999727e+02 1.573000000000000043e+01 1.896000000000000085e+01
-7.883700000000000045e+02 1.400000000000000000e+01 3.467999999999999972e+01
-7.880599999999999454e+02 1.966000000000000014e+01 1.673000000000000043e+01
-7.882500000000000000e+02 3.187999999999999901e+01 4.589999999999999858e+00
-7.879700000000000273e+02 2.623999999999999844e+01 4.379999999999999893e+00
-7.883700000000000045e+02 7.950000000000000178e+00 4.067999999999999972e+01
-7.880499999999999545e+02 2.057000000000000028e+01 1.372000000000000064e+01
-7.885000000000000000e+02 1.603000000000000114e+01 4.593999999999999773e+01
-7.877999999999999545e+02 1.326999999999999957e+01 2.757999999999999829e+01
-7.881399999999999864e+02 2.935999999999999943e+01 7.490000000000000213e+00
-7.883300000000000409e+02 2.448000000000000043e+01 1.299000000000000021e+01
-7.882100000000000364e+02 3.407999999999999829e+01 2.169999999999999929e+00
-7.879900000000000091e+02 3.119000000000000128e+01 1.909999999999999920e+00
-7.884800000000000182e+02 9.330000000000000071e+00 4.782999999999999829e+01
-7.878099999999999454e+02 2.201999999999999957e+01 4.519999999999999574e+00
-7.881000000000000227e+02 2.403000000000000114e+01 1.225000000000000000e+01
-7.882799999999999727e+02 2.103999999999999915e+01 2.803000000000000114e+01
-7.880299999999999727e+02 1.766000000000000014e+01 1.341999999999999993e+01
-7.883899999999999864e+02 1.607999999999999829e+01 3.867000000000000171e+01
-7.876900000000000546e+02 1.277999999999999936e+01 2.423999999999999844e+01
-7.882699999999999818e+02 3.014000000000000057e+01 6.509999999999999787e+00
-7.879199999999999591e+02 1.581000000000000050e+01 2.766000000000000014e+01
-7.884800000000000182e+02 4.942000000000000171e+01 2.603000000000000114e+01
-7.878899999999999864e+02 1.969000000000000128e+01 7.820000000000000284e+00
-7.883999999999999773e+02 2.549999999999999822e+00 4.689000000000000057e+01
-7.885099999999999909e+02 1.848000000000000043e+01 4.560000000000000142e+01
-7.880299999999999727e+02 2.492999999999999972e+01 6.490000000000000213e+00
-7.877899999999999636e+02 2.658999999999999986e+01 9.399999999999999467e-01
-7.882899999999999636e+02 2.146999999999999886e+01 1.925000000000000000e+01
-7.885499999999999545e+02 4.399000000000000199e+01 4.352000000000000313e+01
-7.877200000000000273e+02 1.374000000000000021e+01 2.326000000000000156e+01
-7.883700000000000045e+02 2.001999999999999957e+01 3.114000000000000057e+01
-7.880199999999999818e+02 1.905999999999999872e+01 1.185999999999999943e+01
-7.883999999999999773e+02 1.122000000000000064e+01 4.563000000000000256e+01
-7.884600000000000364e+02 2.075000000000000000e+01 4.295000000000000284e+01
-7.882699999999999818e+02 2.980999999999999872e+01 6.879999999999999893e+00
-7.879400000000000546e+02 1.641000000000000014e+01 2.717000000000000171e+01
-7.883999999999999773e+02 3.514999999999999858e+01 2.610999999999999943e+01
-7.879099999999999682e+02 3.232000000000000028e+01 0.000000000000000000e+00
-7.882999999999999545e+02 2.655000000000000071e+01 1.059999999999999964e+01
-7.877300000000000182e+02 1.291999999999999993e+01 2.757999999999999829e+01
-7.885099999999999909e+02 1.732999999999999829e+01 4.615999999999999659e+01
-7.881100000000000136e+02 2.514999999999999858e+01 1.099000000000000021e+01
-7.884900000000000091e+02 4.899000000000000199e+01 2.782000000000000028e+01
-7.877699999999999818e+02 2.473999999999999844e+01 3.479999999999999982e+00
-7.881000000000000227e+02 2.730999999999999872e+01 7.980000000000000426e+00
-7.877500000000000000e+02 1.597000000000000064e+01 1.712000000000000099e+01
-7.884900000000000091e+02 1.003999999999999915e+01 4.811999999999999744e+01
-7.884400000000000546e+02 1.241999999999999993e+01 4.384000000000000341e+01
-7.885399999999999636e+02 2.444000000000000128e+01 4.572999999999999687e+01
-7.884099999999999682e+02 3.679999999999999716e+01 3.107000000000000028e+01
-7.878300000000000409e+02 1.575000000000000000e+01 2.133999999999999986e+01
