-7.882899999999999636e+02 2.944000000000000128e+01 7.269999999999999574e+00
-7.883600000000000136e+02 1.490000000000000036e+01 3.185999999999999943e+01
-7.883600000000000136e+02 4.299999999999999822e+00 4.307000000000000028e+01
-7.880299999999999727e+02 1.698000000000000043e+01 1.405000000000000071e+01
-7.881100000000000136e+02 2.446000000000000085e+01 1.196000000000000085e+01
-7.883500000000000227e+02 1.233000000000000007e+01 3.829999999999999716e+01
-7.880000000000000000e+02 1.910999999999999943e+01 1.101999999999999957e+01
-7.885700000000000500e+02 2.064000000000000057e+01 4.759000000000000341e+01
-7.883200000000000500e+02 2.128000000000000114e+01 1.932999999999999829e+01
-7.878400000000000318e+02 1.996999999999999886e+01 7.570000000000000284e+00
-7.881499999999999773e+02 3.909000000000000341e+01 0.000000000000000000e+00
-7.885099999999999909e+02 4.965999999999999659e+01 4.089000000000000057e+01
-7.879700000000000273e+02 2.271000000000000085e+01 7.490000000000000213e+00
-7.885000000000000000e+02 9.230000000000000426e+00 4.850000000000000000e+01
-7.883500000000000227e+02 2.314999999999999858e+01 1.633999999999999986e+01
-7.877699999999999818e+02 2.260999999999999943e+01 3.810000000000000053e+00
-7.881299999999999955e+02 2.846999999999999886e+01 8.169999999999999929e+00
-7.880900000000000318e+02 2.264000000000000057e+01 1.664000000000000057e+01
-7.883700000000000045e+02 7.969999999999999751e+00 4.046999999999999886e+01
-7.876900000000000546e+02 1.523000000000000043e+01 1.651000000000000156e+01
-7.883999999999999773e+02 6.600000000000000311e-01 4.788000000000000256e+01
-7.878500000000000227e+02 1.548000000000000043e+01 2.201999999999999957e+01
-7.877000000000000455e+02 1.285999999999999943e+01 2.385000000000000142e+01
-7.884900000000000091e+02 4.889999999999999858e+01 2.848000000000000043e+01
-7.886000000000000227e+02 2.891000000000000014e+01 4.685999999999999943e+01
-7.886000000000000227e+02 3.868999999999999773e+01 4.553000000000000114e+01
-7.879600000000000364e+02 1.691000000000000014e+01 2.898000000000000043e+01
-7.877899999999999636e+02 1.266000000000000014e+01 2.882999999999999829e+01
-7.883500000000000227e+02 2.162000000000000099e+01 2.976999999999999957e+01
-7.877599999999999909e+02 2.614000000000000057e+01 2.500000000000000000e-01
-7.882400000000000091e+02 1.200000000000000000e+01 3.207000000000000028e+01
-7.878999999999999773e+02 3.210999999999999943e+01 0.000000000000000000e+00
-7.885199999999999818e+02 1.448000000000000043e+01 4.753999999999999915e+01
-7.879600000000000364e+02 2.694000000000000128e+01 3.879999999999999893e+00
-7.880900000000000318e+02 3.164000000000000057e+01 4.250000000000000000e+00
-7.883099999999999454e+02 2.598999999999999844e+01 1.121000000000000085e+01
-7.877799999999999727e+02 2.532000000000000028e+01 6.800000000000000488e-01
-7.879199999999999591e+02 2.625000000000000000e+01 4.419999999999999929e+00
-7.878899999999999864e+02 1.973999999999999844e+01 7.769999999999999574e+00
-7.879199999999999591e+02 1.565000000000000036e+01 2.769999999999999929e+01
-7.877100000000000364e+02 1.333000000000000007e+01 2.421000000000000085e+01
-7.884299999999999500e+02 4.438000000000000256e+01 2.603000000000000114e+01
-7.885299999999999727e+02 2.630000000000000071e+01 4.367000000000000171e+01
-7.885499999999999545e+02 4.399000000000000199e+01 4.352000000000000313e+01
-7.880199999999999818e+02 2.108999999999999986e+01 9.939999999999999503e+00
-7.880599999999999454e+02 1.966000000000000014e+01 1.673000000000000043e+01
-7.880900000000000318e+02 3.603000000000000114e+01 1.889999999999999902e+00
-7.884199999999999591e+02 3.682999999999999829e+01 3.146999999999999886e+01
-7.882699999999999818e+02 2.980999999999999872e+01 6.879999999999999893e+00
-7.880499999999999545e+02 2.562999999999999901e+01 7.940000000000000391e+00
-7.877999999999999545e+02 1.468999999999999950e+01 2.298999999999999844e+01
-7.884700000000000273e+02 1.378999999999999915e+01 4.509000000000000341e+01
-7.884299999999999500e+02 4.039999999999999858e+01 2.607000000000000028e+01
-7.883600000000000136e+02 2.576999999999999957e+01 2.878000000000000114e+01
-7.883700000000000045e+02 1.391000000000000014e+01 3.471000000000000085e+01
-7.884800000000000182e+02 2.137000000000000099e+01 4.359000000000000341e+01
-7.884099999999999682e+02 3.910000000000000142e+00 4.642999999999999972e+01
-7.883600000000000136e+02 2.490000000000000213e+00 4.650999999999999801e+01
-7.885000000000000000e+02 9.230000000000000426e+00 4.850000000000000000e+01
-7.883600000000000136e+02 1.721000000000000085e+01 3.112999999999999901e+01
-7.880700000000000500e+02 2.326000000000000156e+01 1.023000000000000043e+01
-7.883799999999999955e+02 9.759999999999999787e+00 4.153999999999999915e+01
-7.881200000000000045e+02 3.101999999999999957e+01 5.629999999999999893e+00
-7.879099999999999682e+02 3.232000000000000028e+01 0.000000000000000000e+00
-7.883799999999999955e+02 2.391000000000000014e+01 3.012000000000000099e+01
-7.877300000000000182e+02 1.527999999999999936e+01 1.657999999999999829e+01
-7.877699999999999818e+02 1.457000000000000028e+01 2.639000000000000057e+01
-7.877999999999999545e+02 2.275000000000000000e+01 4.200000000000000178e+00
-7.883300000000000409e+02 2.448000000000000043e+01 1.299000000000000021e+01
-7.880299999999999727e+02 1.766000000000000014e+01 1.341999999999999993e+01
-7.880599999999999454e+02 2.344999999999999929e+01 8.589999999999999858e+00
-7.883700000000000045e+02 1.489999999999999991e+00 4.753000000000000114e+01
-7.885700000000000500e+02 2.380999999999999872e+01 4.725999999999999801e+01
-7.879199999999999591e+02 1.581000000000000050e+01 2.766000000000000014e+01
-7.885199999999999818e+02 3.675999999999999801e+01 4.339000000000000057e+01
-7.885099999999999909e+02 1.380000000000000071e+01 4.782999999999999829e+01
-7.884400000000000546e+02 4.335000000000000142e+01 2.607999999999999829e+01
-7.878400000000000318e+02 1.426999999999999957e+01 2.723000000000000043e+01
-7.877200000000000273e+02 1.374000000000000021e+01 2.326000000000000156e+01
-7.883400000000000318e+02 1.091999999999999993e+01 3.811999999999999744e+01
-7.880700000000000500e+02 2.246999999999999886e+01 1.042999999999999972e+01
-7.883500000000000227e+02 6.190000000000000391e+00 4.189999999999999858e+01
-7.882899999999999636e+02 2.875000000000000000e+01 8.089999999999999858e+00
-7.880599999999999454e+02 3.012999999999999901e+01 3.569999999999999840e+00
-7.884099999999999682e+02 3.445000000000000284e+01 3.268999999999999773e+01
-7.880299999999999727e+02 1.708999999999999986e+01 1.383000000000000007e+01
-7.885399999999999636e+02 2.598000000000000043e+01 4.503999999999999915e+01
-7.883899999999999864e+02 3.335999999999999943e+01 2.603999999999999915e+01
-7.881200000000000045e+02 2.653999999999999915e+01 9.619999999999999218e+00
-7.877999999999999545e+02 1.586999999999999922e+01 1.946999999999999886e+01
-7.877500000000000000e+02 1.597000000000000064e+01 1.712000000000000099e+01
-7.885000000000000000e+02 9.419999999999999929e+00 4.846000000000000085e+01
-7.882899999999999636e+02 8.789999999999999147e+00 4.000000000000000000e+01
-7.879400000000000546e+02 2.517000000000000171e+01 5.419999999999999929e+00
-7.880299999999999727e+02 2.446000000000000085e+01 6.700000000000000178e+00
-7.878200000000000500e+02 2.833999999999999986e+01 1.110000000000000098e+00
-7.883500000000000227e+02 1.691000000000000014e+01 3.135000000000000142e+01
-7.883099999999999454e+02 2.585999999999999943e+01 1.139000000000000057e+01
-7.883600000000000136e+02 2.128000000000000114e+01 3.050000000000000000e+01
-7.877500000000000000e+02 2.482000000000000028e+01 3.390000000000000124e+00
-7.879400000000000546e+02 1.808999999999999986e+01 1.176999999999999957e+01
-7.879199999999999591e+02 3.250999999999999801e+01 0.000000000000000000e+00
-7.877300000000000182e+02 2.162999999999999901e+01 5.969999999999999751e+00
-7.880199999999999818e+02 3.610000000000000142e+01 7.299999999999999822e-01
-7.885099999999999909e+02 4.835999999999999943e+01 4.093999999999999773e+01
-7.884400000000000546e+02 3.279999999999999805e+00 4.852000000000000313e+01
-7.877699999999999818e+02 2.596000000000000085e+01 3.200000000000000067e-01
-7.880900000000000318e+02 2.385000000000000142e+01 1.033999999999999986e+01
-7.884099999999999682e+02 3.861999999999999744e+01 2.610999999999999943e+01
-7.880900000000000318e+02 2.760000000000000142e+01 6.889999999999999680e+00
-7.882999999999999545e+02 1.983999999999999986e+01 2.903000000000000114e+01
-7.884400000000000546e+02 4.063000000000000256e+01 3.985999999999999943e+01
-7.885099999999999909e+02 4.250999999999999801e+01 4.179999999999999716e+01
-7.880399999999999636e+02 1.785000000000000142e+01 1.331000000000000050e+01
-7.884700000000000273e+02 8.710000000000000853e+00 4.785999999999999943e+01
-7.877799999999999727e+02 2.173000000000000043e+01 6.179999999999999716e+00
-7.884600000000000364e+02 2.596000000000000085e+01 4.321000000000000085e+01
-7.883300000000000409e+02 1.776999999999999957e+01 3.085999999999999943e+01
-7.878799999999999955e+02 2.698999999999999844e+01 1.290000000000000036e+00
-7.882899999999999636e+02 1.122000000000000064e+01 3.210999999999999943e+01
-7.878999999999999773e+02 1.378999999999999915e+01 2.903000000000000114e+01
-7.879500000000000455e+02 1.651999999999999957e+01 3.087000000000000099e+01
-7.885000000000000000e+02 1.299000000000000021e+01 4.764000000000000057e+01
-7.883799999999999955e+02 1.560000000000000053e+00 4.750000000000000000e+01
-7.882000000000000455e+02 3.893999999999999773e+01 1.979999999999999982e+00
-7.884099999999999682e+02 2.801000000000000156e+01 3.345000000000000284e+01
-7.880499999999999545e+02 2.210000000000000142e+01 9.460000000000000853e+00
-7.878200000000000500e+02 2.332000000000000028e+01 5.790000000000000036e+00
