-7.880800000000000409e+02 3.567999999999999972e+01 3.580000000000000071e+00
-7.880000000000000000e+02 1.910999999999999943e+01 1.101999999999999957e+01
-7.885000000000000000e+02 9.230000000000000426e+00 4.850000000000000000e+01
-7.884900000000000091e+02 4.889999999999999858e+01 2.848000000000000043e+01
-7.877699999999999818e+02 2.260999999999999943e+01 3.810000000000000053e+00
-7.881499999999999773e+02 3.909000000000000341e+01 0.000000000000000000e+00
-7.883600000000000136e+02 4.290000000000000036e+00 4.303000000000000114e+01
-7.883700000000000045e+02 7.969999999999999751e+00 4.046999999999999886e+01
-7.878500000000000227e+02 1.548000000000000043e+01 2.201999999999999957e+01
-7.877899999999999636e+02 1.266000000000000014e+01 2.882999999999999829e+01
-7.877000000000000455e+02 1.285999999999999943e+01 2.385000000000000142e+01
-7.883700000000000045e+02 1.313000000000000078e+01 3.904999999999999716e+01
-7.882400000000000091e+02 1.200000000000000000e+01 3.207000000000000028e+01
-7.881299999999999955e+02 2.842999999999999972e+01 7.830000000000000071e+00
-7.879600000000000364e+02 2.662000000000000099e+01 3.810000000000000053e+00
-7.878400000000000318e+02 1.996999999999999886e+01 7.570000000000000284e+00
-7.877599999999999909e+02 2.614000000000000057e+01 2.500000000000000000e-01
-7.883999999999999773e+02 6.600000000000000311e-01 4.788000000000000256e+01
-7.885700000000000500e+02 2.064000000000000057e+01 4.756000000000000227e+01
-7.879700000000000273e+02 2.271000000000000085e+01 7.490000000000000213e+00
-7.886000000000000227e+02 2.891000000000000014e+01 4.685999999999999943e+01
-7.883500000000000227e+02 2.314999999999999858e+01 1.633999999999999986e+01
-7.883500000000000227e+02 1.584999999999999964e+01 3.130999999999999872e+01
-7.882899999999999636e+02 2.944000000000000128e+01 7.269999999999999574e+00
-7.883500000000000227e+02 2.162000000000000099e+01 2.976999999999999957e+01
-7.879600000000000364e+02 1.691000000000000014e+01 2.898000000000000043e+01
-7.880299999999999727e+02 1.698000000000000043e+01 1.405000000000000071e+01
-7.881100000000000136e+02 2.446000000000000085e+01 1.196000000000000085e+01
-7.886000000000000227e+02 3.868999999999999773e+01 4.553000000000000114e+01
-7.885199999999999818e+02 1.448000000000000043e+01 4.753999999999999915e+01
-7.876699999999999591e+02 1.527999999999999936e+01 1.626999999999999957e+01
-7.880599999999999454e+02 1.966000000000000014e+01 1.673000000000000043e+01
-7.885099999999999909e+02 4.935000000000000142e+01 4.050000000000000000e+01
-7.883099999999999454e+02 2.605000000000000071e+01 1.116000000000000014e+01
-7.883200000000000500e+02 2.128000000000000114e+01 1.932999999999999829e+01
-7.879099999999999682e+02 3.232000000000000028e+01 0.000000000000000000e+00
-7.880499999999999545e+02 1.791000000000000014e+01 1.808999999999999986e+01
-7.885099999999999909e+02 4.510000000000000142e+01 4.067999999999999972e+01
-7.880800000000000409e+02 2.305000000000000071e+01 1.225000000000000000e+01
-7.884099999999999682e+02 2.405000000000000071e+01 3.625000000000000000e+01
-7.877599999999999909e+02 2.537999999999999901e+01 7.900000000000000355e-01
-7.882999999999999545e+02 2.148000000000000043e+01 1.660000000000000142e+01
-7.882000000000000455e+02 3.767000000000000171e+01 2.069999999999999840e+00
-7.880800000000000409e+02 2.685999999999999943e+01 6.940000000000000391e+00
-7.885499999999999545e+02 2.383999999999999986e+01 4.614999999999999858e+01
-7.883200000000000500e+02 1.533999999999999986e+01 3.299000000000000199e+01
-7.880499999999999545e+02 3.069000000000000128e+01 2.759999999999999787e+00
-7.885800000000000409e+02 3.606000000000000227e+01 4.472999999999999687e+01
-7.882799999999999727e+02 2.891000000000000014e+01 7.860000000000000320e+00
-7.879299999999999500e+02 3.577000000000000313e+01 3.400000000000000244e-01
-7.880399999999999636e+02 1.785000000000000142e+01 1.331000000000000050e+01
-7.878899999999999864e+02 1.973999999999999844e+01 7.769999999999999574e+00
-7.883300000000000409e+02 2.448000000000000043e+01 1.299000000000000021e+01
-7.880700000000000500e+02 2.492999999999999972e+01 8.769999999999999574e+00
-7.880499999999999545e+02 1.971999999999999886e+01 1.269999999999999929e+01
-7.883999999999999773e+02 3.507000000000000028e+01 2.607999999999999829e+01
-7.881900000000000546e+02 1.459999999999999964e+01 3.182999999999999829e+01
-7.884800000000000182e+02 1.009999999999999964e+01 4.743999999999999773e+01
-7.884199999999999591e+02 3.847999999999999687e+01 3.542000000000000171e+01
-7.877200000000000273e+02 1.325000000000000000e+01 2.421000000000000085e+01
-7.883999999999999773e+02 1.328999999999999915e+01 4.092999999999999972e+01
-7.878400000000000318e+02 1.405000000000000071e+01 2.294999999999999929e+01
-7.885099999999999909e+02 1.331000000000000050e+01 4.789000000000000057e+01
-7.879800000000000182e+02 2.569999999999999929e+01 4.830000000000000071e+00
-7.884500000000000455e+02 2.721999999999999886e+01 4.057999999999999829e+01
-7.884900000000000091e+02 9.029999999999999361e+00 4.782000000000000028e+01
-7.879500000000000455e+02 1.651999999999999957e+01 3.087000000000000099e+01
-7.884299999999999500e+02 4.285999999999999943e+01 2.700000000000000000e+01
-7.878700000000000045e+02 2.262000000000000099e+01 5.280000000000000249e+00
-7.884199999999999591e+02 1.020000000000000018e+00 4.821000000000000085e+01
-7.877400000000000091e+02 1.575999999999999979e+01 1.887999999999999901e+01
-7.877999999999999545e+02 1.311999999999999922e+01 3.105999999999999872e+01
-7.883500000000000227e+02 6.190000000000000391e+00 4.189999999999999858e+01
-7.880900000000000318e+02 3.704999999999999716e+01 2.160000000000000142e+00
-7.878999999999999773e+02 2.005000000000000071e+01 7.450000000000000178e+00
-7.882699999999999818e+02 2.980999999999999872e+01 6.879999999999999893e+00
-7.884900000000000091e+02 1.197000000000000064e+01 4.750000000000000000e+01
-7.885399999999999636e+02 4.267000000000000171e+01 4.331000000000000227e+01
-7.878700000000000045e+02 2.289000000000000057e+01 5.110000000000000320e+00
-7.885199999999999818e+02 1.941000000000000014e+01 4.579999999999999716e+01
-7.880299999999999727e+02 1.698000000000000043e+01 1.405000000000000071e+01
-7.877200000000000273e+02 1.374000000000000021e+01 2.326000000000000156e+01
-7.878099999999999454e+02 2.703999999999999915e+01 4.299999999999999933e-01
-7.884099999999999682e+02 2.001999999999999957e+01 3.742999999999999972e+01
-7.879400000000000546e+02 2.392999999999999972e+01 5.250000000000000000e+00
-7.883799999999999955e+02 1.259999999999999964e+01 4.085999999999999943e+01
-7.880199999999999818e+02 3.069000000000000128e+01 1.810000000000000053e+00
-7.883700000000000045e+02 2.350000000000000089e+00 4.688000000000000256e+01
-7.885199999999999818e+02 4.778999999999999915e+01 4.127000000000000313e+01
-7.881000000000000227e+02 2.630999999999999872e+01 1.005000000000000071e+01
-7.879199999999999591e+02 1.581000000000000050e+01 2.766000000000000014e+01
-7.884800000000000182e+02 3.175000000000000000e+01 4.306000000000000227e+01
-7.883099999999999454e+02 2.092000000000000171e+01 1.725000000000000000e+01
-7.877400000000000091e+02 1.619000000000000128e+01 1.701000000000000156e+01
-7.884600000000000364e+02 8.019999999999999574e+00 4.745000000000000284e+01
-7.884600000000000364e+02 4.774000000000000199e+01 2.601999999999999957e+01
-7.880399999999999636e+02 2.012999999999999901e+01 1.190000000000000036e+01
-7.880800000000000409e+02 2.519999999999999929e+01 9.439999999999999503e+00
-7.883099999999999454e+02 2.467999999999999972e+01 1.278999999999999915e+01
-7.878500000000000227e+02 1.358000000000000007e+01 2.698000000000000043e+01
-7.885599999999999454e+02 2.883999999999999986e+01 4.514000000000000057e+01
-7.880499999999999545e+02 2.344999999999999929e+01 8.490000000000000213e+00
-7.884800000000000182e+02 1.091000000000000014e+01 4.740999999999999659e+01
-7.884199999999999591e+02 3.924000000000000199e+01 2.605999999999999872e+01
-7.884099999999999682e+02 3.379999999999999893e+00 4.732999999999999829e+01
-7.880299999999999727e+02 3.007000000000000028e+01 2.910000000000000142e+00
-7.877300000000000182e+02 1.533999999999999986e+01 2.212999999999999901e+01
-7.884500000000000455e+02 1.261999999999999922e+01 4.478000000000000114e+01
-7.883600000000000136e+02 1.551999999999999957e+01 3.142999999999999972e+01
-7.883099999999999454e+02 2.182999999999999829e+01 1.616000000000000014e+01
-7.883899999999999864e+02 6.610000000000000320e+00 4.328999999999999915e+01
-7.880199999999999818e+02 2.067000000000000171e+01 1.046000000000000085e+01
-7.881599999999999682e+02 4.017000000000000171e+01 1.120000000000000107e+00
-7.881100000000000136e+02 3.105000000000000071e+01 6.599999999999999645e+00
-7.883899999999999864e+02 2.132999999999999829e+01 3.303999999999999915e+01
-7.883799999999999955e+02 1.439999999999999947e+00 4.763000000000000256e+01
-7.883999999999999773e+02 3.349000000000000199e+01 3.010999999999999943e+01
-7.883500000000000227e+02 3.609999999999999876e+00 4.221999999999999886e+01
-7.885499999999999545e+02 2.864999999999999858e+01 4.515999999999999659e+01
-7.880700000000000500e+02 2.271000000000000085e+01 1.063000000000000078e+01
-7.878799999999999955e+02 2.260999999999999943e+01 5.320000000000000284e+00
-7.877500000000000000e+02 1.597000000000000064e+01 1.712000000000000099e+01
-7.880199999999999818e+02 2.528999999999999915e+01 5.690000000000000391e+00
-7.882999999999999545e+02 2.548999999999999844e+01 1.181000000000000050e+01
-7.877599999999999909e+02 1.535999999999999943e+01 1.942999999999999972e+01
-7.881000000000000227e+02 2.905999999999999872e+01 5.440000000000000391e+00
-7.879700000000000273e+02 2.058999999999999986e+01 8.810000000000000497e+00
-7.882699999999999818e+02 2.964000000000000057e+01 7.059999999999999609e+00
