-7.880000000000000000e+02 1.910999999999999943e+01 1.101999999999999957e+01
-7.879600000000000364e+02 1.691000000000000014e+01 2.898000000000000043e+01
-7.876699999999999591e+02 1.527999999999999936e+01 1.626999999999999957e+01
-7.882899999999999636e+02 2.928999999999999915e+01 7.450000000000000178e+00
-7.881100000000000136e+02 3.428999999999999915e+01 4.299999999999999822e+00
-7.885000000000000000e+02 9.230000000000000426e+00 4.850000000000000000e+01
-7.883500000000000227e+02 2.162000000000000099e+01 2.976999999999999957e+01
-7.883600000000000136e+02 4.290000000000000036e+00 4.303000000000000114e+01
-7.883999999999999773e+02 6.600000000000000311e-01 4.788000000000000256e+01
-7.877599999999999909e+02 2.614000000000000057e+01 2.500000000000000000e-01
-7.879700000000000273e+02 2.271000000000000085e+01 7.490000000000000213e+00
-7.879099999999999682e+02 3.232000000000000028e+01 0.000000000000000000e+00
-7.882100000000000364e+02 1.319999999999999929e+01 3.182999999999999829e+01
-7.883600000000000136e+02 1.233000000000000007e+01 3.688000000000000256e+01
-7.878400000000000318e+02 1.996999999999999886e+01 7.570000000000000284e+00
-7.883500000000000227e+02 2.314999999999999858e+01 1.633999999999999986e+01
-7.876399999999999864e+02 1.265000000000000036e+01 2.446999999999999886e+01
-7.886000000000000227e+02 2.891000000000000014e+01 4.685999999999999943e+01
-7.877699999999999818e+02 2.260999999999999943e+01 3.810000000000000053e+00
-7.883700000000000045e+02 7.969999999999999751e+00 4.046999999999999886e+01
-7.877899999999999636e+02 1.266000000000000014e+01 2.882999999999999829e+01
-7.883099999999999454e+02 2.605000000000000071e+01 1.116000000000000014e+01
-7.885199999999999818e+02 1.448000000000000043e+01 4.753999999999999915e+01
-7.882400000000000091e+02 3.496999999999999886e+01 2.729999999999999982e+00
-7.880299999999999727e+02 1.698000000000000043e+01 1.405000000000000071e+01
-7.879600000000000364e+02 2.662000000000000099e+01 3.810000000000000053e+00
-7.880499999999999545e+02 1.791000000000000014e+01 1.808999999999999986e+01
-7.883600000000000136e+02 2.916000000000000014e+01 2.785999999999999943e+01
-7.878500000000000227e+02 1.548000000000000043e+01 2.201999999999999957e+01
-7.881599999999999682e+02 3.906000000000000227e+01 0.000000000000000000e+00
-7.885099999999999909e+02 4.935000000000000142e+01 4.050000000000000000e+01
-7.884900000000000091e+02 4.889999999999999858e+01 2.848000000000000043e+01
-7.886000000000000227e+02 3.868999999999999773e+01 4.553000000000000114e+01
-7.881299999999999955e+02 2.842999999999999972e+01 7.830000000000000071e+00
-7.881100000000000136e+02 2.446000000000000085e+01 1.196000000000000085e+01
-7.883500000000000227e+02 1.584999999999999964e+01 3.130999999999999872e+01
-7.885700000000000500e+02 2.014999999999999858e+01 4.756000000000000227e+01
-7.880800000000000409e+02 2.108999999999999986e+01 1.500000000000000000e+01
-7.877200000000000273e+02 1.678999999999999915e+01 1.563000000000000078e+01
-7.882899999999999636e+02 2.944000000000000128e+01 7.269999999999999574e+00
-7.877200000000000273e+02 1.325000000000000000e+01 2.421000000000000085e+01
-7.885499999999999545e+02 4.386999999999999744e+01 4.321999999999999886e+01
-7.883999999999999773e+02 5.699999999999999512e-01 4.824000000000000199e+01
-7.884700000000000273e+02 8.539999999999999147e+00 4.742000000000000171e+01
-7.881100000000000136e+02 2.655000000000000071e+01 1.006000000000000050e+01
-7.877599999999999909e+02 1.535999999999999943e+01 1.942999999999999972e+01
-7.883700000000000045e+02 3.078999999999999915e+01 2.776000000000000156e+01
-7.883200000000000500e+02 1.110999999999999943e+01 3.435999999999999943e+01
-7.882599999999999909e+02 3.060999999999999943e+01 5.980000000000000426e+00
-7.880700000000000500e+02 3.745000000000000284e+01 1.300000000000000044e+00
-7.877799999999999727e+02 2.610999999999999943e+01 2.999999999999999889e-01
-7.885399999999999636e+02 2.132000000000000028e+01 4.664999999999999858e+01
-7.880299999999999727e+02 2.814999999999999858e+01 3.990000000000000213e+00
-7.884199999999999591e+02 7.389999999999999680e+00 4.413000000000000256e+01
-7.878700000000000045e+02 3.198999999999999844e+01 0.000000000000000000e+00
-7.884700000000000273e+02 4.893999999999999773e+01 2.812000000000000099e+01
-7.879600000000000364e+02 2.532000000000000028e+01 6.349999999999999645e+00
-7.880399999999999636e+02 1.785000000000000142e+01 1.316000000000000014e+01
-7.883400000000000318e+02 2.258999999999999986e+01 1.583000000000000007e+01
-7.885299999999999727e+02 4.815999999999999659e+01 4.246000000000000085e+01
-7.878099999999999454e+02 1.501999999999999957e+01 2.864000000000000057e+01
-7.883099999999999454e+02 1.751000000000000156e+01 3.094999999999999929e+01
-7.882599999999999909e+02 1.301999999999999957e+01 3.185999999999999943e+01
-7.877899999999999636e+02 2.403999999999999915e+01 4.459999999999999964e+00
-7.885800000000000409e+02 3.005000000000000071e+01 4.553000000000000114e+01
-7.882999999999999545e+02 2.148000000000000043e+01 1.660000000000000142e+01
-7.884299999999999500e+02 2.687999999999999901e+01 3.710000000000000142e+01
-7.878999999999999773e+02 2.005000000000000071e+01 7.450000000000000178e+00
-7.880199999999999818e+02 1.787000000000000099e+01 1.272000000000000064e+01
-7.882999999999999545e+02 2.601999999999999957e+01 1.121000000000000085e+01
-7.880900000000000318e+02 2.380999999999999872e+01 9.570000000000000284e+00
-7.881599999999999682e+02 1.858999999999999986e+01 3.021999999999999886e+01
-7.882899999999999636e+02 5.950000000000000178e+00 4.078000000000000114e+01
-7.884900000000000091e+02 1.151999999999999957e+01 4.778999999999999915e+01
-7.880499999999999545e+02 1.817999999999999972e+01 1.794999999999999929e+01
-7.882200000000000273e+02 1.324000000000000021e+01 3.176999999999999957e+01
-7.884500000000000455e+02 2.930000000000000071e+01 4.117999999999999972e+01
-7.880900000000000318e+02 2.321999999999999886e+01 1.099000000000000021e+01
-7.885099999999999909e+02 1.456000000000000050e+01 4.745000000000000284e+01
-7.883500000000000227e+02 2.970000000000000195e+00 4.392999999999999972e+01
-7.878899999999999864e+02 1.973999999999999844e+01 7.769999999999999574e+00
-7.884199999999999591e+02 1.115000000000000036e+01 4.370000000000000284e+01
-7.880599999999999454e+02 2.101999999999999957e+01 1.275999999999999979e+01
-7.879400000000000546e+02 2.651999999999999957e+01 3.850000000000000089e+00
-7.885900000000000318e+02 2.701000000000000156e+01 4.717999999999999972e+01
-7.882100000000000364e+02 1.825000000000000000e+01 3.039999999999999858e+01
-7.882000000000000455e+02 3.767000000000000171e+01 2.069999999999999840e+00
-7.882699999999999818e+02 1.028999999999999915e+01 3.856000000000000227e+01
-7.877400000000000091e+02 1.619000000000000128e+01 1.701000000000000156e+01
-7.883099999999999454e+02 2.467999999999999972e+01 1.278999999999999915e+01
-7.877200000000000273e+02 2.569999999999999929e+01 5.100000000000000089e-01
-7.877300000000000182e+02 1.533999999999999986e+01 2.212999999999999901e+01
-7.883799999999999955e+02 1.907000000000000028e+01 3.153999999999999915e+01
-7.877200000000000273e+02 1.374000000000000021e+01 2.326000000000000156e+01
-7.877899999999999636e+02 1.310999999999999943e+01 2.851999999999999957e+01
-7.880299999999999727e+02 1.732000000000000028e+01 1.352999999999999936e+01
-7.884900000000000091e+02 9.460000000000000853e+00 4.781000000000000227e+01
-7.883099999999999454e+02 2.092000000000000171e+01 1.725000000000000000e+01
-7.883799999999999955e+02 1.439999999999999947e+00 4.763000000000000256e+01
-7.880700000000000500e+02 1.939999999999999858e+01 1.728000000000000114e+01
-7.880499999999999545e+02 3.051999999999999957e+01 2.169999999999999929e+00
-7.884400000000000546e+02 4.200999999999999801e+01 2.610000000000000142e+01
-7.885399999999999636e+02 4.471999999999999886e+01 4.260999999999999943e+01
-7.884800000000000182e+02 2.042999999999999972e+01 4.335000000000000142e+01
-7.885700000000000500e+02 4.342999999999999972e+01 4.446999999999999886e+01
-7.882699999999999818e+02 2.980999999999999872e+01 6.879999999999999893e+00
-7.880599999999999454e+02 2.501999999999999957e+01 7.389999999999999680e+00
-7.880099999999999909e+02 3.396000000000000085e+01 1.570000000000000062e+00
-7.884099999999999682e+02 3.803999999999999915e+01 2.607999999999999829e+01
-7.877500000000000000e+02 2.394999999999999929e+01 3.729999999999999982e+00
-7.880099999999999909e+02 2.267000000000000171e+01 8.060000000000000497e+00
-7.880599999999999454e+02 2.071999999999999886e+01 1.285999999999999943e+01
-7.877599999999999909e+02 2.537999999999999901e+01 7.900000000000000355e-01
-7.882100000000000364e+02 1.808999999999999986e+01 3.060000000000000142e+01
-7.883500000000000227e+02 1.607999999999999829e+01 3.125000000000000000e+01
-7.883700000000000045e+02 3.007999999999999829e+01 2.805000000000000071e+01
-7.882899999999999636e+02 2.601000000000000156e+01 1.118999999999999950e+01
-7.885099999999999909e+02 2.976000000000000156e+01 4.121999999999999886e+01
-7.876799999999999500e+02 1.291000000000000014e+01 2.378999999999999915e+01
-7.885099999999999909e+02 4.452000000000000313e+01 4.064999999999999858e+01
-7.880599999999999454e+02 1.882999999999999829e+01 1.510999999999999943e+01
-7.883999999999999773e+02 2.467000000000000171e+01 3.664000000000000057e+01
-7.879800000000000182e+02 3.089000000000000057e+01 1.770000000000000018e+00
-7.884099999999999682e+02 6.600000000000000311e-01 4.831000000000000227e+01
-7.878200000000000500e+02 1.533999999999999986e+01 2.232000000000000028e+01
-7.880900000000000318e+02 3.017999999999999972e+01 4.280000000000000249e+00
-7.880800000000000409e+02 2.505000000000000071e+01 9.039999999999999147e+00
-7.878700000000000045e+02 2.289000000000000057e+01 5.110000000000000320e+00
