-7.879700000000000273e+02 2.285999999999999943e+01 7.469999999999999751e+00
-7.877200000000000273e+02 2.716000000000000014e+01 0.000000000000000000e+00
-7.876699999999999591e+02 1.527999999999999936e+01 1.626999999999999957e+01
-7.883500000000000227e+02 2.314999999999999858e+01 1.633999999999999986e+01
-7.885199999999999818e+02 1.448000000000000043e+01 4.753999999999999915e+01
-7.883999999999999773e+02 6.600000000000000311e-01 4.788000000000000256e+01
-7.879600000000000364e+02 2.662000000000000099e+01 3.810000000000000053e+00
-7.881100000000000136e+02 3.428999999999999915e+01 4.299999999999999822e+00
-7.879600000000000364e+02 1.691000000000000014e+01 2.898000000000000043e+01
-7.880299999999999727e+02 1.698000000000000043e+01 1.405000000000000071e+01
-7.882400000000000091e+02 3.496999999999999886e+01 2.729999999999999982e+00
-7.885000000000000000e+02 9.230000000000000426e+00 4.850000000000000000e+01
-7.881599999999999682e+02 3.906000000000000227e+01 0.000000000000000000e+00
-7.883500000000000227e+02 1.584999999999999964e+01 3.130999999999999872e+01
-7.879299999999999500e+02 3.209000000000000341e+01 0.000000000000000000e+00
-7.886000000000000227e+02 3.868999999999999773e+01 4.553000000000000114e+01
-7.883099999999999454e+02 2.605000000000000071e+01 1.116000000000000014e+01
-7.881100000000000136e+02 2.446000000000000085e+01 1.196000000000000085e+01
-7.882899999999999636e+02 2.928999999999999915e+01 7.450000000000000178e+00
-7.883600000000000136e+02 4.290000000000000036e+00 4.303000000000000114e+01
-7.883600000000000136e+02 2.916000000000000014e+01 2.785999999999999943e+01
-7.881299999999999955e+02 2.814999999999999858e+01 8.259999999999999787e+00
-7.877899999999999636e+02 1.266000000000000014e+01 2.882999999999999829e+01
-7.886000000000000227e+02 2.891000000000000014e+01 4.685999999999999943e+01
-7.878500000000000227e+02 1.548000000000000043e+01 2.201999999999999957e+01
-7.883500000000000227e+02 2.162000000000000099e+01 2.976999999999999957e+01
-7.882599999999999909e+02 1.291999999999999993e+01 3.176000000000000156e+01
-7.877699999999999818e+02 2.260999999999999943e+01 3.810000000000000053e+00
-7.880000000000000000e+02 1.910999999999999943e+01 1.101999999999999957e+01
-7.884900000000000091e+02 4.889999999999999858e+01 2.848000000000000043e+01
-7.885099999999999909e+02 4.932999999999999829e+01 4.053000000000000114e+01
-7.883600000000000136e+02 1.233000000000000007e+01 3.688000000000000256e+01
-7.883700000000000045e+02 7.969999999999999751e+00 4.046999999999999886e+01
-7.885700000000000500e+02 2.014999999999999858e+01 4.756000000000000227e+01
-7.878500000000000227e+02 1.978000000000000114e+01 7.740000000000000213e+00
-7.876399999999999864e+02 1.265000000000000036e+01 2.446999999999999886e+01
-7.880800000000000409e+02 2.108999999999999986e+01 1.500000000000000000e+01
-7.884099999999999682e+02 2.094000000000000128e+01 4.011999999999999744e+01
-7.885000000000000000e+02 1.685999999999999943e+01 4.668999999999999773e+01
-7.880599999999999454e+02 2.103999999999999915e+01 1.060999999999999943e+01
-7.878400000000000318e+02 2.239000000000000057e+01 6.040000000000000036e+00
-7.877999999999999545e+02 1.309999999999999964e+01 2.642999999999999972e+01
-7.884700000000000273e+02 7.629999999999999893e+00 4.777000000000000313e+01
-7.882899999999999636e+02 2.942999999999999972e+01 7.299999999999999822e+00
-7.885800000000000409e+02 3.878000000000000114e+01 4.481000000000000227e+01
-7.885499999999999545e+02 2.801000000000000156e+01 4.479999999999999716e+01
-7.882400000000000091e+02 1.946999999999999886e+01 2.933999999999999986e+01
-7.879800000000000182e+02 3.089000000000000057e+01 1.770000000000000018e+00
-7.884900000000000091e+02 4.928999999999999915e+01 2.605000000000000071e+01
-7.885599999999999454e+02 2.239000000000000057e+01 4.749000000000000199e+01
-7.877200000000000273e+02 2.523000000000000043e+01 1.209999999999999964e+00
-7.883799999999999955e+02 3.194999999999999929e+01 2.428000000000000114e+01
-7.877200000000000273e+02 1.678999999999999915e+01 1.563000000000000078e+01
-7.878799999999999955e+02 2.992000000000000171e+01 2.290000000000000036e+00
-7.880900000000000318e+02 2.816000000000000014e+01 6.009999999999999787e+00
-7.877799999999999727e+02 1.511999999999999922e+01 2.117000000000000171e+01
-7.879700000000000273e+02 2.196999999999999886e+01 8.070000000000000284e+00
-7.883799999999999955e+02 1.108000000000000007e+01 4.092000000000000171e+01
-7.882400000000000091e+02 3.570000000000000284e+01 1.040000000000000036e+00
-7.884900000000000091e+02 4.217000000000000171e+01 4.106000000000000227e+01
-7.877400000000000091e+02 1.297000000000000064e+01 2.375000000000000000e+01
-7.882100000000000364e+02 1.825000000000000000e+01 3.039999999999999858e+01
-7.878799999999999955e+02 1.987999999999999901e+01 7.730000000000000426e+00
-7.884400000000000546e+02 4.259999999999999787e+00 4.777000000000000313e+01
-7.880599999999999454e+02 1.882999999999999829e+01 1.510999999999999943e+01
-7.880299999999999727e+02 1.748999999999999844e+01 1.328999999999999915e+01
-7.884099999999999682e+02 6.500000000000000222e-01 4.831000000000000227e+01
-7.880800000000000409e+02 2.169999999999999929e+01 1.292999999999999972e+01
-7.881000000000000227e+02 3.425000000000000000e+01 4.150000000000000355e+00
-7.882899999999999636e+02 2.601000000000000156e+01 1.118999999999999950e+01
-7.883700000000000045e+02 2.900000000000000000e+01 2.798000000000000043e+01
-7.882999999999999545e+02 7.780000000000000249e+00 4.203000000000000114e+01
-7.882200000000000273e+02 3.367000000000000171e+01 5.419999999999999929e+00
-7.878700000000000045e+02 3.198999999999999844e+01 0.000000000000000000e+00
-7.880299999999999727e+02 1.732000000000000028e+01 1.352999999999999936e+01
-7.879700000000000273e+02 3.001999999999999957e+01 4.339999999999999858e+00
-7.880299999999999727e+02 1.778000000000000114e+01 1.296000000000000085e+01
-7.877500000000000000e+02 1.405000000000000071e+01 2.350000000000000000e+01
-7.885499999999999545e+02 2.180999999999999872e+01 4.670000000000000284e+01
-7.880700000000000500e+02 2.558999999999999986e+01 8.279999999999999361e+00
-7.884900000000000091e+02 1.009999999999999964e+01 4.772999999999999687e+01
-7.878200000000000500e+02 1.365000000000000036e+01 3.157000000000000028e+01
-7.881200000000000045e+02 2.632999999999999829e+01 1.022000000000000064e+01
-7.884099999999999682e+02 6.300000000000000044e-01 4.832000000000000028e+01
-7.877300000000000182e+02 2.537000000000000099e+01 8.000000000000000444e-01
-7.882899999999999636e+02 2.944000000000000128e+01 7.269999999999999574e+00
-7.879900000000000091e+02 2.432999999999999829e+01 6.540000000000000036e+00
-7.878700000000000045e+02 2.289000000000000057e+01 5.110000000000000320e+00
-7.881900000000000546e+02 3.950999999999999801e+01 6.700000000000000400e-01
-7.884400000000000546e+02 4.477000000000000313e+01 2.605999999999999872e+01
-7.882300000000000182e+02 8.210000000000000853e+00 3.782000000000000028e+01
-7.880599999999999454e+02 2.032000000000000028e+01 1.447000000000000064e+01
-7.882999999999999545e+02 2.357999999999999829e+01 1.405000000000000071e+01
-7.884800000000000182e+02 3.432000000000000028e+01 4.204999999999999716e+01
-7.876799999999999500e+02 1.551999999999999957e+01 1.833999999999999986e+01
-7.882100000000000364e+02 1.808999999999999986e+01 3.060000000000000142e+01
-7.882999999999999545e+02 1.049000000000000021e+01 3.600000000000000000e+01
-7.883200000000000500e+02 2.016000000000000014e+01 3.005999999999999872e+01
-7.877200000000000273e+02 1.363000000000000078e+01 2.321000000000000085e+01
-7.884199999999999591e+02 3.660000000000000142e+00 4.771000000000000085e+01
-7.883700000000000045e+02 2.678999999999999915e+01 2.933999999999999986e+01
-7.878899999999999864e+02 1.973999999999999844e+01 7.769999999999999574e+00
-7.883099999999999454e+02 2.535000000000000142e+01 1.199000000000000021e+01
-7.882500000000000000e+02 1.796999999999999886e+01 3.112000000000000099e+01
-7.885199999999999818e+02 1.541000000000000014e+01 4.725000000000000000e+01
-7.884500000000000455e+02 2.596000000000000085e+01 4.147999999999999687e+01
-7.883899999999999864e+02 2.160000000000000142e+00 4.725999999999999801e+01
-7.883600000000000136e+02 2.939999999999999947e+00 4.403000000000000114e+01
-7.883200000000000500e+02 2.378999999999999915e+01 1.500000000000000000e+01
-7.879900000000000091e+02 2.001999999999999957e+01 9.980000000000000426e+00
-7.883799999999999955e+02 1.998999999999999844e+01 3.169999999999999929e+01
-7.885099999999999909e+02 3.339999999999999858e+01 4.377000000000000313e+01
-7.884600000000000364e+02 4.522999999999999687e+01 2.605000000000000071e+01
-7.886000000000000227e+02 2.830000000000000071e+01 4.686999999999999744e+01
-7.880599999999999454e+02 2.501999999999999957e+01 7.389999999999999680e+00
-7.882999999999999545e+02 2.546999999999999886e+01 1.183000000000000007e+01
-7.882699999999999818e+02 1.016999999999999993e+01 3.728999999999999915e+01
-7.880099999999999909e+02 3.164999999999999858e+01 2.049999999999999822e+00
-7.877999999999999545e+02 1.189000000000000057e+01 3.236999999999999744e+01
-7.882899999999999636e+02 2.944000000000000128e+01 7.269999999999999574e+00
-7.880499999999999545e+02 1.785000000000000142e+01 1.746000000000000085e+01
-7.883200000000000500e+02 2.121000000000000085e+01 1.689000000000000057e+01
-7.881000000000000227e+02 2.383999999999999986e+01 1.150000000000000000e+01
-7.877699999999999818e+02 2.562999999999999901e+01 8.800000000000000044e-01
-7.878700000000000045e+02 2.369000000000000128e+01 4.450000000000000178e+00
-7.877200000000000273e+02 1.635000000000000142e+01 1.687999999999999901e+01
-7.883200000000000500e+02 1.371000000000000085e+01 3.303000000000000114e+01
-7.879400000000000546e+02 2.573999999999999844e+01 4.750000000000000000e+00
