-7.882400000000000091e+02 3.496999999999999886e+01 2.729999999999999982e+00
-7.881100000000000136e+02 3.428999999999999915e+01 4.299999999999999822e+00
-7.885700000000000500e+02 2.089000000000000057e+01 4.738000000000000256e+01
-7.883099999999999454e+02 2.605000000000000071e+01 1.116000000000000014e+01
-7.886000000000000227e+02 2.891000000000000014e+01 4.685999999999999943e+01
-7.880000000000000000e+02 1.910999999999999943e+01 1.101999999999999957e+01
-7.882599999999999909e+02 1.291999999999999993e+01 3.176000000000000156e+01
-7.876699999999999591e+02 1.527999999999999936e+01 1.626999999999999957e+01
-7.880399999999999636e+02 1.696999999999999886e+01 1.550000000000000000e+01
-7.883500000000000227e+02 2.162000000000000099e+01 2.976999999999999957e+01
-7.883999999999999773e+02 6.600000000000000311e-01 4.788000000000000256e+01
-7.883500000000000227e+02 2.314999999999999858e+01 1.633999999999999986e+01
-7.876399999999999864e+02 1.265000000000000036e+01 2.446999999999999886e+01
-7.885099999999999909e+02 4.932999999999999829e+01 4.053000000000000114e+01
-7.885000000000000000e+02 9.230000000000000426e+00 4.850000000000000000e+01
-7.883700000000000045e+02 7.969999999999999751e+00 4.046999999999999886e+01
-7.883600000000000136e+02 1.233000000000000007e+01 3.688000000000000256e+01
-7.880800000000000409e+02 2.108999999999999986e+01 1.500000000000000000e+01
-7.878500000000000227e+02 1.548000000000000043e+01 2.201999999999999957e+01
-7.877200000000000273e+02 2.716000000000000014e+01 0.000000000000000000e+00
-7.877699999999999818e+02 2.260999999999999943e+01 3.810000000000000053e+00
-7.877899999999999636e+02 1.266000000000000014e+01 2.882999999999999829e+01
-7.883600000000000136e+02 4.290000000000000036e+00 4.303000000000000114e+01
-7.879600000000000364e+02 1.691000000000000014e+01 2.898000000000000043e+01
-7.885199999999999818e+02 1.416000000000000014e+01 4.768999999999999773e+01
-7.879299999999999500e+02 3.209000000000000341e+01 0.000000000000000000e+00
-7.883500000000000227e+02 1.584999999999999964e+01 3.130999999999999872e+01
-7.881599999999999682e+02 3.892000000000000171e+01 0.000000000000000000e+00
-7.879600000000000364e+02 2.662000000000000099e+01 3.810000000000000053e+00
-7.878500000000000227e+02 1.978000000000000114e+01 7.740000000000000213e+00
-7.883600000000000136e+02 2.887999999999999901e+01 2.794999999999999929e+01
-7.881299999999999955e+02 2.814999999999999858e+01 8.259999999999999787e+00
-7.884900000000000091e+02 4.889999999999999858e+01 2.848000000000000043e+01
-7.886000000000000227e+02 3.868999999999999773e+01 4.553000000000000114e+01
-7.882899999999999636e+02 2.928999999999999915e+01 7.450000000000000178e+00
-7.881100000000000136e+02 2.446000000000000085e+01 1.196000000000000085e+01
-7.879700000000000273e+02 2.285999999999999943e+01 7.469999999999999751e+00
-7.881200000000000045e+02 2.866000000000000014e+01 7.040000000000000036e+00
-7.877200000000000273e+02 1.616000000000000014e+01 1.682000000000000028e+01
-7.884099999999999682e+02 2.917999999999999972e+01 3.173000000000000043e+01
-7.885499999999999545e+02 2.801000000000000156e+01 4.479999999999999716e+01
-7.880499999999999545e+02 1.785000000000000142e+01 1.746000000000000085e+01
-7.884500000000000455e+02 4.599000000000000199e+01 2.603999999999999915e+01
-7.882899999999999636e+02 2.926999999999999957e+01 7.480000000000000426e+00
-7.882699999999999818e+02 6.129999999999999893e+00 4.071999999999999886e+01
-7.884099999999999682e+02 1.257000000000000028e+01 4.246999999999999886e+01
-7.880299999999999727e+02 3.141000000000000014e+01 3.029999999999999805e+00
-7.882999999999999545e+02 2.014999999999999858e+01 3.067000000000000171e+01
-7.880700000000000500e+02 2.242999999999999972e+01 9.880000000000000782e+00
-7.884900000000000091e+02 4.217000000000000171e+01 4.106000000000000227e+01
-7.883200000000000500e+02 2.121000000000000085e+01 1.689000000000000057e+01
-7.880499999999999545e+02 1.942000000000000171e+01 1.241999999999999993e+01
-7.885599999999999454e+02 4.224000000000000199e+01 4.410999999999999943e+01
-7.877400000000000091e+02 1.297000000000000064e+01 2.375000000000000000e+01
-7.877999999999999545e+02 1.291999999999999993e+01 3.037000000000000099e+01
-7.878700000000000045e+02 2.317999999999999972e+01 4.780000000000000249e+00
-7.877500000000000000e+02 1.405000000000000071e+01 2.350000000000000000e+01
-7.878799999999999955e+02 1.987999999999999901e+01 7.730000000000000426e+00
-7.879700000000000273e+02 2.573999999999999844e+01 5.089999999999999858e+00
-7.884500000000000455e+02 6.839999999999999858e+00 4.728000000000000114e+01
-7.884500000000000455e+02 4.297999999999999687e+01 2.967000000000000171e+01
-7.884199999999999591e+02 2.240000000000000213e+00 4.752000000000000313e+01
-7.884900000000000091e+02 1.151999999999999957e+01 4.703999999999999915e+01
-7.885399999999999636e+02 1.914000000000000057e+01 4.746000000000000085e+01
-7.880099999999999909e+02 3.046999999999999886e+01 2.430000000000000160e+00
-7.884800000000000182e+02 8.169999999999999929e+00 4.777000000000000313e+01
-7.880399999999999636e+02 2.253999999999999915e+01 8.679999999999999716e+00
-7.884199999999999591e+02 2.091000000000000014e+01 4.125000000000000000e+01
-7.881900000000000546e+02 3.906000000000000227e+01 7.199999999999999734e-01
-7.882899999999999636e+02 2.601000000000000156e+01 1.118999999999999950e+01
-7.877200000000000273e+02 2.523000000000000043e+01 1.209999999999999964e+00
-7.882000000000000455e+02 1.792000000000000171e+01 3.051999999999999957e+01
-7.880599999999999454e+02 1.935000000000000142e+01 1.410999999999999943e+01
-7.885000000000000000e+02 2.123999999999999844e+01 4.460000000000000142e+01
-7.882999999999999545e+02 2.201000000000000156e+01 1.598000000000000043e+01
-7.881499999999999773e+02 3.400000000000000000e+01 6.980000000000000426e+00
-7.882899999999999636e+02 2.944000000000000128e+01 7.269999999999999574e+00
-7.884900000000000091e+02 1.644999999999999929e+01 4.590999999999999659e+01
-7.884900000000000091e+02 3.142000000000000171e+01 4.238000000000000256e+01
-7.880599999999999454e+02 2.698000000000000043e+01 8.789999999999999147e+00
-7.884099999999999682e+02 1.770000000000000018e+00 4.782000000000000028e+01
-7.881200000000000045e+02 2.632999999999999829e+01 1.022000000000000064e+01
-7.878600000000000136e+02 2.014999999999999858e+01 7.389999999999999680e+00
-7.884700000000000273e+02 7.629999999999999893e+00 4.777000000000000313e+01
-7.885199999999999818e+02 4.850000000000000000e+01 4.142999999999999972e+01
-7.877699999999999818e+02 2.562000000000000099e+01 1.000000000000000000e+00
-7.885800000000000409e+02 2.560999999999999943e+01 4.692000000000000171e+01
-7.877200000000000273e+02 1.363000000000000078e+01 2.321000000000000085e+01
-7.883099999999999454e+02 2.535000000000000142e+01 1.199000000000000021e+01
-7.884900000000000091e+02 4.928999999999999915e+01 2.605000000000000071e+01
-7.877300000000000182e+02 1.533999999999999986e+01 1.869999999999999929e+01
-7.880299999999999727e+02 1.773000000000000043e+01 1.300000000000000000e+01
-7.880099999999999909e+02 3.160000000000000142e+01 1.679999999999999938e+00
-7.883500000000000227e+02 3.770000000000000018e+00 4.268999999999999773e+01
-7.878700000000000045e+02 2.289000000000000057e+01 5.110000000000000320e+00
-7.882899999999999636e+02 1.894999999999999929e+01 3.042999999999999972e+01
-7.882799999999999727e+02 7.809999999999999609e+00 4.192000000000000171e+01
-7.882400000000000091e+02 3.557999999999999829e+01 1.040000000000000036e+00
-7.879800000000000182e+02 2.717999999999999972e+01 4.250000000000000000e+00
-7.883500000000000227e+02 1.496000000000000085e+01 3.243999999999999773e+01
-7.877999999999999545e+02 1.189000000000000057e+01 3.236999999999999744e+01
-7.879500000000000455e+02 2.475000000000000000e+01 6.709999999999999964e+00
-7.885000000000000000e+02 1.408999999999999986e+01 4.692000000000000171e+01
-7.880299999999999727e+02 1.957000000000000028e+01 1.157000000000000028e+01
-7.877799999999999727e+02 1.511999999999999922e+01 2.117000000000000171e+01
-7.883799999999999955e+02 2.998999999999999844e+01 2.803000000000000114e+01
-7.878700000000000045e+02 2.369000000000000128e+01 4.450000000000000178e+00
-7.885800000000000409e+02 2.542999999999999972e+01 4.704999999999999716e+01
-7.884700000000000273e+02 4.789999999999999858e+01 3.885000000000000142e+01
-7.883300000000000409e+02 2.307999999999999829e+01 2.794999999999999929e+01
-7.885700000000000500e+02 3.367000000000000171e+01 4.488000000000000256e+01
-7.876599999999999682e+02 1.482000000000000028e+01 1.867000000000000171e+01
-7.884500000000000455e+02 4.518999999999999773e+01 2.605000000000000071e+01
-7.884900000000000091e+02 1.009999999999999964e+01 4.772999999999999687e+01
-7.881000000000000227e+02 3.485000000000000142e+01 2.919999999999999929e+00
-7.882999999999999545e+02 2.357999999999999829e+01 1.405000000000000071e+01
-7.880299999999999727e+02 2.848000000000000043e+01 3.910000000000000142e+00
-7.883400000000000318e+02 3.060000000000000053e+00 4.377000000000000313e+01
-7.879800000000000182e+02 3.126000000000000156e+01 1.570000000000000062e+00
-7.880900000000000318e+02 2.776000000000000156e+01 8.000000000000000000e+00
-7.884299999999999500e+02 3.772999999999999687e+01 3.759000000000000341e+01
-7.880299999999999727e+02 1.698000000000000043e+01 1.405000000000000071e+01
-7.882899999999999636e+02 2.944000000000000128e+01 7.269999999999999574e+00
-7.883799999999999955e+02 1.842000000000000171e+01 3.522999999999999687e+01
-7.883200000000000500e+02 1.230000000000000071e+01 3.549000000000000199e+01
-7.878600000000000136e+02 1.994000000000000128e+01 7.620000000000000107e+00
-7.879299999999999500e+02 2.326999999999999957e+01 7.209999999999999964e+00
-7.877699999999999818e+02 2.562999999999999901e+01 8.800000000000000044e-01
