-7.882599999999999909e+02 1.291999999999999993e+01 3.176000000000000156e+01
-7.879299999999999500e+02 3.209000000000000341e+01 0.000000000000000000e+00
-7.879700000000000273e+02 2.285999999999999943e+01 7.469999999999999751e+00
-7.883600000000000136e+02 1.233000000000000007e+01 3.688000000000000256e+01
-7.883600000000000136e+02 4.169999999999999929e+00 4.388000000000000256e+01
-7.878500000000000227e+02 1.548000000000000043e+01 2.201999999999999957e+01
-7.883099999999999454e+02 2.605000000000000071e+01 1.116000000000000014e+01
-7.880800000000000409e+02 2.108999999999999986e+01 1.500000000000000000e+01
-7.886000000000000227e+02 2.891000000000000014e+01 4.685999999999999943e+01
-7.881599999999999682e+02 3.892000000000000171e+01 0.000000000000000000e+00
-7.880000000000000000e+02 1.910999999999999943e+01 1.101999999999999957e+01
-7.881000000000000227e+02 8.640000000000000568e+00 3.914000000000000057e+01
-7.879600000000000364e+02 1.691000000000000014e+01 2.898000000000000043e+01
-7.877899999999999636e+02 1.266000000000000014e+01 2.882999999999999829e+01
-7.881100000000000136e+02 2.446000000000000085e+01 1.196000000000000085e+01
-7.878500000000000227e+02 1.978000000000000114e+01 7.740000000000000213e+00
-7.882899999999999636e+02 2.933999999999999986e+01 7.400000000000000355e+00
-7.877200000000000273e+02 2.716000000000000014e+01 0.000000000000000000e+00
-7.876399999999999864e+02 1.265000000000000036e+01 2.446999999999999886e+01
-7.886000000000000227e+02 3.868999999999999773e+01 4.553000000000000114e+01
-7.881100000000000136e+02 3.424000000000000199e+01 3.500000000000000000e+00
-7.885000000000000000e+02 9.230000000000000426e+00 4.850000000000000000e+01
-7.883500000000000227e+02 1.584999999999999964e+01 3.130999999999999872e+01
-7.884900000000000091e+02 4.850000000000000000e+01 2.682000000000000028e+01
-7.881299999999999955e+02 2.814999999999999858e+01 8.259999999999999787e+00
-7.879600000000000364e+02 2.662000000000000099e+01 3.810000000000000053e+00
-7.883999999999999773e+02 6.199999999999999956e-01 4.792999999999999972e+01
-7.883600000000000136e+02 2.887999999999999901e+01 2.794999999999999929e+01
-7.883200000000000500e+02 2.037999999999999901e+01 2.850000000000000000e+01
-7.885099999999999909e+02 4.932999999999999829e+01 4.053000000000000114e+01
-7.885700000000000500e+02 2.089000000000000057e+01 4.738000000000000256e+01
-7.883700000000000045e+02 7.969999999999999751e+00 4.046999999999999886e+01
-7.876699999999999591e+02 1.527999999999999936e+01 1.626999999999999957e+01
-7.877699999999999818e+02 2.260999999999999943e+01 3.810000000000000053e+00
-7.880399999999999636e+02 1.696999999999999886e+01 1.550000000000000000e+01
-7.882400000000000091e+02 3.496999999999999886e+01 2.729999999999999982e+00
-7.885299999999999727e+02 1.458000000000000007e+01 4.775000000000000000e+01
-7.883500000000000227e+02 2.314999999999999858e+01 1.633999999999999986e+01
-7.884900000000000091e+02 1.644999999999999929e+01 4.590999999999999659e+01
-7.883999999999999773e+02 4.007999999999999829e+01 2.625000000000000000e+01
-7.885299999999999727e+02 2.453000000000000114e+01 4.578000000000000114e+01
-7.884099999999999682e+02 2.917999999999999972e+01 3.173000000000000043e+01
-7.882999999999999545e+02 2.130999999999999872e+01 1.678000000000000114e+01
-7.880299999999999727e+02 1.698000000000000043e+01 1.405000000000000071e+01
-7.884700000000000273e+02 7.629999999999999893e+00 4.777000000000000313e+01
-7.877999999999999545e+02 3.021000000000000085e+01 0.000000000000000000e+00
-7.884199999999999591e+02 2.692000000000000171e+01 3.859000000000000341e+01
-7.878700000000000045e+02 2.632999999999999829e+01 3.169999999999999929e+00
-7.885599999999999454e+02 4.224000000000000199e+01 4.410999999999999943e+01
-7.877599999999999909e+02 1.289000000000000057e+01 2.646999999999999886e+01
-7.884099999999999682e+02 1.770000000000000018e+00 4.782000000000000028e+01
-7.881200000000000045e+02 2.785999999999999943e+01 7.769999999999999574e+00
-7.885000000000000000e+02 1.275999999999999979e+01 4.728000000000000114e+01
-7.883600000000000136e+02 5.429999999999999716e+00 4.225999999999999801e+01
-7.884199999999999591e+02 1.948000000000000043e+01 4.211999999999999744e+01
-7.880199999999999818e+02 3.700000000000000000e+01 3.900000000000000133e-01
-7.877500000000000000e+02 1.405000000000000071e+01 2.350000000000000000e+01
-7.877300000000000182e+02 1.533999999999999986e+01 1.869999999999999929e+01
-7.877300000000000182e+02 2.526000000000000156e+01 1.139999999999999902e+00
-7.880499999999999545e+02 1.992999999999999972e+01 1.243999999999999950e+01
-7.884299999999999500e+02 4.175000000000000000e+01 2.607000000000000028e+01
-7.881200000000000045e+02 2.632999999999999829e+01 1.022000000000000064e+01
-7.883099999999999454e+02 2.594999999999999929e+01 1.126999999999999957e+01
-7.884400000000000546e+02 4.228000000000000114e+01 3.961999999999999744e+01
-7.884500000000000455e+02 8.800000000000000711e+00 4.713000000000000256e+01
-7.878700000000000045e+02 2.289000000000000057e+01 5.110000000000000320e+00
-7.881000000000000227e+02 3.485000000000000142e+01 2.919999999999999929e+00
-7.877400000000000091e+02 1.297000000000000064e+01 2.375000000000000000e+01
-7.885299999999999727e+02 2.212999999999999901e+01 4.650999999999999801e+01
-7.882899999999999636e+02 2.910999999999999943e+01 7.660000000000000142e+00
-7.878600000000000136e+02 2.014999999999999858e+01 7.389999999999999680e+00
-7.881699999999999591e+02 1.787000000000000099e+01 3.062999999999999901e+01
-7.880199999999999818e+02 2.412999999999999901e+01 9.140000000000000568e+00
-7.878600000000000136e+02 1.994000000000000128e+01 7.620000000000000107e+00
-7.883799999999999955e+02 2.923000000000000043e+01 2.887000000000000099e+01
-7.881000000000000227e+02 2.578999999999999915e+01 1.075000000000000000e+01
-7.883200000000000500e+02 2.121000000000000085e+01 1.689000000000000057e+01
-7.883700000000000045e+02 2.007999999999999829e+01 3.361999999999999744e+01
-7.880499999999999545e+02 1.785000000000000142e+01 1.746000000000000085e+01
-7.883700000000000045e+02 3.128000000000000114e+01 2.323000000000000043e+01
-7.883999999999999773e+02 6.600000000000000311e-01 4.788000000000000256e+01
-7.884600000000000364e+02 1.484999999999999964e+01 4.474000000000000199e+01
-7.881200000000000045e+02 2.951000000000000156e+01 6.370000000000000107e+00
-7.877999999999999545e+02 1.200999999999999979e+01 3.227000000000000313e+01
-7.884299999999999500e+02 7.900000000000000355e+00 4.460000000000000142e+01
-7.882000000000000455e+02 1.792000000000000171e+01 3.051999999999999957e+01
-7.877699999999999818e+02 2.562000000000000099e+01 1.000000000000000000e+00
-7.880700000000000500e+02 3.016000000000000014e+01 4.150000000000000355e+00
-7.880700000000000500e+02 2.380999999999999872e+01 9.220000000000000639e+00
-7.880399999999999636e+02 2.858999999999999986e+01 4.240000000000000213e+00
-7.881900000000000546e+02 3.904999999999999716e+01 7.399999999999999911e-01
-7.884700000000000273e+02 4.760000000000000142e+01 4.090999999999999659e+01
-7.885399999999999636e+02 1.900000000000000000e+01 4.747999999999999687e+01
-7.885099999999999909e+02 1.269999999999999929e+01 4.740999999999999659e+01
-7.885800000000000409e+02 3.825999999999999801e+01 4.475000000000000000e+01
-7.882899999999999636e+02 1.917999999999999972e+01 3.014000000000000057e+01
-7.883099999999999454e+02 2.535000000000000142e+01 1.199000000000000021e+01
-7.884700000000000273e+02 7.559999999999999609e+00 4.778999999999999915e+01
-7.882899999999999636e+02 2.926999999999999957e+01 7.480000000000000426e+00
-7.883500000000000227e+02 5.990000000000000213e+00 4.003999999999999915e+01
-7.877799999999999727e+02 1.511999999999999922e+01 2.117000000000000171e+01
-7.880399999999999636e+02 2.092999999999999972e+01 1.039000000000000057e+01
-7.880099999999999909e+02 3.142999999999999972e+01 1.699999999999999956e+00
-7.877200000000000273e+02 1.363000000000000078e+01 2.321000000000000085e+01
-7.884500000000000455e+02 4.477000000000000313e+01 2.605000000000000071e+01
-7.876599999999999682e+02 1.482000000000000028e+01 1.867000000000000171e+01
-7.878600000000000136e+02 2.201000000000000156e+01 5.730000000000000426e+00
-7.884500000000000455e+02 2.612000000000000099e+01 4.057999999999999829e+01
-7.878799999999999955e+02 1.987999999999999901e+01 7.730000000000000426e+00
-7.885599999999999454e+02 2.219999999999999929e+01 4.714999999999999858e+01
-7.882400000000000091e+02 3.557999999999999829e+01 1.040000000000000036e+00
-7.880199999999999818e+02 2.458999999999999986e+01 7.179999999999999716e+00
-7.882899999999999636e+02 2.601000000000000156e+01 1.118999999999999950e+01
-7.883400000000000318e+02 3.060000000000000053e+00 4.377000000000000313e+01
-7.878400000000000318e+02 2.530000000000000071e+01 1.389999999999999902e+00
-7.880299999999999727e+02 1.773000000000000043e+01 1.300000000000000000e+01
-7.884600000000000364e+02 4.045000000000000284e+01 4.129999999999999716e+01
-7.885599999999999454e+02 2.721999999999999886e+01 4.529999999999999716e+01
-7.884500000000000455e+02 4.275000000000000000e+01 2.950000000000000000e+01
-7.882899999999999636e+02 2.944000000000000128e+01 7.269999999999999574e+00
-7.880099999999999909e+02 3.160000000000000142e+01 1.679999999999999938e+00
-7.880700000000000500e+02 3.210000000000000142e+01 3.370000000000000107e+00
-7.881000000000000227e+02 2.446999999999999886e+01 1.194999999999999929e+01
-7.884299999999999500e+02 3.975999999999999801e+01 3.821000000000000085e+01
-7.884500000000000455e+02 4.599000000000000199e+01 2.603999999999999915e+01
-7.877999999999999545e+02 1.189000000000000057e+01 3.236999999999999744e+01
-7.884700000000000273e+02 2.167000000000000171e+01 4.202000000000000313e+01
-7.883799999999999955e+02 1.182000000000000028e+01 4.309000000000000341e+01
