-7.879600000000000364e+02 2.662000000000000099e+01 3.810000000000000053e+00
-7.886000000000000227e+02 3.868999999999999773e+01 4.553000000000000114e+01
-7.883600000000000136e+02 2.887999999999999901e+01 2.794999999999999929e+01
-7.883999999999999773e+02 6.199999999999999956e-01 4.792999999999999972e+01
-7.876699999999999591e+02 1.527999999999999936e+01 1.626999999999999957e+01
-7.885099999999999909e+02 4.932999999999999829e+01 4.053000000000000114e+01
-7.876399999999999864e+02 1.265000000000000036e+01 2.446999999999999886e+01
-7.882599999999999909e+02 1.291999999999999993e+01 3.176000000000000156e+01
-7.883099999999999454e+02 2.605000000000000071e+01 1.116000000000000014e+01
-7.881200000000000045e+02 3.284000000000000341e+01 4.820000000000000284e+00
-7.880800000000000409e+02 2.108999999999999986e+01 1.500000000000000000e+01
-7.885000000000000000e+02 9.230000000000000426e+00 4.850000000000000000e+01
-7.883700000000000045e+02 7.969999999999999751e+00 4.046999999999999886e+01
-7.883500000000000227e+02 2.314999999999999858e+01 1.633999999999999986e+01
-7.879700000000000273e+02 2.285999999999999943e+01 7.469999999999999751e+00
-7.880000000000000000e+02 1.910999999999999943e+01 1.101999999999999957e+01
-7.883500000000000227e+02 1.584999999999999964e+01 3.130999999999999872e+01
-7.884800000000000182e+02 4.849000000000000199e+01 2.767000000000000171e+01
-7.877899999999999636e+02 1.265000000000000036e+01 2.882999999999999829e+01
-7.880499999999999545e+02 1.726999999999999957e+01 1.794000000000000128e+01
-7.877699999999999818e+02 2.260999999999999943e+01 3.810000000000000053e+00
-7.885299999999999727e+02 1.458000000000000007e+01 4.775000000000000000e+01
-7.883200000000000500e+02 2.037999999999999901e+01 2.850000000000000000e+01
-7.883600000000000136e+02 4.169999999999999929e+00 4.388000000000000256e+01
-7.881599999999999682e+02 3.892000000000000171e+01 0.000000000000000000e+00
-7.881200000000000045e+02 1.753000000000000114e+01 3.035999999999999943e+01
-7.886000000000000227e+02 2.891000000000000014e+01 4.685999999999999943e+01
-7.880399999999999636e+02 1.696999999999999886e+01 1.550000000000000000e+01
-7.877200000000000273e+02 2.716000000000000014e+01 0.000000000000000000e+00
-7.878500000000000227e+02 1.548000000000000043e+01 2.201999999999999957e+01
-7.882899999999999636e+02 2.933999999999999986e+01 7.400000000000000355e+00
-7.881000000000000227e+02 8.640000000000000568e+00 3.913000000000000256e+01
-7.881299999999999955e+02 2.814999999999999858e+01 8.259999999999999787e+00
-7.879299999999999500e+02 3.209000000000000341e+01 0.000000000000000000e+00
-7.878500000000000227e+02 1.978000000000000114e+01 7.740000000000000213e+00
-7.885700000000000500e+02 2.089000000000000057e+01 4.738000000000000256e+01
-7.881100000000000136e+02 2.446000000000000085e+01 1.196000000000000085e+01
-7.883600000000000136e+02 1.233000000000000007e+01 3.688000000000000256e+01
-7.881000000000000227e+02 2.430999999999999872e+01 1.152999999999999936e+01
-7.883799999999999955e+02 2.037999999999999901e+01 3.259000000000000341e+01
-7.876900000000000546e+02 2.485000000000000142e+01 3.120000000000000107e+00
-7.877400000000000091e+02 2.514999999999999858e+01 1.290000000000000036e+00
-7.884299999999999500e+02 2.850000000000000089e+00 4.797999999999999687e+01
-7.881000000000000227e+02 9.240000000000000213e+00 3.882000000000000028e+01
-7.877799999999999727e+02 1.488000000000000078e+01 2.412999999999999901e+01
-7.880099999999999909e+02 2.451000000000000156e+01 5.559999999999999609e+00
-7.880599999999999454e+02 2.664999999999999858e+01 6.110000000000000320e+00
-7.883700000000000045e+02 3.128000000000000114e+01 2.323000000000000043e+01
-7.880199999999999818e+02 2.092999999999999972e+01 1.027999999999999936e+01
-7.877200000000000273e+02 1.363000000000000078e+01 2.321000000000000085e+01
-7.883300000000000409e+02 1.382000000000000028e+01 3.482999999999999829e+01
-7.882799999999999727e+02 2.603999999999999915e+01 1.116000000000000014e+01
-7.884099999999999682e+02 2.917999999999999972e+01 3.173000000000000043e+01
-7.884500000000000455e+02 4.617999999999999972e+01 2.605000000000000071e+01
-7.880299999999999727e+02 3.153000000000000114e+01 2.450000000000000178e+00
-7.879299999999999500e+02 2.258999999999999986e+01 7.669999999999999929e+00
-7.884700000000000273e+02 7.709999999999999964e+00 4.752000000000000313e+01
-7.880099999999999909e+02 3.167000000000000171e+01 1.639999999999999902e+00
-7.882599999999999909e+02 8.179999999999999716e+00 3.967999999999999972e+01
-7.879500000000000455e+02 1.694000000000000128e+01 2.883999999999999986e+01
-7.878600000000000136e+02 2.064000000000000057e+01 6.940000000000000391e+00
-7.885700000000000500e+02 2.685000000000000142e+01 4.632000000000000028e+01
-7.884400000000000546e+02 3.907999999999999829e+01 2.957999999999999829e+01
-7.885299999999999727e+02 1.828999999999999915e+01 4.689000000000000057e+01
-7.880800000000000409e+02 2.110999999999999943e+01 1.356000000000000050e+01
-7.885199999999999818e+02 3.815999999999999659e+01 4.340999999999999659e+01
-7.882400000000000091e+02 3.557999999999999829e+01 1.040000000000000036e+00
-7.876599999999999682e+02 1.482000000000000028e+01 1.867000000000000171e+01
-7.880499999999999545e+02 1.785000000000000142e+01 1.746000000000000085e+01
-7.884500000000000455e+02 1.175000000000000000e+01 4.507999999999999829e+01
-7.882899999999999636e+02 2.937999999999999901e+01 7.349999999999999645e+00
-7.878500000000000227e+02 1.444999999999999929e+01 2.580999999999999872e+01
-7.884199999999999591e+02 2.096000000000000085e+01 3.740999999999999659e+01
-7.883999999999999773e+02 5.200000000000000178e-01 4.834000000000000341e+01
-7.884700000000000273e+02 1.389000000000000057e+01 4.517000000000000171e+01
-7.884900000000000091e+02 4.800000000000000000e+01 2.996999999999999886e+01
-7.880900000000000318e+02 2.357000000000000028e+01 1.324000000000000021e+01
-7.878600000000000136e+02 2.269999999999999929e+01 5.240000000000000213e+00
-7.877500000000000000e+02 1.239000000000000057e+01 2.489000000000000057e+01
-7.884600000000000364e+02 3.671999999999999886e+01 4.085999999999999943e+01
-7.883099999999999454e+02 2.594999999999999929e+01 1.126999999999999957e+01
-7.879600000000000364e+02 1.691000000000000014e+01 2.898000000000000043e+01
-7.880099999999999909e+02 3.160000000000000142e+01 1.679999999999999938e+00
-7.881200000000000045e+02 2.785999999999999943e+01 7.769999999999999574e+00
-7.877300000000000182e+02 2.598000000000000043e+01 6.500000000000000222e-01
-7.884500000000000455e+02 8.179999999999999716e+00 4.592000000000000171e+01
-7.880399999999999636e+02 2.092999999999999972e+01 1.039000000000000057e+01
-7.883999999999999773e+02 5.440000000000000391e+00 4.527000000000000313e+01
-7.883999999999999773e+02 2.003999999999999915e+01 4.000999999999999801e+01
-7.880900000000000318e+02 2.314999999999999858e+01 1.490000000000000036e+01
-7.883400000000000318e+02 1.153999999999999915e+01 3.810000000000000142e+01
-7.884600000000000364e+02 1.939000000000000057e+01 4.271999999999999886e+01
-7.881900000000000546e+02 3.904999999999999716e+01 7.399999999999999911e-01
-7.883799999999999955e+02 2.020000000000000018e+00 4.722999999999999687e+01
-7.880499999999999545e+02 1.905000000000000071e+01 1.678999999999999915e+01
-7.877400000000000091e+02 1.513000000000000078e+01 1.801999999999999957e+01
-7.878899999999999864e+02 1.991000000000000014e+01 7.799999999999999822e+00
-7.878999999999999773e+02 2.046999999999999886e+01 7.200000000000000178e+00
-7.883300000000000409e+02 2.098000000000000043e+01 2.692000000000000171e+01
-7.884199999999999591e+02 3.717000000000000171e+01 3.379999999999999716e+01
-7.879900000000000091e+02 2.971999999999999886e+01 3.339999999999999858e+00
-7.884700000000000273e+02 7.559999999999999609e+00 4.778999999999999915e+01
-7.881100000000000136e+02 3.164999999999999858e+01 5.620000000000000107e+00
-7.885099999999999909e+02 2.555999999999999872e+01 4.325000000000000000e+01
-7.885000000000000000e+02 4.882000000000000028e+01 4.054999999999999716e+01
-7.878400000000000318e+02 1.492999999999999972e+01 2.282000000000000028e+01
-7.884500000000000455e+02 4.157000000000000028e+01 2.764000000000000057e+01
-7.882899999999999636e+02 2.944000000000000128e+01 7.269999999999999574e+00
-7.884099999999999682e+02 3.650999999999999801e+01 2.639999999999999858e+01
-7.877500000000000000e+02 1.250000000000000000e+01 2.483999999999999986e+01
-7.883700000000000045e+02 1.166000000000000014e+01 3.838000000000000256e+01
-7.883200000000000500e+02 2.121000000000000085e+01 1.689000000000000057e+01
-7.880199999999999818e+02 3.173000000000000043e+01 2.089999999999999858e+00
-7.880700000000000500e+02 2.141000000000000014e+01 1.061999999999999922e+01
-7.884900000000000091e+02 1.008999999999999986e+01 4.824000000000000199e+01
-7.882799999999999727e+02 2.960999999999999943e+01 7.089999999999999858e+00
-7.877699999999999818e+02 1.364000000000000057e+01 2.383999999999999986e+01
-7.880499999999999545e+02 2.319999999999999929e+01 8.300000000000000711e+00
-7.877300000000000182e+02 2.535999999999999943e+01 1.040000000000000036e+00
-7.880700000000000500e+02 2.123000000000000043e+01 1.281000000000000050e+01
-7.883600000000000136e+02 4.910000000000000142e+00 4.275999999999999801e+01
-7.884700000000000273e+02 1.258000000000000007e+01 4.550999999999999801e+01
-7.882200000000000273e+02 1.782999999999999829e+01 3.092999999999999972e+01
-7.885099999999999909e+02 2.555999999999999872e+01 4.325000000000000000e+01
-7.883999999999999773e+02 2.001999999999999957e+01 4.002000000000000313e+01
-7.882599999999999909e+02 3.328999999999999915e+01 5.190000000000000391e+00
-7.879800000000000182e+02 2.637999999999999901e+01 4.150000000000000355e+00
-7.882500000000000000e+02 3.485999999999999943e+01 1.370000000000000107e+00
