-7.877699999999999818e+02 2.260999999999999943e+01 3.810000000000000053e+00
-7.876399999999999864e+02 1.265000000000000036e+01 2.446999999999999886e+01
-7.878500000000000227e+02 1.548000000000000043e+01 2.201999999999999957e+01
-7.883600000000000136e+02 1.233000000000000007e+01 3.688000000000000256e+01
-7.880399999999999636e+02 1.696999999999999886e+01 1.550000000000000000e+01
-7.880800000000000409e+02 2.098999999999999844e+01 1.569999999999999929e+01
-7.879700000000000273e+02 2.285999999999999943e+01 7.469999999999999751e+00
-7.883600000000000136e+02 1.583999999999999986e+01 3.137000000000000099e+01
-7.882899999999999636e+02 2.933999999999999986e+01 7.400000000000000355e+00
-7.876699999999999591e+02 1.527999999999999936e+01 1.626999999999999957e+01
-7.879600000000000364e+02 2.662000000000000099e+01 3.810000000000000053e+00
-7.885099999999999909e+02 4.932999999999999829e+01 4.053000000000000114e+01
-7.881200000000000045e+02 1.753000000000000114e+01 3.035999999999999943e+01
-7.883200000000000500e+02 2.037999999999999901e+01 2.850000000000000000e+01
-7.882500000000000000e+02 3.209000000000000341e+01 4.360000000000000320e+00
-7.886000000000000227e+02 3.868999999999999773e+01 4.553000000000000114e+01
-7.885299999999999727e+02 1.458000000000000007e+01 4.775000000000000000e+01
-7.881000000000000227e+02 8.640000000000000568e+00 3.913000000000000256e+01
-7.885000000000000000e+02 9.230000000000000426e+00 4.850000000000000000e+01
-7.881100000000000136e+02 2.446000000000000085e+01 1.196000000000000085e+01
-7.877200000000000273e+02 2.716000000000000014e+01 0.000000000000000000e+00
-7.880800000000000409e+02 3.810000000000000142e+01 7.399999999999999911e-01
-7.886000000000000227e+02 2.891000000000000014e+01 4.685999999999999943e+01
-7.883500000000000227e+02 2.314999999999999858e+01 1.633999999999999986e+01
-7.879299999999999500e+02 3.139999999999999858e+01 2.899999999999999800e-01
-7.883700000000000045e+02 7.969999999999999751e+00 4.046999999999999886e+01
-7.883799999999999955e+02 3.042999999999999972e+01 2.850000000000000000e+01
-7.883999999999999773e+02 6.199999999999999956e-01 4.792999999999999972e+01
-7.885700000000000500e+02 2.048000000000000043e+01 4.740999999999999659e+01
-7.883600000000000136e+02 4.169999999999999929e+00 4.388000000000000256e+01
-7.880000000000000000e+02 1.910999999999999943e+01 1.101999999999999957e+01
-7.881299999999999955e+02 2.814999999999999858e+01 8.259999999999999787e+00
-7.878200000000000500e+02 1.973999999999999844e+01 7.889999999999999680e+00
-7.884900000000000091e+02 4.942999999999999972e+01 2.846000000000000085e+01
-7.883099999999999454e+02 2.605000000000000071e+01 1.116000000000000014e+01
-7.877899999999999636e+02 1.265000000000000036e+01 2.882999999999999829e+01
-7.880499999999999545e+02 1.726999999999999957e+01 1.794000000000000128e+01
-7.876399999999999864e+02 1.265000000000000036e+01 2.446999999999999886e+01
-7.885199999999999818e+02 1.753000000000000114e+01 4.664000000000000057e+01
-7.878600000000000136e+02 2.064000000000000057e+01 6.940000000000000391e+00
-7.883300000000000409e+02 2.160999999999999943e+01 2.648000000000000043e+01
-7.883099999999999454e+02 7.019999999999999574e+00 4.075000000000000000e+01
-7.878600000000000136e+02 2.269999999999999929e+01 5.240000000000000213e+00
-7.884600000000000364e+02 7.030000000000000249e+00 4.725000000000000000e+01
-7.880299999999999727e+02 2.142999999999999972e+01 9.839999999999999858e+00
-7.883999999999999773e+02 5.200000000000000178e-01 4.834000000000000341e+01
-7.885099999999999909e+02 1.282000000000000028e+01 4.828000000000000114e+01
-7.881900000000000546e+02 3.904999999999999716e+01 7.199999999999999734e-01
-7.877400000000000091e+02 1.513000000000000078e+01 1.801999999999999957e+01
-7.880099999999999909e+02 3.167000000000000171e+01 1.639999999999999902e+00
-7.882899999999999636e+02 2.350000000000000000e+01 1.417999999999999972e+01
-7.880700000000000500e+02 3.367000000000000171e+01 2.779999999999999805e+00
-7.882899999999999636e+02 2.937999999999999901e+01 7.349999999999999645e+00
-7.880000000000000000e+02 2.135000000000000142e+01 9.269999999999999574e+00
-7.880099999999999909e+02 2.607000000000000028e+01 5.580000000000000071e+00
-7.876900000000000546e+02 1.183000000000000007e+01 3.428000000000000114e+01
-7.883600000000000136e+02 5.759999999999999787e+00 4.224000000000000199e+01
-7.880900000000000318e+02 2.267999999999999972e+01 1.568999999999999950e+01
-7.885499999999999545e+02 4.295000000000000284e+01 4.395000000000000284e+01
-7.883099999999999454e+02 2.594999999999999929e+01 1.126999999999999957e+01
-7.881900000000000546e+02 8.500000000000000000e+00 3.953999999999999915e+01
-7.884400000000000546e+02 3.907999999999999829e+01 2.957999999999999829e+01
-7.884600000000000364e+02 4.486999999999999744e+01 2.603999999999999915e+01
-7.884500000000000455e+02 2.732000000000000028e+01 4.114000000000000057e+01
-7.882799999999999727e+02 1.476999999999999957e+01 3.315999999999999659e+01
-7.877799999999999727e+02 2.771000000000000085e+01 0.000000000000000000e+00
-7.880599999999999454e+02 2.664999999999999858e+01 6.110000000000000320e+00
-7.884299999999999500e+02 3.832000000000000028e+01 3.729999999999999716e+01
-7.883700000000000045e+02 1.230000000000000071e+01 3.695000000000000284e+01
-7.879500000000000455e+02 1.694000000000000128e+01 2.883999999999999986e+01
-7.880800000000000409e+02 2.419000000000000128e+01 1.016999999999999993e+01
-7.878300000000000409e+02 1.468999999999999950e+01 2.405000000000000071e+01
-7.880599999999999454e+02 1.882999999999999829e+01 1.716000000000000014e+01
-7.884600000000000364e+02 6.370000000000000107e+00 4.771999999999999886e+01
-7.884900000000000091e+02 2.553999999999999915e+01 4.290999999999999659e+01
-7.880199999999999818e+02 1.967000000000000171e+01 1.048000000000000043e+01
-7.885000000000000000e+02 1.016000000000000014e+01 4.843999999999999773e+01
-7.883500000000000227e+02 1.607000000000000028e+01 3.089000000000000057e+01
-7.882999999999999545e+02 2.612000000000000099e+01 1.108999999999999986e+01
-7.884900000000000091e+02 1.303999999999999915e+01 4.664000000000000057e+01
-7.880099999999999909e+02 3.229999999999999716e+01 7.099999999999999645e-01
-7.876900000000000546e+02 2.485000000000000142e+01 3.120000000000000107e+00
-7.884900000000000091e+02 4.764999999999999858e+01 2.989000000000000057e+01
-7.883899999999999864e+02 2.076999999999999957e+01 3.254999999999999716e+01
-7.876399999999999864e+02 1.501999999999999957e+01 1.851999999999999957e+01
-7.884099999999999682e+02 3.646000000000000085e+01 2.616000000000000014e+01
-7.882699999999999818e+02 1.096000000000000085e+01 3.667000000000000171e+01
-7.879900000000000091e+02 2.326999999999999957e+01 7.879999999999999893e+00
-7.882899999999999636e+02 2.876000000000000156e+01 8.199999999999999289e+00
-7.878200000000000500e+02 2.101000000000000156e+01 6.559999999999999609e+00
-7.885900000000000318e+02 3.860000000000000142e+01 4.550000000000000000e+01
-7.884600000000000364e+02 1.939000000000000057e+01 4.271999999999999886e+01
-7.884099999999999682e+02 4.400000000000000022e-01 4.839000000000000057e+01
-7.877200000000000273e+02 1.363000000000000078e+01 2.321000000000000085e+01
-7.880800000000000409e+02 2.108999999999999986e+01 1.500000000000000000e+01
-7.881200000000000045e+02 1.889999999999999858e+01 2.910999999999999943e+01
-7.884199999999999591e+02 3.703999999999999915e+01 2.803999999999999915e+01
-7.877400000000000091e+02 2.514999999999999858e+01 1.290000000000000036e+00
-7.882400000000000091e+02 3.557999999999999829e+01 1.040000000000000036e+00
-7.880399999999999636e+02 1.848000000000000043e+01 1.367999999999999972e+01
-7.879800000000000182e+02 2.601000000000000156e+01 5.019999999999999574e+00
-7.883899999999999864e+02 2.916000000000000014e+01 2.992999999999999972e+01
-7.880299999999999727e+02 3.066000000000000014e+01 2.470000000000000195e+00
-7.882999999999999545e+02 7.509999999999999787e+00 4.045000000000000284e+01
-7.881200000000000045e+02 2.626999999999999957e+01 1.041000000000000014e+01
-7.877799999999999727e+02 1.323000000000000043e+01 2.523999999999999844e+01
-7.877500000000000000e+02 1.416000000000000014e+01 2.178000000000000114e+01
-7.881200000000000045e+02 2.746999999999999886e+01 8.609999999999999432e+00
-7.880599999999999454e+02 2.033999999999999986e+01 1.435999999999999943e+01
-7.882799999999999727e+02 2.960999999999999943e+01 7.089999999999999858e+00
-7.884600000000000364e+02 3.096999999999999886e+01 4.190999999999999659e+01
-7.883899999999999864e+02 1.796000000000000085e+01 4.013000000000000256e+01
-7.885099999999999909e+02 4.932999999999999829e+01 4.053000000000000114e+01
-7.881599999999999682e+02 3.892000000000000171e+01 0.000000000000000000e+00
-7.883999999999999773e+02 8.060000000000000497e+00 4.395000000000000284e+01
-7.884900000000000091e+02 9.650000000000000355e+00 4.839999999999999858e+01
-7.876599999999999682e+02 1.482000000000000028e+01 1.867000000000000171e+01
-7.877699999999999818e+02 1.500999999999999979e+01 2.192000000000000171e+01
-7.884700000000000273e+02 3.913000000000000256e+01 4.035999999999999943e+01
-7.884800000000000182e+02 4.849000000000000199e+01 2.767000000000000171e+01
-7.885099999999999909e+02 2.555999999999999872e+01 4.325000000000000000e+01
-7.880299999999999727e+02 2.514999999999999858e+01 7.440000000000000391e+00
-7.880900000000000318e+02 2.619000000000000128e+01 8.929999999999999716e+00
-7.880499999999999545e+02 1.785000000000000142e+01 1.746000000000000085e+01
-7.879400000000000546e+02 2.369000000000000128e+01 5.219999999999999751e+00
-7.884099999999999682e+02 2.905000000000000071e+01 3.087999999999999901e+01
-7.882899999999999636e+02 1.049000000000000021e+01 3.704999999999999716e+01
-7.880499999999999545e+02 2.094999999999999929e+01 1.041000000000000014e+01
