-7.885700000000000500e+02 2.048000000000000043e+01 4.740999999999999659e+01
-7.880900000000000318e+02 3.105000000000000071e+01 4.660000000000000142e+00
-7.881599999999999682e+02 3.892000000000000171e+01 0.000000000000000000e+00
-7.883999999999999773e+02 5.200000000000000178e-01 4.834000000000000341e+01
-7.879299999999999500e+02 3.139999999999999858e+01 2.899999999999999800e-01
-7.883200000000000500e+02 2.037999999999999901e+01 2.850000000000000000e+01
-7.881299999999999955e+02 2.814999999999999858e+01 8.259999999999999787e+00
-7.879600000000000364e+02 2.662000000000000099e+01 3.810000000000000053e+00
-7.881799999999999500e+02 1.283000000000000007e+01 3.389999999999999858e+01
-7.879700000000000273e+02 2.285999999999999943e+01 7.469999999999999751e+00
-7.880800000000000409e+02 2.098999999999999844e+01 1.569999999999999929e+01
-7.881100000000000136e+02 2.446000000000000085e+01 1.196000000000000085e+01
-7.878600000000000136e+02 1.519999999999999929e+01 2.185000000000000142e+01
-7.876399999999999864e+02 1.275999999999999979e+01 2.439999999999999858e+01
-7.883600000000000136e+02 4.169999999999999929e+00 4.388000000000000256e+01
-7.878200000000000500e+02 1.973999999999999844e+01 7.889999999999999680e+00
-7.885099999999999909e+02 4.904999999999999716e+01 4.075999999999999801e+01
-7.882899999999999636e+02 2.933999999999999986e+01 7.400000000000000355e+00
-7.884900000000000091e+02 4.942999999999999972e+01 2.846000000000000085e+01
-7.880499999999999545e+02 1.726999999999999957e+01 1.794000000000000128e+01
-7.883600000000000136e+02 1.583999999999999986e+01 3.137000000000000099e+01
-7.883099999999999454e+02 2.605000000000000071e+01 1.116000000000000014e+01
-7.877699999999999818e+02 2.260999999999999943e+01 3.810000000000000053e+00
-7.883500000000000227e+02 2.314999999999999858e+01 1.633999999999999986e+01
-7.883700000000000045e+02 2.867000000000000171e+01 2.837999999999999901e+01
-7.880000000000000000e+02 1.910999999999999943e+01 1.101999999999999957e+01
-7.885299999999999727e+02 1.458000000000000007e+01 4.775000000000000000e+01
-7.876699999999999591e+02 1.527999999999999936e+01 1.626999999999999957e+01
-7.877899999999999636e+02 1.265000000000000036e+01 2.882999999999999829e+01
-7.886000000000000227e+02 3.868999999999999773e+01 4.553000000000000114e+01
-7.878200000000000500e+02 1.150999999999999979e+01 3.489000000000000057e+01
-7.877200000000000273e+02 2.716000000000000014e+01 0.000000000000000000e+00
-7.881200000000000045e+02 1.753000000000000114e+01 3.035999999999999943e+01
-7.885000000000000000e+02 9.230000000000000426e+00 4.850000000000000000e+01
-7.883700000000000045e+02 7.990000000000000213e+00 4.039999999999999858e+01
-7.883600000000000136e+02 1.233000000000000007e+01 3.688000000000000256e+01
-7.881000000000000227e+02 8.640000000000000568e+00 3.913000000000000256e+01
-7.886000000000000227e+02 2.891000000000000014e+01 4.685999999999999943e+01
-7.880399999999999636e+02 1.696999999999999886e+01 1.550000000000000000e+01
-7.880499999999999545e+02 1.839999999999999858e+01 1.394999999999999929e+01
-7.882899999999999636e+02 1.561999999999999922e+01 3.263000000000000256e+01
-7.883700000000000045e+02 1.230000000000000071e+01 3.695000000000000284e+01
-7.884800000000000182e+02 9.400000000000000355e+00 4.821999999999999886e+01
-7.881200000000000045e+02 2.746999999999999886e+01 8.609999999999999432e+00
-7.877799999999999727e+02 1.323000000000000043e+01 2.523999999999999844e+01
-7.883500000000000227e+02 5.200000000000000178e+00 4.209000000000000341e+01
-7.877799999999999727e+02 2.771000000000000085e+01 0.000000000000000000e+00
-7.877899999999999636e+02 2.378999999999999915e+01 4.150000000000000355e+00
-7.882899999999999636e+02 2.937999999999999901e+01 7.349999999999999645e+00
-7.882400000000000091e+02 3.557999999999999829e+01 1.040000000000000036e+00
-7.884199999999999591e+02 3.703999999999999915e+01 2.803999999999999915e+01
-7.881100000000000136e+02 8.109999999999999432e+00 3.932000000000000028e+01
-7.883899999999999864e+02 2.908999999999999986e+01 2.948999999999999844e+01
-7.884600000000000364e+02 3.107000000000000028e+01 4.077000000000000313e+01
-7.880700000000000500e+02 2.303999999999999915e+01 9.779999999999999361e+00
-7.883099999999999454e+02 2.594999999999999929e+01 1.126999999999999957e+01
-7.878600000000000136e+02 2.064000000000000057e+01 6.940000000000000391e+00
-7.881100000000000136e+02 1.459999999999999964e+01 3.187000000000000099e+01
-7.878700000000000045e+02 2.067000000000000171e+01 9.320000000000000284e+00
-7.884700000000000273e+02 1.084999999999999964e+01 4.664000000000000057e+01
-7.884600000000000364e+02 1.939000000000000057e+01 4.271999999999999886e+01
-7.877200000000000273e+02 1.363000000000000078e+01 2.321000000000000085e+01
-7.883999999999999773e+02 6.199999999999999956e-01 4.792999999999999972e+01
-7.880599999999999454e+02 1.882999999999999829e+01 1.716000000000000014e+01
-7.885000000000000000e+02 1.281000000000000050e+01 4.810000000000000142e+01
-7.880199999999999818e+02 2.585999999999999943e+01 6.500000000000000000e+00
-7.885399999999999636e+02 3.507999999999999829e+01 4.371999999999999886e+01
-7.880499999999999545e+02 3.214000000000000057e+01 2.450000000000000178e+00
-7.884800000000000182e+02 2.560999999999999943e+01 4.181000000000000227e+01
-7.876399999999999864e+02 1.501999999999999957e+01 1.851999999999999957e+01
-7.880099999999999909e+02 3.160999999999999943e+01 1.679999999999999938e+00
-7.879500000000000455e+02 1.694000000000000128e+01 2.883999999999999986e+01
-7.879600000000000364e+02 2.487999999999999901e+01 5.179999999999999716e+00
-7.884400000000000546e+02 4.000999999999999801e+01 2.850000000000000000e+01
-7.878300000000000409e+02 1.468999999999999950e+01 2.405000000000000071e+01
-7.884900000000000091e+02 4.764999999999999858e+01 2.989000000000000057e+01
-7.885299999999999727e+02 4.835999999999999943e+01 4.268999999999999773e+01
-7.877500000000000000e+02 1.324000000000000021e+01 2.473999999999999844e+01
-7.877500000000000000e+02 2.467999999999999972e+01 1.429999999999999938e+00
-7.884099999999999682e+02 1.035999999999999943e+01 4.350000000000000000e+01
-7.881000000000000227e+02 2.387000000000000099e+01 1.218999999999999950e+01
-7.884900000000000091e+02 9.650000000000000355e+00 4.839999999999999858e+01
-7.881900000000000546e+02 8.500000000000000000e+00 3.953999999999999915e+01
-7.884400000000000546e+02 4.393999999999999773e+01 2.605999999999999872e+01
-7.884600000000000364e+02 6.009999999999999787e+00 4.771000000000000085e+01
-7.881200000000000045e+02 1.889999999999999858e+01 2.910999999999999943e+01
-7.883300000000000409e+02 2.180999999999999872e+01 2.626000000000000156e+01
-7.878600000000000136e+02 2.269999999999999929e+01 5.240000000000000213e+00
-7.884099999999999682e+02 4.400000000000000022e-01 4.839000000000000057e+01
-7.880099999999999909e+02 3.167000000000000171e+01 1.639999999999999902e+00
-7.882400000000000091e+02 3.388000000000000256e+01 2.399999999999999911e+00
-7.883799999999999955e+02 1.937000000000000099e+01 3.717000000000000171e+01
-7.880800000000000409e+02 2.637999999999999901e+01 7.259999999999999787e+00
-7.876599999999999682e+02 1.482000000000000028e+01 1.867000000000000171e+01
-7.877599999999999909e+02 1.335999999999999943e+01 2.344999999999999929e+01
-7.878799999999999955e+02 2.435000000000000142e+01 6.259999999999999787e+00
-7.882599999999999909e+02 3.221000000000000085e+01 4.200000000000000178e+00
-7.880800000000000409e+02 2.103000000000000114e+01 1.528999999999999915e+01
-7.885599999999999454e+02 2.062999999999999901e+01 4.728999999999999915e+01
-7.884500000000000455e+02 2.746999999999999886e+01 4.085999999999999943e+01
-7.883600000000000136e+02 3.021999999999999886e+01 2.807999999999999829e+01
-7.880399999999999636e+02 1.848000000000000043e+01 1.367999999999999972e+01
-7.884500000000000455e+02 3.472999999999999687e+01 3.807999999999999829e+01
-7.882999999999999545e+02 2.612000000000000099e+01 1.108999999999999986e+01
-7.876399999999999864e+02 1.265000000000000036e+01 2.446999999999999886e+01
-7.880399999999999636e+02 2.103999999999999915e+01 1.026999999999999957e+01
-7.882799999999999727e+02 2.960999999999999943e+01 7.089999999999999858e+00
-7.885099999999999909e+02 1.282000000000000028e+01 4.828000000000000114e+01
-7.883200000000000500e+02 1.003999999999999915e+01 3.539000000000000057e+01
-7.884400000000000546e+02 4.022999999999999687e+01 2.616000000000000014e+01
-7.878200000000000500e+02 2.101000000000000156e+01 6.559999999999999609e+00
-7.880499999999999545e+02 2.683999999999999986e+01 5.889999999999999680e+00
-7.884900000000000091e+02 1.303999999999999915e+01 4.664000000000000057e+01
-7.884500000000000455e+02 4.600999999999999801e+01 2.601999999999999957e+01
-7.885099999999999909e+02 2.555999999999999872e+01 4.325000000000000000e+01
-7.880800000000000409e+02 2.046000000000000085e+01 1.610000000000000142e+01
-7.880800000000000409e+02 2.419000000000000128e+01 1.016999999999999993e+01
-7.877799999999999727e+02 1.263000000000000078e+01 2.880999999999999872e+01
-7.881100000000000136e+02 2.846000000000000085e+01 7.209999999999999964e+00
-7.884600000000000364e+02 2.201999999999999957e+01 4.111999999999999744e+01
-7.882899999999999636e+02 2.876000000000000156e+01 8.199999999999999289e+00
-7.883600000000000136e+02 5.759999999999999787e+00 4.224000000000000199e+01
-7.879700000000000273e+02 2.298999999999999844e+01 7.230000000000000426e+00
-7.880099999999999909e+02 2.607000000000000028e+01 5.580000000000000071e+00
-7.877400000000000091e+02 1.513000000000000078e+01 1.801999999999999957e+01
-7.883700000000000045e+02 3.198999999999999844e+01 2.608999999999999986e+01
-7.884199999999999591e+02 8.300000000000000711e+00 4.460000000000000142e+01
-7.882100000000000364e+02 3.590999999999999659e+01 2.600000000000000089e-01
