-7.884900000000000091e+02 4.906000000000000227e+01 2.839000000000000057e+01
-7.877699999999999818e+02 2.260999999999999943e+01 3.810000000000000053e+00
-7.883600000000000136e+02 1.211999999999999922e+01 3.678999999999999915e+01
-7.879900000000000091e+02 1.721999999999999886e+01 1.458999999999999986e+01
-7.881299999999999955e+02 2.814999999999999858e+01 8.259999999999999787e+00
-7.880000000000000000e+02 1.910999999999999943e+01 1.101999999999999957e+01
-7.886000000000000227e+02 3.868999999999999773e+01 4.553000000000000114e+01
-7.883999999999999773e+02 5.200000000000000178e-01 4.834000000000000341e+01
-7.883600000000000136e+02 1.567999999999999972e+01 3.144999999999999929e+01
-7.877899999999999636e+02 1.265000000000000036e+01 2.882999999999999829e+01
-7.883400000000000318e+02 2.323999999999999844e+01 1.610999999999999943e+01
-7.883700000000000045e+02 2.867000000000000171e+01 2.837999999999999901e+01
-7.879800000000000182e+02 2.658999999999999986e+01 3.490000000000000213e+00
-7.881599999999999682e+02 3.892000000000000171e+01 0.000000000000000000e+00
-7.883600000000000136e+02 4.169999999999999929e+00 4.388000000000000256e+01
-7.881100000000000136e+02 2.446000000000000085e+01 1.196000000000000085e+01
-7.885700000000000500e+02 2.048000000000000043e+01 4.740999999999999659e+01
-7.881200000000000045e+02 1.421000000000000085e+01 3.182999999999999829e+01
-7.885099999999999909e+02 4.904999999999999716e+01 4.075999999999999801e+01
-7.879700000000000273e+02 2.285999999999999943e+01 7.469999999999999751e+00
-7.876399999999999864e+02 1.306000000000000050e+01 2.389000000000000057e+01
-7.885000000000000000e+02 9.230000000000000426e+00 4.850000000000000000e+01
-7.881200000000000045e+02 1.753000000000000114e+01 3.035999999999999943e+01
-7.880499999999999545e+02 1.726999999999999957e+01 1.794000000000000128e+01
-7.882899999999999636e+02 2.930000000000000071e+01 7.450000000000000178e+00
-7.883700000000000045e+02 7.990000000000000213e+00 4.039999999999999858e+01
-7.881000000000000227e+02 8.640000000000000568e+00 3.913000000000000256e+01
-7.883099999999999454e+02 2.605000000000000071e+01 1.116000000000000014e+01
-7.880800000000000409e+02 3.342000000000000171e+01 4.379999999999999893e+00
-7.886000000000000227e+02 2.891000000000000014e+01 4.685999999999999943e+01
-7.878600000000000136e+02 1.519999999999999929e+01 2.185000000000000142e+01
-7.877200000000000273e+02 2.716000000000000014e+01 0.000000000000000000e+00
-7.883200000000000500e+02 2.039999999999999858e+01 2.807000000000000028e+01
-7.885299999999999727e+02 1.458000000000000007e+01 4.775000000000000000e+01
-7.878200000000000500e+02 1.973999999999999844e+01 7.889999999999999680e+00
-7.880800000000000409e+02 2.098999999999999844e+01 1.569999999999999929e+01
-7.876699999999999591e+02 1.527999999999999936e+01 1.626999999999999957e+01
-7.879299999999999500e+02 3.139999999999999858e+01 2.899999999999999800e-01
-7.884299999999999500e+02 3.759000000000000341e+01 2.660000000000000142e+01
-7.885299999999999727e+02 4.835999999999999943e+01 4.268999999999999773e+01
-7.878600000000000136e+02 2.064000000000000057e+01 6.940000000000000391e+00
-7.881200000000000045e+02 2.880000000000000071e+01 7.379999999999999893e+00
-7.882400000000000091e+02 3.557999999999999829e+01 1.040000000000000036e+00
-7.882899999999999636e+02 2.933999999999999986e+01 7.400000000000000355e+00
-7.877300000000000182e+02 2.487999999999999901e+01 1.300000000000000044e+00
-7.884400000000000546e+02 4.450000000000000000e+01 2.603999999999999915e+01
-7.885099999999999909e+02 1.282000000000000028e+01 4.828000000000000114e+01
-7.878600000000000136e+02 2.269999999999999929e+01 5.240000000000000213e+00
-7.880299999999999727e+02 3.192000000000000171e+01 3.779999999999999805e+00
-7.880700000000000500e+02 2.021999999999999886e+01 1.332000000000000028e+01
-7.885000000000000000e+02 1.805000000000000071e+01 4.659000000000000341e+01
-7.877599999999999909e+02 1.335999999999999943e+01 2.344999999999999929e+01
-7.876599999999999682e+02 1.476999999999999957e+01 1.862000000000000099e+01
-7.881200000000000045e+02 9.689999999999999503e+00 3.813000000000000256e+01
-7.883099999999999454e+02 2.541000000000000014e+01 1.193999999999999950e+01
-7.880499999999999545e+02 1.782999999999999829e+01 1.648000000000000043e+01
-7.880099999999999909e+02 3.167000000000000171e+01 1.639999999999999902e+00
-7.884500000000000455e+02 3.472999999999999687e+01 3.807999999999999829e+01
-7.880800000000000409e+02 2.217000000000000171e+01 1.482000000000000028e+01
-7.878500000000000227e+02 2.171999999999999886e+01 6.259999999999999787e+00
-7.881100000000000136e+02 1.492999999999999972e+01 3.173999999999999844e+01
-7.883799999999999955e+02 1.939999999999999947e+00 4.732000000000000028e+01
-7.883500000000000227e+02 1.561999999999999922e+01 3.240999999999999659e+01
-7.883899999999999864e+02 5.620000000000000107e+00 4.488000000000000256e+01
-7.878200000000000500e+02 1.386999999999999922e+01 2.812000000000000099e+01
-7.881200000000000045e+02 1.773000000000000043e+01 3.026999999999999957e+01
-7.883500000000000227e+02 8.150000000000000355e+00 4.025999999999999801e+01
-7.880499999999999545e+02 2.219999999999999929e+01 1.006000000000000050e+01
-7.885800000000000409e+02 2.580000000000000071e+01 4.731000000000000227e+01
-7.880499999999999545e+02 2.837999999999999901e+01 5.160000000000000142e+00
-7.883799999999999955e+02 2.205999999999999872e+01 3.368999999999999773e+01
-7.881900000000000546e+02 2.207000000000000028e+01 2.667999999999999972e+01
-7.883799999999999955e+02 2.548999999999999844e+01 2.933999999999999986e+01
-7.884700000000000273e+02 8.039999999999999147e+00 4.806000000000000227e+01
-7.883200000000000500e+02 1.001999999999999957e+01 3.521000000000000085e+01
-7.876399999999999864e+02 1.265000000000000036e+01 2.446999999999999886e+01
-7.882699999999999818e+02 3.042000000000000171e+01 6.410000000000000142e+00
-7.885599999999999454e+02 2.185999999999999943e+01 4.702000000000000313e+01
-7.877899999999999636e+02 2.378999999999999915e+01 4.150000000000000355e+00
-7.883099999999999454e+02 2.594999999999999929e+01 1.126999999999999957e+01
-7.878400000000000318e+02 1.962999999999999901e+01 7.910000000000000142e+00
-7.883999999999999773e+02 3.235999999999999943e+01 3.087999999999999901e+01
-7.884900000000000091e+02 1.303999999999999915e+01 4.664000000000000057e+01
-7.883500000000000227e+02 5.200000000000000178e+00 4.209000000000000341e+01
-7.877500000000000000e+02 1.324000000000000021e+01 2.473999999999999844e+01
-7.880900000000000318e+02 3.105000000000000071e+01 4.660000000000000142e+00
-7.880599999999999454e+02 2.262999999999999901e+01 1.008000000000000007e+01
-7.880099999999999909e+02 3.169000000000000128e+01 1.600000000000000089e+00
-7.881299999999999955e+02 1.776999999999999957e+01 3.023000000000000043e+01
-7.879600000000000364e+02 2.014999999999999858e+01 9.419999999999999929e+00
-7.882699999999999818e+02 1.710000000000000142e+01 3.076999999999999957e+01
-7.884099999999999682e+02 4.400000000000000022e-01 4.839000000000000057e+01
-7.877200000000000273e+02 1.363000000000000078e+01 2.321000000000000085e+01
-7.883799999999999955e+02 3.235000000000000142e+01 2.598999999999999844e+01
-7.879800000000000182e+02 2.228999999999999915e+01 8.919999999999999929e+00
-7.882400000000000091e+02 3.388000000000000256e+01 2.399999999999999911e+00
-7.884800000000000182e+02 9.400000000000000355e+00 4.821999999999999886e+01
-7.883799999999999955e+02 2.526999999999999957e+01 2.944000000000000128e+01
-7.886000000000000227e+02 3.853000000000000114e+01 4.557999999999999829e+01
-7.884900000000000091e+02 4.750999999999999801e+01 2.978000000000000114e+01
-7.885399999999999636e+02 2.664999999999999858e+01 4.424000000000000199e+01
-7.880399999999999636e+02 1.719000000000000128e+01 1.516000000000000014e+01
-7.877300000000000182e+02 2.585000000000000142e+01 5.899999999999999689e-01
-7.883999999999999773e+02 8.429999999999999716e+00 4.475999999999999801e+01
-7.880700000000000500e+02 2.780999999999999872e+01 7.110000000000000320e+00
-7.883700000000000045e+02 1.200000000000000000e+01 3.865999999999999659e+01
-7.880499999999999545e+02 2.732999999999999829e+01 5.700000000000000178e+00
-7.877100000000000364e+02 1.653999999999999915e+01 1.603999999999999915e+01
-7.877599999999999909e+02 1.341000000000000014e+01 2.337999999999999901e+01
-7.881900000000000546e+02 8.250000000000000000e+00 3.932999999999999829e+01
-7.880800000000000409e+02 2.046000000000000085e+01 1.610000000000000142e+01
-7.880299999999999727e+02 2.346999999999999886e+01 8.589999999999999858e+00
-7.885599999999999454e+02 3.885000000000000142e+01 4.397999999999999687e+01
-7.879500000000000455e+02 1.694000000000000128e+01 2.883999999999999986e+01
-7.884400000000000546e+02 4.393999999999999773e+01 2.605999999999999872e+01
-7.877500000000000000e+02 1.303999999999999915e+01 2.489000000000000057e+01
-7.884099999999999682e+02 3.350999999999999801e+01 3.214999999999999858e+01
-7.884700000000000273e+02 2.080000000000000071e+01 4.535000000000000142e+01
-7.882999999999999545e+02 2.612000000000000099e+01 1.108999999999999986e+01
-7.882899999999999636e+02 1.560999999999999943e+01 3.264000000000000057e+01
-7.877400000000000091e+02 1.513000000000000078e+01 1.801999999999999957e+01
-7.878300000000000409e+02 1.468999999999999950e+01 2.405000000000000071e+01
-7.882500000000000000e+02 3.404999999999999716e+01 2.240000000000000213e+00
-7.883500000000000227e+02 2.314999999999999858e+01 1.633999999999999986e+01
-7.884299999999999500e+02 8.890000000000000568e+00 4.489999999999999858e+01
-7.880099999999999909e+02 3.160999999999999943e+01 1.679999999999999938e+00
-7.885099999999999909e+02 2.555999999999999872e+01 4.325000000000000000e+01
-7.883999999999999773e+02 6.199999999999999956e-01 4.792999999999999972e+01
