-7.883099999999999454e+02 2.605000000000000071e+01 1.116000000000000014e+01
-7.885900000000000318e+02 4.021000000000000085e+01 4.543999999999999773e+01
-7.881000000000000227e+02 7.530000000000000249e+00 4.047999999999999687e+01
-7.885299999999999727e+02 1.458000000000000007e+01 4.775000000000000000e+01
-7.881599999999999682e+02 3.892000000000000171e+01 0.000000000000000000e+00
-7.881100000000000136e+02 2.189000000000000057e+01 2.660000000000000142e+01
-7.883500000000000227e+02 2.314999999999999858e+01 1.633999999999999986e+01
-7.883600000000000136e+02 1.211999999999999922e+01 3.678999999999999915e+01
-7.883099999999999454e+02 2.532999999999999829e+01 1.200999999999999979e+01
-7.884900000000000091e+02 4.906000000000000227e+01 2.839000000000000057e+01
-7.880700000000000500e+02 2.076000000000000156e+01 1.156000000000000050e+01
-7.880299999999999727e+02 1.712999999999999901e+01 1.541000000000000014e+01
-7.882899999999999636e+02 1.198000000000000043e+01 3.130000000000000071e+01
-7.876399999999999864e+02 1.306000000000000050e+01 2.389000000000000057e+01
-7.881299999999999955e+02 2.823999999999999844e+01 8.039999999999999147e+00
-7.885700000000000500e+02 2.048000000000000043e+01 4.740999999999999659e+01
-7.885099999999999909e+02 4.892000000000000171e+01 4.063000000000000256e+01
-7.883700000000000045e+02 2.896999999999999886e+01 2.812999999999999901e+01
-7.883700000000000045e+02 4.379999999999999893e+00 4.421000000000000085e+01
-7.878500000000000227e+02 1.964000000000000057e+01 7.809999999999999609e+00
-7.883200000000000500e+02 1.985000000000000142e+01 2.830000000000000071e+01
-7.877899999999999636e+02 3.087999999999999901e+01 0.000000000000000000e+00
-7.877899999999999636e+02 2.378999999999999915e+01 4.150000000000000355e+00
-7.883700000000000045e+02 7.990000000000000213e+00 4.039999999999999858e+01
-7.882500000000000000e+02 3.389000000000000057e+01 3.750000000000000000e+00
-7.883700000000000045e+02 1.730999999999999872e+01 3.289000000000000057e+01
-7.883999999999999773e+02 5.200000000000000178e-01 4.834000000000000341e+01
-7.879700000000000273e+02 3.324000000000000199e+01 0.000000000000000000e+00
-7.880800000000000409e+02 2.214999999999999858e+01 1.532000000000000028e+01
-7.876599999999999682e+02 1.525999999999999979e+01 1.725000000000000000e+01
-7.880399999999999636e+02 2.380000000000000071e+01 8.039999999999999147e+00
-7.885000000000000000e+02 9.230000000000000426e+00 4.850000000000000000e+01
-7.880199999999999818e+02 2.864000000000000057e+01 4.040000000000000036e+00
-7.877300000000000182e+02 2.487999999999999901e+01 1.300000000000000044e+00
-7.878600000000000136e+02 1.547000000000000064e+01 2.153000000000000114e+01
-7.877899999999999636e+02 1.265000000000000036e+01 2.882999999999999829e+01
-7.886000000000000227e+02 2.891000000000000014e+01 4.685999999999999943e+01
-7.881200000000000045e+02 1.773000000000000043e+01 3.026999999999999957e+01
-7.884400000000000546e+02 4.450000000000000000e+01 2.603999999999999915e+01
-7.883400000000000318e+02 8.009999999999999787e+00 4.021999999999999886e+01
-7.882999999999999545e+02 1.297000000000000064e+01 3.471000000000000085e+01
-7.885800000000000409e+02 4.113000000000000256e+01 4.529999999999999716e+01
-7.885099999999999909e+02 1.637999999999999901e+01 4.678999999999999915e+01
-7.880499999999999545e+02 1.844000000000000128e+01 1.630999999999999872e+01
-7.884199999999999591e+02 3.882000000000000028e+01 2.607000000000000028e+01
-7.878600000000000136e+02 1.519999999999999929e+01 2.185000000000000142e+01
-7.880299999999999727e+02 3.225999999999999801e+01 3.500000000000000000e+00
-7.878400000000000318e+02 2.473999999999999844e+01 3.169999999999999929e+00
-7.883600000000000136e+02 3.180000000000000160e+00 4.500999999999999801e+01
-7.884900000000000091e+02 8.519999999999999574e+00 4.828999999999999915e+01
-7.882899999999999636e+02 2.639000000000000057e+01 1.077999999999999936e+01
-7.882699999999999818e+02 3.042000000000000171e+01 6.410000000000000142e+00
-7.877500000000000000e+02 1.324000000000000021e+01 2.473999999999999844e+01
-7.880800000000000409e+02 2.303999999999999915e+01 1.069999999999999929e+01
-7.880700000000000500e+02 2.610999999999999943e+01 7.509999999999999787e+00
-7.883999999999999773e+02 3.235999999999999943e+01 3.087999999999999901e+01
-7.882400000000000091e+02 3.388000000000000256e+01 2.399999999999999911e+00
-7.876699999999999591e+02 1.527999999999999936e+01 1.626999999999999957e+01
-7.885399999999999636e+02 2.664999999999999858e+01 4.424000000000000199e+01
-7.877200000000000273e+02 2.687999999999999901e+01 0.000000000000000000e+00
-7.880800000000000409e+02 2.217000000000000171e+01 1.482000000000000028e+01
-7.884900000000000091e+02 2.185000000000000142e+01 4.386999999999999744e+01
-7.883500000000000227e+02 1.742999999999999972e+01 3.078999999999999915e+01
-7.883099999999999454e+02 2.603000000000000114e+01 1.118999999999999950e+01
-7.879099999999999682e+02 2.021000000000000085e+01 7.339999999999999858e+00
-7.884700000000000273e+02 2.953000000000000114e+01 3.939000000000000057e+01
-7.879900000000000091e+02 3.474000000000000199e+01 1.030000000000000027e+00
-7.884099999999999682e+02 2.439999999999999947e+00 4.789000000000000057e+01
-7.882599999999999909e+02 1.896000000000000085e+01 2.985999999999999943e+01
-7.881900000000000546e+02 2.273000000000000043e+01 2.605000000000000071e+01
-7.882300000000000182e+02 3.563000000000000256e+01 9.399999999999999467e-01
-7.883700000000000045e+02 3.419999999999999929e+00 4.478000000000000114e+01
-7.881100000000000136e+02 2.494000000000000128e+01 1.059999999999999964e+01
-7.876599999999999682e+02 1.476999999999999957e+01 1.862000000000000099e+01
-7.880499999999999545e+02 1.848000000000000043e+01 1.417999999999999972e+01
-7.878400000000000318e+02 1.962999999999999901e+01 7.910000000000000142e+00
-7.880599999999999454e+02 2.046000000000000085e+01 1.227999999999999936e+01
-7.884800000000000182e+02 8.869999999999999218e+00 4.817999999999999972e+01
-7.885099999999999909e+02 1.309999999999999964e+01 4.709000000000000341e+01
-7.878999999999999773e+02 2.446000000000000085e+01 4.669999999999999929e+00
-7.882500000000000000e+02 1.941000000000000014e+01 2.962000000000000099e+01
-7.878600000000000136e+02 1.538000000000000078e+01 2.160999999999999943e+01
-7.884600000000000364e+02 4.235000000000000142e+01 3.928999999999999915e+01
-7.884099999999999682e+02 2.464000000000000057e+01 3.468999999999999773e+01
-7.883999999999999773e+02 2.339999999999999858e+00 4.610999999999999943e+01
-7.880099999999999909e+02 3.160999999999999943e+01 1.679999999999999938e+00
-7.884700000000000273e+02 2.153999999999999915e+01 4.532000000000000028e+01
-7.883899999999999864e+02 3.395000000000000284e+01 2.605999999999999872e+01
-7.877200000000000273e+02 1.363000000000000078e+01 2.321000000000000085e+01
-7.877899999999999636e+02 2.601000000000000156e+01 1.250000000000000000e+00
-7.882500000000000000e+02 3.404999999999999716e+01 2.240000000000000213e+00
-7.881900000000000546e+02 2.264000000000000057e+01 2.619999999999999929e+01
-7.881299999999999955e+02 2.812999999999999901e+01 8.080000000000000071e+00
-7.880099999999999909e+02 2.805999999999999872e+01 4.339999999999999858e+00
-7.880800000000000409e+02 2.098999999999999844e+01 1.569999999999999929e+01
-7.883500000000000227e+02 8.150000000000000355e+00 4.025999999999999801e+01
-7.883099999999999454e+02 2.594999999999999929e+01 1.126999999999999957e+01
-7.885199999999999818e+02 2.510999999999999943e+01 4.367999999999999972e+01
-7.881299999999999955e+02 3.293999999999999773e+01 5.230000000000000426e+00
-7.880599999999999454e+02 2.316000000000000014e+01 8.939999999999999503e+00
-7.882999999999999545e+02 1.326999999999999957e+01 3.453000000000000114e+01
-7.883500000000000227e+02 1.673999999999999844e+01 3.080000000000000071e+01
-7.884900000000000091e+02 4.750999999999999801e+01 2.978000000000000114e+01
-7.885700000000000500e+02 4.175000000000000000e+01 4.459000000000000341e+01
-7.884900000000000091e+02 1.064000000000000057e+01 4.772999999999999687e+01
-7.882799999999999727e+02 1.141999999999999993e+01 3.746000000000000085e+01
-7.883899999999999864e+02 3.210000000000000142e+01 2.892000000000000171e+01
-7.880499999999999545e+02 3.010999999999999943e+01 5.339999999999999858e+00
-7.882200000000000273e+02 3.396000000000000085e+01 2.319999999999999840e+00
-7.881200000000000045e+02 2.135999999999999943e+01 2.762999999999999901e+01
-7.879600000000000364e+02 2.026999999999999957e+01 8.619999999999999218e+00
-7.879600000000000364e+02 2.351999999999999957e+01 6.139999999999999680e+00
-7.885900000000000318e+02 3.242000000000000171e+01 4.614999999999999858e+01
-7.876499999999999773e+02 1.528999999999999915e+01 1.623999999999999844e+01
-7.880000000000000000e+02 3.158999999999999986e+01 1.800000000000000044e+00
-7.883799999999999955e+02 5.650000000000000355e+00 4.379999999999999716e+01
-7.880299999999999727e+02 1.821999999999999886e+01 1.458999999999999986e+01
-7.885000000000000000e+02 1.503999999999999915e+01 4.589000000000000057e+01
-7.882300000000000182e+02 2.169000000000000128e+01 2.739000000000000057e+01
-7.883099999999999454e+02 2.541000000000000014e+01 1.193999999999999950e+01
-7.877300000000000182e+02 2.419000000000000128e+01 2.350000000000000089e+00
-7.884800000000000182e+02 8.589999999999999858e+00 4.824000000000000199e+01
-7.880599999999999454e+02 2.180000000000000071e+01 9.789999999999999147e+00
-7.885900000000000318e+02 4.035000000000000142e+01 4.542000000000000171e+01
-7.882400000000000091e+02 3.557999999999999829e+01 1.040000000000000036e+00
-7.883999999999999773e+02 1.260000000000000009e+00 4.804999999999999716e+01
-7.884600000000000364e+02 4.790999999999999659e+01 2.773999999999999844e+01
-7.884299999999999500e+02 1.883999999999999986e+01 4.196999999999999886e+01
