-7.880199999999999818e+02 2.864000000000000057e+01 4.040000000000000036e+00
-7.878600000000000136e+02 1.547000000000000064e+01 2.153000000000000114e+01
-7.883700000000000045e+02 1.591999999999999993e+01 3.139000000000000057e+01
-7.883099999999999454e+02 2.110999999999999943e+01 2.778000000000000114e+01
-7.885299999999999727e+02 1.458000000000000007e+01 4.775000000000000000e+01
-7.881599999999999682e+02 3.892000000000000171e+01 0.000000000000000000e+00
-7.883500000000000227e+02 2.314999999999999858e+01 1.633999999999999986e+01
-7.880299999999999727e+02 1.712999999999999901e+01 1.541000000000000014e+01
-7.885099999999999909e+02 4.892000000000000171e+01 4.063000000000000256e+01
-7.877899999999999636e+02 2.378999999999999915e+01 4.150000000000000355e+00
-7.880000000000000000e+02 2.039000000000000057e+01 1.175999999999999979e+01
-7.878500000000000227e+02 1.964000000000000057e+01 7.809999999999999609e+00
-7.881100000000000136e+02 2.189000000000000057e+01 2.660000000000000142e+01
-7.881299999999999955e+02 2.830999999999999872e+01 7.919999999999999929e+00
-7.885700000000000500e+02 2.048000000000000043e+01 4.740999999999999659e+01
-7.883799999999999955e+02 4.540000000000000036e+00 4.489999999999999858e+01
-7.883799999999999955e+02 3.123000000000000043e+01 2.869000000000000128e+01
-7.886000000000000227e+02 2.891000000000000014e+01 4.685999999999999943e+01
-7.883700000000000045e+02 7.990000000000000213e+00 4.039999999999999858e+01
-7.877899999999999636e+02 1.265000000000000036e+01 2.882999999999999829e+01
-7.879700000000000273e+02 3.324000000000000199e+01 0.000000000000000000e+00
-7.883600000000000136e+02 1.272000000000000064e+01 3.675999999999999801e+01
-7.882899999999999636e+02 1.198000000000000043e+01 3.130000000000000071e+01
-7.882500000000000000e+02 3.389000000000000057e+01 3.750000000000000000e+00
-7.876599999999999682e+02 1.525999999999999979e+01 1.725000000000000000e+01
-7.885800000000000409e+02 3.932000000000000028e+01 4.536999999999999744e+01
-7.883999999999999773e+02 5.200000000000000178e-01 4.834000000000000341e+01
-7.880800000000000409e+02 2.098999999999999844e+01 1.569999999999999929e+01
-7.881200000000000045e+02 1.773000000000000043e+01 3.026999999999999957e+01
-7.885000000000000000e+02 9.230000000000000426e+00 4.850000000000000000e+01
-7.883099999999999454e+02 2.605000000000000071e+01 1.116000000000000014e+01
-7.882500000000000000e+02 2.566000000000000014e+01 1.159999999999999964e+01
-7.877300000000000182e+02 2.487999999999999901e+01 1.300000000000000044e+00
-7.877899999999999636e+02 3.087999999999999901e+01 0.000000000000000000e+00
-7.876399999999999864e+02 1.306000000000000050e+01 2.389000000000000057e+01
-7.884900000000000091e+02 4.906000000000000227e+01 2.839000000000000057e+01
-7.880399999999999636e+02 2.380000000000000071e+01 8.039999999999999147e+00
-7.876799999999999500e+02 1.476999999999999957e+01 1.996000000000000085e+01
-7.878600000000000136e+02 1.519999999999999929e+01 2.185000000000000142e+01
-7.880099999999999909e+02 3.160999999999999943e+01 1.679999999999999938e+00
-7.880900000000000318e+02 2.419000000000000128e+01 1.172000000000000064e+01
-7.883099999999999454e+02 2.594999999999999929e+01 1.126999999999999957e+01
-7.879600000000000364e+02 2.351999999999999957e+01 6.139999999999999680e+00
-7.885099999999999909e+02 1.637999999999999901e+01 4.678999999999999915e+01
-7.884900000000000091e+02 2.092999999999999972e+01 4.403999999999999915e+01
-7.884400000000000546e+02 8.939999999999999503e+00 4.535000000000000142e+01
-7.883200000000000500e+02 1.128999999999999915e+01 3.499000000000000199e+01
-7.883700000000000045e+02 3.419999999999999929e+00 4.478000000000000114e+01
-7.884800000000000182e+02 4.934000000000000341e+01 2.603000000000000114e+01
-7.884800000000000182e+02 2.678000000000000114e+01 4.024000000000000199e+01
-7.877899999999999636e+02 1.340000000000000036e+01 2.755000000000000071e+01
-7.884900000000000091e+02 9.699999999999999289e+00 4.786999999999999744e+01
-7.878400000000000318e+02 1.962999999999999901e+01 7.910000000000000142e+00
-7.882599999999999909e+02 1.896000000000000085e+01 2.985999999999999943e+01
-7.884199999999999591e+02 3.882000000000000028e+01 2.607000000000000028e+01
-7.883999999999999773e+02 1.260000000000000009e+00 4.804999999999999716e+01
-7.883200000000000500e+02 1.985000000000000142e+01 2.830000000000000071e+01
-7.877899999999999636e+02 2.601000000000000156e+01 1.250000000000000000e+00
-7.877500000000000000e+02 1.324000000000000021e+01 2.473999999999999844e+01
-7.880800000000000409e+02 2.201000000000000156e+01 1.167999999999999972e+01
-7.881900000000000546e+02 2.237000000000000099e+01 2.639000000000000057e+01
-7.877500000000000000e+02 2.412000000000000099e+01 3.160000000000000142e+00
-7.883700000000000045e+02 2.680999999999999872e+01 2.235000000000000142e+01
-7.884299999999999500e+02 1.883999999999999986e+01 4.196999999999999886e+01
-7.885800000000000409e+02 4.113000000000000256e+01 4.529999999999999716e+01
-7.879500000000000455e+02 3.042000000000000171e+01 2.569999999999999840e+00
-7.882400000000000091e+02 3.424000000000000199e+01 2.040000000000000036e+00
-7.882400000000000091e+02 3.332000000000000028e+01 5.370000000000000107e+00
-7.880399999999999636e+02 1.746000000000000085e+01 1.583000000000000007e+01
-7.881299999999999955e+02 2.812999999999999901e+01 8.080000000000000071e+00
-7.881000000000000227e+02 2.601000000000000156e+01 1.002999999999999936e+01
-7.883799999999999955e+02 1.510999999999999943e+01 3.421999999999999886e+01
-7.883099999999999454e+02 2.603000000000000114e+01 1.118999999999999950e+01
-7.877200000000000273e+02 2.687999999999999901e+01 0.000000000000000000e+00
-7.883600000000000136e+02 3.180000000000000160e+00 4.500999999999999801e+01
-7.880399999999999636e+02 1.810000000000000142e+01 1.399000000000000021e+01
-7.877699999999999818e+02 2.494000000000000128e+01 1.500000000000000000e+00
-7.879900000000000091e+02 3.474000000000000199e+01 1.030000000000000027e+00
-7.877200000000000273e+02 1.363000000000000078e+01 2.321000000000000085e+01
-7.884099999999999682e+02 2.439999999999999947e+00 4.789000000000000057e+01
-7.883600000000000136e+02 1.211999999999999922e+01 3.678999999999999915e+01
-7.876599999999999682e+02 1.476999999999999957e+01 1.862000000000000099e+01
-7.884800000000000182e+02 8.869999999999999218e+00 4.817999999999999972e+01
-7.878600000000000136e+02 1.538000000000000078e+01 2.160999999999999943e+01
-7.883899999999999864e+02 3.395000000000000284e+01 2.605999999999999872e+01
-7.884600000000000364e+02 4.235000000000000142e+01 3.928999999999999915e+01
-7.884700000000000273e+02 4.509000000000000341e+01 2.842000000000000171e+01
-7.886000000000000227e+02 2.857999999999999829e+01 4.696000000000000085e+01
-7.882599999999999909e+02 1.914000000000000057e+01 2.951000000000000156e+01
-7.882799999999999727e+02 2.948000000000000043e+01 7.240000000000000213e+00
-7.882400000000000091e+02 3.557999999999999829e+01 1.040000000000000036e+00
-7.884800000000000182e+02 2.046999999999999886e+01 4.374000000000000199e+01
-7.884900000000000091e+02 1.064000000000000057e+01 4.772999999999999687e+01
-7.881000000000000227e+02 3.189999999999999858e+01 4.339999999999999858e+00
-7.878799999999999955e+02 2.055999999999999872e+01 7.030000000000000249e+00
-7.882799999999999727e+02 1.942000000000000171e+01 2.955999999999999872e+01
-7.885099999999999909e+02 1.309999999999999964e+01 4.709000000000000341e+01
-7.885599999999999454e+02 4.063000000000000256e+01 4.459000000000000341e+01
-7.881200000000000045e+02 2.146000000000000085e+01 2.750000000000000000e+01
-7.879400000000000546e+02 2.691000000000000014e+01 2.529999999999999805e+00
-7.882899999999999636e+02 2.639000000000000057e+01 1.077999999999999936e+01
-7.877999999999999545e+02 1.400999999999999979e+01 2.730000000000000071e+01
-7.879700000000000273e+02 2.071999999999999886e+01 9.939999999999999503e+00
-7.879500000000000455e+02 1.958999999999999986e+01 8.980000000000000426e+00
-7.883300000000000409e+02 8.960000000000000853e+00 3.714999999999999858e+01
-7.882999999999999545e+02 2.178000000000000114e+01 2.773999999999999844e+01
-7.880900000000000318e+02 2.298999999999999844e+01 1.280000000000000071e+01
-7.884800000000000182e+02 1.992000000000000171e+01 4.410999999999999943e+01
-7.882300000000000182e+02 3.563000000000000256e+01 9.399999999999999467e-01
-7.883999999999999773e+02 3.652000000000000313e+01 2.610000000000000142e+01
-7.878300000000000409e+02 3.014000000000000057e+01 1.800000000000000044e+00
-7.880599999999999454e+02 3.267000000000000171e+01 2.250000000000000000e+00
-7.884199999999999591e+02 2.376999999999999957e+01 3.900000000000000000e+01
-7.884900000000000091e+02 5.117999999999999972e+01 2.601999999999999957e+01
-7.881299999999999955e+02 3.265999999999999659e+01 4.940000000000000391e+00
-7.883799999999999955e+02 5.650000000000000355e+00 4.379999999999999716e+01
-7.883899999999999864e+02 3.210000000000000142e+01 2.892000000000000171e+01
-7.883999999999999773e+02 2.310000000000000053e+00 4.607000000000000028e+01
-7.878500000000000227e+02 1.550000000000000000e+01 2.128000000000000114e+01
-7.885399999999999636e+02 1.671000000000000085e+01 4.786999999999999744e+01
-7.885900000000000318e+02 3.788000000000000256e+01 4.539999999999999858e+01
-7.883300000000000409e+02 1.219999999999999929e+01 3.403999999999999915e+01
-7.881299999999999955e+02 2.823999999999999844e+01 8.039999999999999147e+00
-7.881100000000000136e+02 2.494000000000000128e+01 1.059999999999999964e+01
-7.880499999999999545e+02 1.837999999999999901e+01 1.642000000000000171e+01
-7.877300000000000182e+02 2.419000000000000128e+01 2.350000000000000089e+00
-7.883500000000000227e+02 1.742999999999999972e+01 3.078999999999999915e+01
-7.876499999999999773e+02 1.528999999999999915e+01 1.623999999999999844e+01
