-7.884900000000000091e+02 4.906000000000000227e+01 2.839000000000000057e+01
-7.883799999999999955e+02 4.049999999999999822e+00 4.360000000000000142e+01
-7.881100000000000136e+02 7.940000000000000391e+00 3.996999999999999886e+01
-7.880399999999999636e+02 2.001999999999999957e+01 1.177999999999999936e+01
-7.880299999999999727e+02 1.712999999999999901e+01 1.541000000000000014e+01
-7.883700000000000045e+02 1.591999999999999993e+01 3.139000000000000057e+01
-7.885299999999999727e+02 1.446000000000000085e+01 4.775000000000000000e+01
-7.876399999999999864e+02 1.306000000000000050e+01 2.389000000000000057e+01
-7.883999999999999773e+02 5.200000000000000178e-01 4.834000000000000341e+01
-7.880199999999999818e+02 2.444999999999999929e+01 7.790000000000000036e+00
-7.883099999999999454e+02 2.605000000000000071e+01 1.116000000000000014e+01
-7.886100000000000136e+02 3.017000000000000171e+01 4.725000000000000000e+01
-7.881599999999999682e+02 3.892000000000000171e+01 0.000000000000000000e+00
-7.883799999999999955e+02 3.037999999999999901e+01 2.817000000000000171e+01
-7.883500000000000227e+02 2.314999999999999858e+01 1.633999999999999986e+01
-7.883700000000000045e+02 7.990000000000000213e+00 4.039999999999999858e+01
-7.878600000000000136e+02 1.547000000000000064e+01 2.153000000000000114e+01
-7.878300000000000409e+02 1.340000000000000036e+01 2.787999999999999901e+01
-7.879600000000000364e+02 1.755999999999999872e+01 1.218999999999999950e+01
-7.883099999999999454e+02 2.069000000000000128e+01 2.764000000000000057e+01
-7.877300000000000182e+02 2.487999999999999901e+01 1.300000000000000044e+00
-7.881399999999999864e+02 3.089000000000000057e+01 7.709999999999999964e+00
-7.882899999999999636e+02 1.198000000000000043e+01 3.130000000000000071e+01
-7.881499999999999773e+02 2.148000000000000043e+01 2.660000000000000142e+01
-7.881299999999999955e+02 3.288000000000000256e+01 4.750000000000000000e+00
-7.880199999999999818e+02 2.864000000000000057e+01 4.040000000000000036e+00
-7.877899999999999636e+02 3.023000000000000043e+01 1.400000000000000133e-01
-7.885700000000000500e+02 2.048000000000000043e+01 4.740999999999999659e+01
-7.882500000000000000e+02 2.566000000000000014e+01 1.159999999999999964e+01
-7.885000000000000000e+02 9.230000000000000426e+00 4.850000000000000000e+01
-7.885800000000000409e+02 3.932000000000000028e+01 4.536999999999999744e+01
-7.879700000000000273e+02 3.324000000000000199e+01 0.000000000000000000e+00
-7.883600000000000136e+02 1.272000000000000064e+01 3.675999999999999801e+01
-7.877899999999999636e+02 2.378999999999999915e+01 4.150000000000000355e+00
-7.885099999999999909e+02 4.928999999999999915e+01 4.035000000000000142e+01
-7.878500000000000227e+02 1.964000000000000057e+01 7.809999999999999609e+00
-7.881200000000000045e+02 1.773000000000000043e+01 3.026999999999999957e+01
-7.880900000000000318e+02 2.294000000000000128e+01 1.807000000000000028e+01
-7.877400000000000091e+02 1.616000000000000014e+01 1.853000000000000114e+01
-7.883099999999999454e+02 2.603000000000000114e+01 1.118999999999999950e+01
-7.880800000000000409e+02 2.098999999999999844e+01 1.569999999999999929e+01
-7.881200000000000045e+02 3.114000000000000057e+01 5.379999999999999893e+00
-7.884400000000000546e+02 8.839999999999999858e+00 4.564999999999999858e+01
-7.885000000000000000e+02 1.335999999999999943e+01 4.760999999999999943e+01
-7.878500000000000227e+02 1.550000000000000000e+01 2.128000000000000114e+01
-7.883899999999999864e+02 3.819999999999999840e+00 4.421000000000000085e+01
-7.885900000000000318e+02 3.682000000000000028e+01 4.545000000000000284e+01
-7.877799999999999727e+02 1.472000000000000064e+01 2.289999999999999858e+01
-7.883700000000000045e+02 1.241999999999999993e+01 3.850999999999999801e+01
-7.884500000000000455e+02 4.450000000000000000e+01 2.607999999999999829e+01
-7.881299999999999955e+02 3.023999999999999844e+01 5.919999999999999929e+00
-7.883799999999999955e+02 2.103000000000000114e+01 3.108999999999999986e+01
-7.878700000000000045e+02 1.962000000000000099e+01 8.000000000000000000e+00
-7.883999999999999773e+02 1.870000000000000107e+00 4.775999999999999801e+01
-7.885099999999999909e+02 1.082000000000000028e+01 4.815999999999999659e+01
-7.881399999999999864e+02 1.782000000000000028e+01 3.014000000000000057e+01
-7.880099999999999909e+02 2.830000000000000071e+01 6.129999999999999893e+00
-7.876900000000000546e+02 1.181000000000000050e+01 3.407000000000000028e+01
-7.883799999999999955e+02 1.792000000000000171e+01 3.789000000000000057e+01
-7.880399999999999636e+02 2.600000000000000000e+01 8.019999999999999574e+00
-7.882300000000000182e+02 3.563000000000000256e+01 9.399999999999999467e-01
-7.877699999999999818e+02 1.516999999999999993e+01 2.092000000000000171e+01
-7.881000000000000227e+02 1.128999999999999915e+01 3.742999999999999972e+01
-7.883899999999999864e+02 3.094999999999999929e+01 2.835000000000000142e+01
-7.880000000000000000e+02 1.783999999999999986e+01 1.364000000000000057e+01
-7.885000000000000000e+02 1.791000000000000014e+01 4.707000000000000028e+01
-7.879800000000000182e+02 1.785999999999999943e+01 1.215000000000000036e+01
-7.877799999999999727e+02 2.732999999999999829e+01 0.000000000000000000e+00
-7.883799999999999955e+02 3.192000000000000171e+01 2.503000000000000114e+01
-7.877300000000000182e+02 2.558999999999999986e+01 4.099999999999999756e-01
-7.877899999999999636e+02 2.460999999999999943e+01 1.649999999999999911e+00
-7.885199999999999818e+02 4.785999999999999943e+01 4.111999999999999744e+01
-7.880599999999999454e+02 3.267000000000000171e+01 2.250000000000000000e+00
-7.882899999999999636e+02 2.592000000000000171e+01 1.128999999999999915e+01
-7.885499999999999545e+02 2.562999999999999901e+01 4.543999999999999773e+01
-7.877200000000000273e+02 2.687999999999999901e+01 0.000000000000000000e+00
-7.883799999999999955e+02 1.099000000000000021e+01 3.953999999999999915e+01
-7.880700000000000500e+02 3.278000000000000114e+01 3.950000000000000178e+00
-7.883099999999999454e+02 2.712999999999999901e+01 9.900000000000000355e+00
-7.878600000000000136e+02 1.538000000000000078e+01 2.160999999999999943e+01
-7.884400000000000546e+02 6.870000000000000107e+00 4.742999999999999972e+01
-7.885399999999999636e+02 1.667999999999999972e+01 4.786999999999999744e+01
-7.878899999999999864e+02 2.339000000000000057e+01 5.759999999999999787e+00
-7.885199999999999818e+02 2.846000000000000085e+01 4.379999999999999716e+01
-7.876799999999999500e+02 1.483000000000000007e+01 2.057000000000000028e+01
-7.882999999999999545e+02 1.685999999999999943e+01 3.107999999999999829e+01
-7.883200000000000500e+02 1.229999999999999982e+00 4.784000000000000341e+01
-7.879900000000000091e+02 2.421999999999999886e+01 7.049999999999999822e+00
-7.885099999999999909e+02 2.266000000000000014e+01 4.421000000000000085e+01
-7.879199999999999591e+02 2.205999999999999872e+01 7.490000000000000213e+00
-7.882599999999999909e+02 9.160000000000000142e+00 3.925999999999999801e+01
-7.884099999999999682e+02 1.058999999999999986e+01 4.392000000000000171e+01
-7.884500000000000455e+02 3.657000000000000028e+01 3.843999999999999773e+01
-7.880099999999999909e+02 3.488000000000000256e+01 1.689999999999999947e+00
-7.881000000000000227e+02 2.823999999999999844e+01 6.549999999999999822e+00
-7.877899999999999636e+02 1.340000000000000036e+01 2.755000000000000071e+01
-7.882999999999999545e+02 2.610000000000000142e+01 1.108999999999999986e+01
-7.880399999999999636e+02 2.853000000000000114e+01 5.519999999999999574e+00
-7.884700000000000273e+02 4.700000000000000000e+01 3.227000000000000313e+01
-7.882400000000000091e+02 3.424000000000000199e+01 2.040000000000000036e+00
-7.880700000000000500e+02 2.246000000000000085e+01 1.134999999999999964e+01
-7.884900000000000091e+02 5.120000000000000284e+01 2.601000000000000156e+01
-7.881499999999999773e+02 1.789000000000000057e+01 3.066000000000000014e+01
-7.876499999999999773e+02 1.310999999999999943e+01 2.475000000000000000e+01
-7.884800000000000182e+02 8.619999999999999218e+00 4.822999999999999687e+01
-7.885099999999999909e+02 4.903000000000000114e+01 4.053000000000000114e+01
-7.883799999999999955e+02 3.096999999999999886e+01 2.814999999999999858e+01
-7.883300000000000409e+02 1.878999999999999915e+01 2.987999999999999901e+01
-7.880399999999999636e+02 1.746000000000000085e+01 1.583000000000000007e+01
-7.880900000000000318e+02 2.723000000000000043e+01 6.889999999999999680e+00
-7.881299999999999955e+02 1.921999999999999886e+01 2.951000000000000156e+01
-7.884800000000000182e+02 2.908999999999999986e+01 4.035000000000000142e+01
-7.878899999999999864e+02 2.105000000000000071e+01 6.759999999999999787e+00
-7.881499999999999773e+02 1.025000000000000000e+01 3.860000000000000142e+01
-7.882699999999999818e+02 2.596000000000000085e+01 1.124000000000000021e+01
-7.883200000000000500e+02 9.460000000000000853e+00 3.884000000000000341e+01
-7.883999999999999773e+02 2.970000000000000195e+00 4.597999999999999687e+01
-7.884600000000000364e+02 4.235000000000000142e+01 3.928999999999999915e+01
-7.884700000000000273e+02 7.230000000000000426e+00 4.818999999999999773e+01
-7.880000000000000000e+02 2.589999999999999858e+01 5.419999999999999929e+00
-7.882400000000000091e+02 3.557999999999999829e+01 1.040000000000000036e+00
-7.885800000000000409e+02 4.303999999999999915e+01 4.518999999999999773e+01
-7.885800000000000409e+02 2.319000000000000128e+01 4.793999999999999773e+01
-7.883500000000000227e+02 1.282000000000000028e+01 3.672999999999999687e+01
-7.886100000000000136e+02 3.164999999999999858e+01 4.720000000000000284e+01
-7.882400000000000091e+02 3.332000000000000028e+01 5.370000000000000107e+00
-7.880099999999999909e+02 2.207999999999999829e+01 9.490000000000000213e+00
-7.877300000000000182e+02 2.619000000000000128e+01 1.400000000000000133e-01
