-7.886100000000000136e+02 3.017000000000000171e+01 4.725000000000000000e+01
-7.881100000000000136e+02 8.490000000000000213e+00 3.943999999999999773e+01
-7.885099999999999909e+02 4.917000000000000171e+01 4.035000000000000142e+01
-7.884900000000000091e+02 4.906000000000000227e+01 2.839000000000000057e+01
-7.883999999999999773e+02 5.200000000000000178e-01 4.834000000000000341e+01
-7.883099999999999454e+02 2.605000000000000071e+01 1.116000000000000014e+01
-7.883799999999999955e+02 4.049999999999999822e+00 4.360000000000000142e+01
-7.885800000000000409e+02 4.140999999999999659e+01 4.507999999999999829e+01
-7.878600000000000136e+02 1.547000000000000064e+01 2.153000000000000114e+01
-7.883799999999999955e+02 3.021999999999999886e+01 2.835000000000000142e+01
-7.883700000000000045e+02 1.591999999999999993e+01 3.139000000000000057e+01
-7.883300000000000409e+02 2.000000000000000000e+01 2.782999999999999829e+01
-7.880499999999999545e+02 2.021999999999999886e+01 1.140000000000000036e+01
-7.882899999999999636e+02 1.198000000000000043e+01 3.130000000000000071e+01
-7.878600000000000136e+02 2.012999999999999901e+01 7.500000000000000000e+00
-7.883500000000000227e+02 2.314999999999999858e+01 1.633999999999999986e+01
-7.881299999999999955e+02 3.288000000000000256e+01 4.750000000000000000e+00
-7.885000000000000000e+02 9.210000000000000853e+00 4.850999999999999801e+01
-7.877899999999999636e+02 2.378999999999999915e+01 4.150000000000000355e+00
-7.881599999999999682e+02 3.264000000000000057e+01 8.810000000000000497e+00
-7.880199999999999818e+02 2.444999999999999929e+01 7.790000000000000036e+00
-7.882500000000000000e+02 2.562999999999999901e+01 1.167999999999999972e+01
-7.883799999999999955e+02 8.179999999999999716e+00 4.190999999999999659e+01
-7.881599999999999682e+02 3.892000000000000171e+01 0.000000000000000000e+00
-7.885700000000000500e+02 2.048000000000000043e+01 4.740999999999999659e+01
-7.880299999999999727e+02 1.712999999999999901e+01 1.541000000000000014e+01
-7.876399999999999864e+02 1.306000000000000050e+01 2.389000000000000057e+01
-7.881900000000000546e+02 1.889000000000000057e+01 2.723999999999999844e+01
-7.879700000000000273e+02 3.324000000000000199e+01 0.000000000000000000e+00
-7.883600000000000136e+02 1.272000000000000064e+01 3.675999999999999801e+01
-7.877200000000000273e+02 2.451999999999999957e+01 1.620000000000000107e+00
-7.877899999999999636e+02 3.023000000000000043e+01 1.400000000000000133e-01
-7.885299999999999727e+02 1.446000000000000085e+01 4.775000000000000000e+01
-7.881499999999999773e+02 2.148000000000000043e+01 2.660000000000000142e+01
-7.877400000000000091e+02 1.616000000000000014e+01 1.853000000000000114e+01
-7.880099999999999909e+02 2.875000000000000000e+01 3.779999999999999805e+00
-7.880800000000000409e+02 2.098999999999999844e+01 1.569999999999999929e+01
-7.879400000000000546e+02 1.817000000000000171e+01 1.183999999999999986e+01
-7.878300000000000409e+02 1.340000000000000036e+01 2.787999999999999901e+01
-7.880599999999999454e+02 2.057999999999999829e+01 1.106000000000000050e+01
-7.883999999999999773e+02 2.457000000000000028e+01 3.567999999999999972e+01
-7.881399999999999864e+02 3.888000000000000256e+01 0.000000000000000000e+00
-7.881200000000000045e+02 3.114000000000000057e+01 5.379999999999999893e+00
-7.883600000000000136e+02 1.522000000000000064e+01 3.457000000000000028e+01
-7.883099999999999454e+02 2.603000000000000114e+01 1.118999999999999950e+01
-7.885000000000000000e+02 9.230000000000000426e+00 4.850000000000000000e+01
-7.885700000000000500e+02 4.432999999999999829e+01 4.450999999999999801e+01
-7.880199999999999818e+02 1.751999999999999957e+01 1.358000000000000007e+01
-7.879500000000000455e+02 1.953999999999999915e+01 9.080000000000000071e+00
-7.884199999999999591e+02 3.692000000000000171e+01 3.400000000000000000e+01
-7.885199999999999818e+02 4.785999999999999943e+01 4.111999999999999744e+01
-7.885199999999999818e+02 2.517000000000000171e+01 4.411999999999999744e+01
-7.883099999999999454e+02 1.181000000000000050e+01 3.206000000000000227e+01
-7.884900000000000091e+02 1.506000000000000050e+01 4.732000000000000028e+01
-7.881100000000000136e+02 2.828999999999999915e+01 6.660000000000000142e+00
-7.883300000000000409e+02 2.280000000000000071e+01 1.623999999999999844e+01
-7.883999999999999773e+02 6.139999999999999680e+00 4.549000000000000199e+01
-7.885399999999999636e+02 2.094000000000000128e+01 4.639999999999999858e+01
-7.884500000000000455e+02 4.450000000000000000e+01 2.607999999999999829e+01
-7.877599999999999909e+02 1.676000000000000156e+01 1.841000000000000014e+01
-7.877599999999999909e+02 1.308999999999999986e+01 2.471999999999999886e+01
-7.880099999999999909e+02 2.414000000000000057e+01 8.210000000000000853e+00
-7.877300000000000182e+02 2.487999999999999901e+01 1.300000000000000044e+00
-7.884099999999999682e+02 2.049999999999999822e+00 4.771000000000000085e+01
-7.880099999999999909e+02 3.066000000000000014e+01 2.569999999999999840e+00
-7.877300000000000182e+02 2.573999999999999844e+01 3.499999999999999778e-01
-7.878700000000000045e+02 1.550999999999999979e+01 2.485000000000000142e+01
-7.882500000000000000e+02 2.566000000000000014e+01 1.159999999999999964e+01
-7.883200000000000500e+02 9.460000000000000853e+00 3.884000000000000341e+01
-7.879600000000000364e+02 1.755999999999999872e+01 1.218999999999999950e+01
-7.877899999999999636e+02 1.340000000000000036e+01 2.755000000000000071e+01
-7.880299999999999727e+02 3.240999999999999659e+01 1.209999999999999964e+00
-7.881100000000000136e+02 7.940000000000000391e+00 3.996999999999999886e+01
-7.877799999999999727e+02 2.380000000000000071e+01 4.139999999999999680e+00
-7.885199999999999818e+02 1.358999999999999986e+01 4.821999999999999886e+01
-7.883700000000000045e+02 1.867999999999999972e+01 3.082000000000000028e+01
-7.881299999999999955e+02 3.023999999999999844e+01 5.919999999999999929e+00
-7.884199999999999591e+02 7.299999999999999822e-01 4.824000000000000199e+01
-7.883099999999999454e+02 2.712999999999999901e+01 9.900000000000000355e+00
-7.878600000000000136e+02 1.538000000000000078e+01 2.160999999999999943e+01
-7.883999999999999773e+02 3.082000000000000028e+01 2.837999999999999901e+01
-7.884900000000000091e+02 2.871999999999999886e+01 3.778999999999999915e+01
-7.885800000000000409e+02 2.319000000000000128e+01 4.793999999999999773e+01
-7.881000000000000227e+02 3.420000000000000284e+01 4.379999999999999893e+00
-7.877799999999999727e+02 2.732999999999999829e+01 0.000000000000000000e+00
-7.877699999999999818e+02 1.516999999999999993e+01 2.092000000000000171e+01
-7.883400000000000318e+02 6.450000000000000178e+00 4.181000000000000227e+01
-7.880399999999999636e+02 2.719000000000000128e+01 6.809999999999999609e+00
-7.877300000000000182e+02 2.558999999999999986e+01 4.099999999999999756e-01
-7.882999999999999545e+02 2.610000000000000142e+01 1.108999999999999986e+01
-7.878799999999999955e+02 1.582000000000000028e+01 2.869999999999999929e+01
-7.883999999999999773e+02 5.459999999999999964e+00 4.560999999999999943e+01
-7.884199999999999591e+02 1.331000000000000050e+01 4.000999999999999801e+01
-7.880599999999999454e+02 1.957000000000000028e+01 1.617999999999999972e+01
-7.878500000000000227e+02 1.964000000000000057e+01 7.809999999999999609e+00
-7.884900000000000091e+02 5.120000000000000284e+01 2.601000000000000156e+01
-7.885099999999999909e+02 1.082000000000000028e+01 4.815999999999999659e+01
-7.882400000000000091e+02 3.557999999999999829e+01 1.040000000000000036e+00
-7.885800000000000409e+02 3.765999999999999659e+01 4.528000000000000114e+01
-7.885499999999999545e+02 2.435000000000000142e+01 4.535000000000000142e+01
-7.880700000000000500e+02 2.239000000000000057e+01 1.251999999999999957e+01
-7.884600000000000364e+02 4.571999999999999886e+01 3.484000000000000341e+01
-7.883300000000000409e+02 2.314000000000000057e+01 1.603999999999999915e+01
-7.879199999999999591e+02 2.348999999999999844e+01 5.259999999999999787e+00
-7.877799999999999727e+02 1.472000000000000064e+01 2.289999999999999858e+01
-7.880599999999999454e+02 3.267000000000000171e+01 2.250000000000000000e+00
-7.880000000000000000e+02 2.589999999999999858e+01 5.419999999999999929e+00
-7.884800000000000182e+02 8.619999999999999218e+00 4.822999999999999687e+01
-7.883999999999999773e+02 1.870000000000000107e+00 4.775999999999999801e+01
-7.880299999999999727e+02 2.448000000000000043e+01 7.900000000000000355e+00
-7.880700000000000500e+02 2.096999999999999886e+01 1.449000000000000021e+01
-7.885599999999999454e+02 2.044999999999999929e+01 4.742999999999999972e+01
-7.885099999999999909e+02 4.903000000000000114e+01 4.053000000000000114e+01
-7.883500000000000227e+02 1.233000000000000007e+01 3.657999999999999829e+01
-7.885099999999999909e+02 1.316999999999999993e+01 4.771000000000000085e+01
-7.878500000000000227e+02 2.498999999999999844e+01 3.950000000000000178e+00
-7.879199999999999591e+02 2.205999999999999872e+01 7.490000000000000213e+00
-7.883799999999999955e+02 2.103000000000000114e+01 3.108999999999999986e+01
-7.884400000000000546e+02 3.778999999999999915e+01 3.760999999999999943e+01
-7.882300000000000182e+02 3.563000000000000256e+01 9.399999999999999467e-01
-7.880399999999999636e+02 1.746000000000000085e+01 1.583000000000000007e+01
-7.885800000000000409e+02 2.717999999999999972e+01 4.599000000000000199e+01
-7.880199999999999818e+02 2.864000000000000057e+01 4.040000000000000036e+00
-7.882400000000000091e+02 3.332000000000000028e+01 5.370000000000000107e+00
-7.882899999999999636e+02 2.592000000000000171e+01 1.128999999999999915e+01
-7.883700000000000045e+02 2.660000000000000142e+00 4.642999999999999972e+01
-7.877400000000000091e+02 1.608999999999999986e+01 2.067000000000000171e+01
-7.886100000000000136e+02 3.686999999999999744e+01 4.632999999999999829e+01
