-7.885099999999999909e+02 4.917000000000000171e+01 4.035000000000000142e+01
-7.878600000000000136e+02 1.424000000000000021e+01 2.989000000000000057e+01
-7.877400000000000091e+02 1.616000000000000014e+01 1.853000000000000114e+01
-7.879700000000000273e+02 3.324000000000000199e+01 0.000000000000000000e+00
-7.877200000000000273e+02 2.466000000000000014e+01 1.459999999999999964e+00
-7.885299999999999727e+02 1.446000000000000085e+01 4.775000000000000000e+01
-7.882500000000000000e+02 2.562999999999999901e+01 1.167999999999999972e+01
-7.880199999999999818e+02 2.444999999999999929e+01 7.790000000000000036e+00
-7.877899999999999636e+02 2.378999999999999915e+01 4.150000000000000355e+00
-7.878600000000000136e+02 1.547000000000000064e+01 2.153000000000000114e+01
-7.881499999999999773e+02 2.148000000000000043e+01 2.660000000000000142e+01
-7.878600000000000136e+02 2.012999999999999901e+01 7.500000000000000000e+00
-7.882899999999999636e+02 1.198000000000000043e+01 3.130000000000000071e+01
-7.883500000000000227e+02 2.314999999999999858e+01 1.633999999999999986e+01
-7.879600000000000364e+02 1.755999999999999872e+01 1.218999999999999950e+01
-7.883600000000000136e+02 1.272000000000000064e+01 3.675999999999999801e+01
-7.883799999999999955e+02 4.049999999999999822e+00 4.360000000000000142e+01
-7.880299999999999727e+02 1.712999999999999901e+01 1.541000000000000014e+01
-7.881100000000000136e+02 8.490000000000000213e+00 3.943999999999999773e+01
-7.884900000000000091e+02 4.906000000000000227e+01 2.839000000000000057e+01
-7.885700000000000500e+02 2.048000000000000043e+01 4.740999999999999659e+01
-7.883099999999999454e+02 2.605000000000000071e+01 1.116000000000000014e+01
-7.883700000000000045e+02 2.137000000000000099e+01 3.046999999999999886e+01
-7.883799999999999955e+02 3.021999999999999886e+01 2.835000000000000142e+01
-7.883700000000000045e+02 1.591999999999999993e+01 3.139000000000000057e+01
-7.880499999999999545e+02 2.021999999999999886e+01 1.140000000000000036e+01
-7.885800000000000409e+02 4.140999999999999659e+01 4.507999999999999829e+01
-7.881599999999999682e+02 3.892000000000000171e+01 0.000000000000000000e+00
-7.885000000000000000e+02 9.210000000000000853e+00 4.850999999999999801e+01
-7.877899999999999636e+02 3.023000000000000043e+01 1.400000000000000133e-01
-7.880099999999999909e+02 2.875000000000000000e+01 3.779999999999999805e+00
-7.880800000000000409e+02 2.098999999999999844e+01 1.569999999999999929e+01
-7.883999999999999773e+02 5.200000000000000178e-01 4.834000000000000341e+01
-7.876499999999999773e+02 1.289000000000000057e+01 2.373000000000000043e+01
-7.882599999999999909e+02 3.292000000000000171e+01 4.599999999999999645e+00
-7.881599999999999682e+02 3.264000000000000057e+01 8.810000000000000497e+00
-7.881900000000000546e+02 1.778000000000000114e+01 2.842999999999999972e+01
-7.883799999999999955e+02 8.179999999999999716e+00 4.190999999999999659e+01
-7.886100000000000136e+02 3.017000000000000171e+01 4.725000000000000000e+01
-7.882799999999999727e+02 2.619999999999999929e+01 1.098000000000000043e+01
-7.880499999999999545e+02 2.155000000000000071e+01 1.046000000000000085e+01
-7.884199999999999591e+02 3.589999999999999858e+01 3.395000000000000284e+01
-7.880299999999999727e+02 1.796999999999999886e+01 1.390000000000000036e+01
-7.877300000000000182e+02 2.573999999999999844e+01 3.499999999999999778e-01
-7.881399999999999864e+02 1.078999999999999915e+01 3.667999999999999972e+01
-7.881900000000000546e+02 1.889000000000000057e+01 2.723999999999999844e+01
-7.884600000000000364e+02 2.787000000000000099e+01 4.163000000000000256e+01
-7.883300000000000409e+02 2.280000000000000071e+01 1.623999999999999844e+01
-7.883999999999999773e+02 5.459999999999999964e+00 4.560999999999999943e+01
-7.884099999999999682e+02 2.049999999999999822e+00 4.771000000000000085e+01
-7.884500000000000455e+02 4.450000000000000000e+01 2.607999999999999829e+01
-7.880299999999999727e+02 3.240999999999999659e+01 1.209999999999999964e+00
-7.877799999999999727e+02 1.472000000000000064e+01 2.289999999999999858e+01
-7.880900000000000318e+02 2.617000000000000171e+01 1.003999999999999915e+01
-7.883999999999999773e+02 2.457000000000000028e+01 3.567999999999999972e+01
-7.877200000000000273e+02 2.451999999999999957e+01 1.620000000000000107e+00
-7.879099999999999682e+02 2.258999999999999986e+01 6.230000000000000426e+00
-7.881299999999999955e+02 3.023999999999999844e+01 5.919999999999999929e+00
-7.884900000000000091e+02 1.506000000000000050e+01 4.732000000000000028e+01
-7.877699999999999818e+02 1.516999999999999993e+01 2.092000000000000171e+01
-7.885800000000000409e+02 2.319000000000000128e+01 4.793999999999999773e+01
-7.885099999999999909e+02 4.903000000000000114e+01 4.053000000000000114e+01
-7.878899999999999864e+02 2.028999999999999915e+01 7.320000000000000284e+00
-7.879700000000000273e+02 1.776999999999999957e+01 1.215000000000000036e+01
-7.884800000000000182e+02 8.619999999999999218e+00 4.822999999999999687e+01
-7.880099999999999909e+02 3.066000000000000014e+01 2.569999999999999840e+00
-7.883600000000000136e+02 7.509999999999999787e+00 4.184000000000000341e+01
-7.882999999999999545e+02 2.678000000000000114e+01 1.033999999999999986e+01
-7.882300000000000182e+02 3.563000000000000256e+01 9.399999999999999467e-01
-7.883600000000000136e+02 1.277999999999999936e+01 3.595000000000000284e+01
-7.878600000000000136e+02 1.538000000000000078e+01 2.160999999999999943e+01
-7.881299999999999955e+02 3.288000000000000256e+01 4.750000000000000000e+00
-7.883600000000000136e+02 1.522000000000000064e+01 3.457000000000000028e+01
-7.885599999999999454e+02 4.497999999999999687e+01 4.436999999999999744e+01
-7.877899999999999636e+02 1.340000000000000036e+01 2.755000000000000071e+01
-7.883099999999999454e+02 2.712999999999999901e+01 9.900000000000000355e+00
-7.881200000000000045e+02 3.114000000000000057e+01 5.379999999999999893e+00
-7.878099999999999454e+02 1.521000000000000085e+01 2.557999999999999829e+01
-7.877799999999999727e+02 2.732999999999999829e+01 0.000000000000000000e+00
-7.883500000000000227e+02 1.233000000000000007e+01 3.657999999999999829e+01
-7.884299999999999500e+02 2.049999999999999822e+00 4.821000000000000085e+01
-7.879900000000000091e+02 3.157999999999999829e+01 1.330000000000000071e+00
-7.883999999999999773e+02 2.262000000000000099e+01 3.992999999999999972e+01
-7.882400000000000091e+02 3.557999999999999829e+01 1.040000000000000036e+00
-7.886100000000000136e+02 3.686999999999999744e+01 4.632999999999999829e+01
-7.885499999999999545e+02 2.435000000000000142e+01 4.535000000000000142e+01
-7.885000000000000000e+02 9.230000000000000426e+00 4.850000000000000000e+01
-7.884900000000000091e+02 5.120000000000000284e+01 2.601000000000000156e+01
-7.884099999999999682e+02 6.030000000000000249e+00 4.371000000000000085e+01
-7.879500000000000455e+02 1.953999999999999915e+01 9.080000000000000071e+00
-7.879900000000000091e+02 1.814000000000000057e+01 1.175999999999999979e+01
-7.880199999999999818e+02 2.864000000000000057e+01 4.040000000000000036e+00
-7.884400000000000546e+02 3.778999999999999915e+01 3.760999999999999943e+01
-7.881100000000000136e+02 2.828999999999999915e+01 6.660000000000000142e+00
-7.877300000000000182e+02 2.558999999999999986e+01 4.099999999999999756e-01
-7.879199999999999591e+02 2.348999999999999844e+01 5.259999999999999787e+00
-7.882699999999999818e+02 2.539000000000000057e+01 1.196000000000000085e+01
-7.880399999999999636e+02 1.746000000000000085e+01 1.583000000000000007e+01
-7.885199999999999818e+02 1.358999999999999986e+01 4.821999999999999886e+01
-7.877400000000000091e+02 1.608999999999999986e+01 2.067000000000000171e+01
-7.884800000000000182e+02 1.006000000000000050e+01 4.727000000000000313e+01
-7.883899999999999864e+02 2.805000000000000071e+01 3.384000000000000341e+01
-7.881100000000000136e+02 7.940000000000000391e+00 3.996999999999999886e+01
-7.885499999999999545e+02 1.917999999999999972e+01 4.688000000000000256e+01
-7.877599999999999909e+02 1.308999999999999986e+01 2.471999999999999886e+01
-7.884099999999999682e+02 3.821000000000000085e+01 2.605000000000000071e+01
-7.878300000000000409e+02 1.340000000000000036e+01 2.787999999999999901e+01
-7.880399999999999636e+02 2.719000000000000128e+01 6.809999999999999609e+00
-7.884800000000000182e+02 4.609000000000000341e+01 3.771000000000000085e+01
-7.877599999999999909e+02 1.676000000000000156e+01 1.841000000000000014e+01
-7.883999999999999773e+02 3.082000000000000028e+01 2.837999999999999901e+01
-7.879199999999999591e+02 2.205999999999999872e+01 7.490000000000000213e+00
-7.880299999999999727e+02 2.448000000000000043e+01 7.900000000000000355e+00
-7.885000000000000000e+02 3.048000000000000043e+01 4.353999999999999915e+01
-7.882699999999999818e+02 1.985999999999999943e+01 2.717999999999999972e+01
-7.883099999999999454e+02 2.603000000000000114e+01 1.118999999999999950e+01
-7.882200000000000273e+02 3.511999999999999744e+01 2.029999999999999805e+00
-7.880599999999999454e+02 3.267000000000000171e+01 2.250000000000000000e+00
-7.884199999999999591e+02 7.299999999999999822e-01 4.824000000000000199e+01
-7.881599999999999682e+02 3.422999999999999687e+01 2.009999999999999787e+00
-7.884099999999999682e+02 5.690000000000000391e+00 4.561999999999999744e+01
-7.881399999999999864e+02 3.044999999999999929e+01 9.080000000000000071e+00
-7.877300000000000182e+02 2.487999999999999901e+01 1.300000000000000044e+00
-7.883899999999999864e+02 3.507999999999999829e+01 2.614000000000000057e+01
-7.878700000000000045e+02 1.550999999999999979e+01 2.485000000000000142e+01
-7.885099999999999909e+02 1.316999999999999993e+01 4.771000000000000085e+01
-7.884600000000000364e+02 4.571999999999999886e+01 3.484000000000000341e+01
-7.885000000000000000e+02 3.857999999999999829e+01 4.328000000000000114e+01
