-7.877200000000000273e+02 2.466000000000000014e+01 1.459999999999999964e+00
-7.883999999999999773e+02 5.200000000000000178e-01 4.834000000000000341e+01
-7.879600000000000364e+02 1.755999999999999872e+01 1.218999999999999950e+01
-7.880299999999999727e+02 1.712999999999999901e+01 1.541000000000000014e+01
-7.880099999999999909e+02 2.875000000000000000e+01 3.779999999999999805e+00
-7.877400000000000091e+02 1.616000000000000014e+01 1.853000000000000114e+01
-7.882699999999999818e+02 2.816000000000000014e+01 8.740000000000000213e+00
-7.878600000000000136e+02 2.012999999999999901e+01 7.500000000000000000e+00
-7.885099999999999909e+02 4.917000000000000171e+01 4.035000000000000142e+01
-7.883600000000000136e+02 1.272000000000000064e+01 3.675999999999999801e+01
-7.879700000000000273e+02 3.324000000000000199e+01 0.000000000000000000e+00
-7.881100000000000136e+02 8.490000000000000213e+00 3.943999999999999773e+01
-7.880499999999999545e+02 2.021999999999999886e+01 1.140000000000000036e+01
-7.885800000000000409e+02 4.140999999999999659e+01 4.507999999999999829e+01
-7.881900000000000546e+02 1.778000000000000114e+01 2.842999999999999972e+01
-7.884900000000000091e+02 4.906000000000000227e+01 2.839000000000000057e+01
-7.882500000000000000e+02 2.562999999999999901e+01 1.167999999999999972e+01
-7.885700000000000500e+02 2.048000000000000043e+01 4.740999999999999659e+01
-7.883500000000000227e+02 2.314999999999999858e+01 1.633999999999999986e+01
-7.883700000000000045e+02 2.169000000000000128e+01 3.023000000000000043e+01
-7.881900000000000546e+02 3.277000000000000313e+01 3.609999999999999876e+00
-7.885299999999999727e+02 1.446000000000000085e+01 4.775000000000000000e+01
-7.878600000000000136e+02 1.547000000000000064e+01 2.153000000000000114e+01
-7.883799999999999955e+02 8.179999999999999716e+00 4.190999999999999659e+01
-7.877899999999999636e+02 3.023000000000000043e+01 1.400000000000000133e-01
-7.877899999999999636e+02 2.401000000000000156e+01 3.609999999999999876e+00
-7.883799999999999955e+02 4.049999999999999822e+00 4.360000000000000142e+01
-7.883099999999999454e+02 2.605000000000000071e+01 1.116000000000000014e+01
-7.880199999999999818e+02 2.444999999999999929e+01 7.790000000000000036e+00
-7.880800000000000409e+02 2.098999999999999844e+01 1.569999999999999929e+01
-7.881599999999999682e+02 3.892000000000000171e+01 0.000000000000000000e+00
-7.883700000000000045e+02 1.591999999999999993e+01 3.139000000000000057e+01
-7.883799999999999955e+02 3.021999999999999886e+01 2.835000000000000142e+01
-7.876499999999999773e+02 1.289000000000000057e+01 2.373000000000000043e+01
-7.881299999999999955e+02 5.959999999999999964e+00 4.253000000000000114e+01
-7.885000000000000000e+02 9.210000000000000853e+00 4.850999999999999801e+01
-7.882899999999999636e+02 1.198000000000000043e+01 3.130000000000000071e+01
-7.886100000000000136e+02 3.017000000000000171e+01 4.725000000000000000e+01
-7.878600000000000136e+02 1.424000000000000021e+01 2.989000000000000057e+01
-7.877599999999999909e+02 1.308999999999999986e+01 2.471999999999999886e+01
-7.883899999999999864e+02 3.196999999999999886e+01 2.819999999999999929e+01
-7.885199999999999818e+02 3.114000000000000057e+01 4.492999999999999972e+01
-7.884600000000000364e+02 4.571999999999999886e+01 3.484000000000000341e+01
-7.878200000000000500e+02 2.598999999999999844e+01 3.560000000000000053e+00
-7.885099999999999909e+02 1.316999999999999993e+01 4.771000000000000085e+01
-7.877799999999999727e+02 2.732999999999999829e+01 0.000000000000000000e+00
-7.879700000000000273e+02 1.776999999999999957e+01 1.215000000000000036e+01
-7.880599999999999454e+02 3.267000000000000171e+01 2.250000000000000000e+00
-7.878300000000000409e+02 1.340000000000000036e+01 2.787999999999999901e+01
-7.881200000000000045e+02 3.114000000000000057e+01 5.379999999999999893e+00
-7.880499999999999545e+02 2.155000000000000071e+01 1.046000000000000085e+01
-7.878899999999999864e+02 2.028999999999999915e+01 7.320000000000000284e+00
-7.883099999999999454e+02 2.712999999999999901e+01 9.900000000000000355e+00
-7.877300000000000182e+02 2.558999999999999986e+01 4.099999999999999756e-01
-7.885599999999999454e+02 4.497999999999999687e+01 4.436999999999999744e+01
-7.883899999999999864e+02 2.379999999999999893e+00 4.575999999999999801e+01
-7.884900000000000091e+02 5.120000000000000284e+01 2.601000000000000156e+01
-7.880299999999999727e+02 1.823999999999999844e+01 1.358000000000000007e+01
-7.882699999999999818e+02 2.539000000000000057e+01 1.196000000000000085e+01
-7.884800000000000182e+02 1.006000000000000050e+01 4.727000000000000313e+01
-7.884800000000000182e+02 8.619999999999999218e+00 4.822999999999999687e+01
-7.879700000000000273e+02 2.782999999999999829e+01 4.400000000000000355e+00
-7.885199999999999818e+02 2.096000000000000085e+01 4.675999999999999801e+01
-7.884099999999999682e+02 6.030000000000000249e+00 4.371000000000000085e+01
-7.877400000000000091e+02 1.608999999999999986e+01 2.067000000000000171e+01
-7.882999999999999545e+02 2.162000000000000099e+01 2.600000000000000000e+01
-7.883600000000000136e+02 1.522000000000000064e+01 3.457000000000000028e+01
-7.882400000000000091e+02 3.557999999999999829e+01 1.040000000000000036e+00
-7.878899999999999864e+02 1.550999999999999979e+01 2.607000000000000028e+01
-7.882899999999999636e+02 1.089000000000000057e+01 3.809000000000000341e+01
-7.881399999999999864e+02 1.078999999999999915e+01 3.667999999999999972e+01
-7.880399999999999636e+02 2.719000000000000128e+01 6.809999999999999609e+00
-7.883899999999999864e+02 3.507999999999999829e+01 2.614000000000000057e+01
-7.881299999999999955e+02 3.023999999999999844e+01 5.919999999999999929e+00
-7.881900000000000546e+02 1.889000000000000057e+01 2.723999999999999844e+01
-7.877899999999999636e+02 1.340000000000000036e+01 2.755000000000000071e+01
-7.883099999999999454e+02 2.603000000000000114e+01 1.118999999999999950e+01
-7.877300000000000182e+02 2.487999999999999901e+01 1.300000000000000044e+00
-7.881100000000000136e+02 7.940000000000000391e+00 3.996999999999999886e+01
-7.883500000000000227e+02 1.233000000000000007e+01 3.657999999999999829e+01
-7.883300000000000409e+02 2.280000000000000071e+01 1.623999999999999844e+01
-7.877599999999999909e+02 1.676000000000000156e+01 1.841000000000000014e+01
-7.877899999999999636e+02 2.378999999999999915e+01 4.150000000000000355e+00
-7.880800000000000409e+02 2.764000000000000057e+01 9.720000000000000639e+00
-7.883999999999999773e+02 5.459999999999999964e+00 4.560999999999999943e+01
-7.884500000000000455e+02 4.450000000000000000e+01 2.607999999999999829e+01
-7.883200000000000500e+02 1.903999999999999915e+01 2.648000000000000043e+01
-7.884099999999999682e+02 2.049999999999999822e+00 4.771000000000000085e+01
-7.880299999999999727e+02 1.796999999999999886e+01 1.390000000000000036e+01
-7.877799999999999727e+02 1.472000000000000064e+01 2.289999999999999858e+01
-7.885000000000000000e+02 9.230000000000000426e+00 4.850000000000000000e+01
-7.883999999999999773e+02 2.262000000000000099e+01 3.992999999999999972e+01
-7.882899999999999636e+02 2.403999999999999915e+01 1.350999999999999979e+01
-7.885000000000000000e+02 3.857999999999999829e+01 4.328000000000000114e+01
-7.883600000000000136e+02 8.310000000000000497e+00 4.156000000000000227e+01
-7.885099999999999909e+02 1.425999999999999979e+01 4.756000000000000227e+01
-7.881100000000000136e+02 2.828999999999999915e+01 6.660000000000000142e+00
-7.879500000000000455e+02 1.953999999999999915e+01 9.080000000000000071e+00
-7.881599999999999682e+02 3.422999999999999687e+01 2.009999999999999787e+00
-7.884800000000000182e+02 4.609000000000000341e+01 3.771000000000000085e+01
-7.880499999999999545e+02 3.299000000000000199e+01 2.229999999999999982e+00
-7.877300000000000182e+02 2.573999999999999844e+01 3.499999999999999778e-01
-7.878099999999999454e+02 1.521000000000000085e+01 2.557999999999999829e+01
-7.880700000000000500e+02 2.319999999999999929e+01 1.266000000000000014e+01
-7.884199999999999591e+02 3.589999999999999858e+01 3.395000000000000284e+01
-7.882200000000000273e+02 3.511999999999999744e+01 2.029999999999999805e+00
-7.884600000000000364e+02 2.787000000000000099e+01 4.163000000000000256e+01
-7.884900000000000091e+02 2.076999999999999957e+01 4.585999999999999943e+01
-7.880000000000000000e+02 2.719000000000000128e+01 4.650000000000000355e+00
-7.885099999999999909e+02 4.903000000000000114e+01 4.053000000000000114e+01
-7.882799999999999727e+02 2.619999999999999929e+01 1.098000000000000043e+01
-7.880599999999999454e+02 2.092999999999999972e+01 1.126999999999999957e+01
-7.883799999999999955e+02 1.792000000000000171e+01 3.155000000000000071e+01
-7.878700000000000045e+02 1.550999999999999979e+01 2.485000000000000142e+01
-7.880399999999999636e+02 1.746000000000000085e+01 1.583000000000000007e+01
-7.883799999999999955e+02 3.164000000000000057e+01 2.367000000000000171e+01
-7.879199999999999591e+02 2.348999999999999844e+01 5.259999999999999787e+00
-7.884099999999999682e+02 5.690000000000000391e+00 4.561999999999999744e+01
-7.882999999999999545e+02 2.678000000000000114e+01 1.033999999999999986e+01
-7.883600000000000136e+02 7.509999999999999787e+00 4.184000000000000341e+01
-7.882300000000000182e+02 3.563000000000000256e+01 9.399999999999999467e-01
-7.883999999999999773e+02 2.457000000000000028e+01 3.567999999999999972e+01
-7.885900000000000318e+02 2.826000000000000156e+01 4.777000000000000313e+01
-7.877699999999999818e+02 1.516999999999999993e+01 2.092000000000000171e+01
-7.883500000000000227e+02 1.439000000000000057e+01 3.486999999999999744e+01
-7.885299999999999727e+02 1.707000000000000028e+01 4.750000000000000000e+01
-7.880499999999999545e+02 2.626999999999999957e+01 8.119999999999999218e+00
-7.877200000000000273e+02 2.451999999999999957e+01 1.620000000000000107e+00
