-7.883600000000000136e+02 1.272000000000000064e+01 3.675999999999999801e+01
-7.883700000000000045e+02 2.169000000000000128e+01 3.023000000000000043e+01
-7.880299999999999727e+02 1.712999999999999901e+01 1.541000000000000014e+01
-7.883799999999999955e+02 8.179999999999999716e+00 4.190999999999999659e+01
-7.885700000000000500e+02 2.048000000000000043e+01 4.740999999999999659e+01
-7.881599999999999682e+02 3.892000000000000171e+01 0.000000000000000000e+00
-7.878600000000000136e+02 1.547000000000000064e+01 2.153000000000000114e+01
-7.877899999999999636e+02 3.021999999999999886e+01 1.600000000000000033e-01
-7.879600000000000364e+02 1.755999999999999872e+01 1.218999999999999950e+01
-7.882699999999999818e+02 2.816000000000000014e+01 8.740000000000000213e+00
-7.880499999999999545e+02 2.021999999999999886e+01 1.140000000000000036e+01
-7.877899999999999636e+02 2.401000000000000156e+01 3.609999999999999876e+00
-7.881100000000000136e+02 8.490000000000000213e+00 3.943999999999999773e+01
-7.883099999999999454e+02 2.630000000000000071e+01 1.088000000000000078e+01
-7.885800000000000409e+02 4.140999999999999659e+01 4.507999999999999829e+01
-7.883799999999999955e+02 4.049999999999999822e+00 4.360000000000000142e+01
-7.882500000000000000e+02 2.562999999999999901e+01 1.167999999999999972e+01
-7.876499999999999773e+02 1.289000000000000057e+01 2.373000000000000043e+01
-7.881900000000000546e+02 3.277000000000000313e+01 3.609999999999999876e+00
-7.884900000000000091e+02 4.906000000000000227e+01 2.839000000000000057e+01
-7.877000000000000455e+02 1.566000000000000014e+01 1.878000000000000114e+01
-7.885299999999999727e+02 1.446000000000000085e+01 4.775000000000000000e+01
-7.883500000000000227e+02 2.314999999999999858e+01 1.633999999999999986e+01
-7.880199999999999818e+02 2.444999999999999929e+01 7.790000000000000036e+00
-7.883799999999999955e+02 3.021999999999999886e+01 2.835000000000000142e+01
-7.885000000000000000e+02 9.210000000000000853e+00 4.850999999999999801e+01
-7.886100000000000136e+02 3.017000000000000171e+01 4.725000000000000000e+01
-7.877200000000000273e+02 2.466000000000000014e+01 1.459999999999999964e+00
-7.883700000000000045e+02 1.591999999999999993e+01 3.139000000000000057e+01
-7.879700000000000273e+02 3.324000000000000199e+01 0.000000000000000000e+00
-7.882899999999999636e+02 1.198000000000000043e+01 3.130000000000000071e+01
-7.881699999999999591e+02 1.755000000000000071e+01 2.789000000000000057e+01
-7.885099999999999909e+02 4.918999999999999773e+01 4.032000000000000028e+01
-7.883999999999999773e+02 5.200000000000000178e-01 4.834000000000000341e+01
-7.883200000000000500e+02 2.198999999999999844e+01 1.608999999999999986e+01
-7.880099999999999909e+02 2.875000000000000000e+01 3.779999999999999805e+00
-7.878600000000000136e+02 1.424000000000000021e+01 2.989000000000000057e+01
-7.878600000000000136e+02 2.012999999999999901e+01 7.500000000000000000e+00
-7.877200000000000273e+02 2.451999999999999957e+01 1.620000000000000107e+00
-7.884400000000000546e+02 3.602000000000000313e+01 3.738000000000000256e+01
-7.881599999999999682e+02 3.422999999999999687e+01 2.009999999999999787e+00
-7.878300000000000409e+02 1.360999999999999943e+01 2.626000000000000156e+01
-7.881100000000000136e+02 7.940000000000000391e+00 3.996999999999999886e+01
-7.877400000000000091e+02 1.608999999999999986e+01 2.067000000000000171e+01
-7.881100000000000136e+02 2.828999999999999915e+01 6.660000000000000142e+00
-7.878200000000000500e+02 2.598999999999999844e+01 3.560000000000000053e+00
-7.884500000000000455e+02 4.450000000000000000e+01 2.607999999999999829e+01
-7.883500000000000227e+02 1.439000000000000057e+01 3.486999999999999744e+01
-7.884600000000000364e+02 1.848999999999999844e+01 4.334000000000000341e+01
-7.880499999999999545e+02 2.626999999999999957e+01 8.119999999999999218e+00
-7.884600000000000364e+02 2.787000000000000099e+01 4.163000000000000256e+01
-7.883999999999999773e+02 5.459999999999999964e+00 4.560999999999999943e+01
-7.882799999999999727e+02 2.619999999999999929e+01 1.098000000000000043e+01
-7.882899999999999636e+02 2.307999999999999829e+01 1.525999999999999979e+01
-7.884299999999999500e+02 2.837999999999999901e+01 3.803000000000000114e+01
-7.881900000000000546e+02 1.889000000000000057e+01 2.723999999999999844e+01
-7.879700000000000273e+02 1.776999999999999957e+01 1.215000000000000036e+01
-7.885099999999999909e+02 1.425999999999999979e+01 4.756000000000000227e+01
-7.883600000000000136e+02 3.023999999999999844e+01 2.692000000000000171e+01
-7.880499999999999545e+02 3.299000000000000199e+01 2.229999999999999982e+00
-7.880499999999999545e+02 2.021000000000000085e+01 1.144999999999999929e+01
-7.883099999999999454e+02 2.603000000000000114e+01 1.118999999999999950e+01
-7.883600000000000136e+02 1.458000000000000007e+01 3.435999999999999943e+01
-7.882200000000000273e+02 3.511999999999999744e+01 2.029999999999999805e+00
-7.877300000000000182e+02 2.573999999999999844e+01 3.499999999999999778e-01
-7.877599999999999909e+02 1.308999999999999986e+01 2.471999999999999886e+01
-7.884099999999999682e+02 2.049999999999999822e+00 4.771000000000000085e+01
-7.883600000000000136e+02 7.509999999999999787e+00 4.184000000000000341e+01
-7.883799999999999955e+02 3.164000000000000057e+01 2.367000000000000171e+01
-7.885199999999999818e+02 4.800000000000000000e+01 4.125000000000000000e+01
-7.880299999999999727e+02 1.823999999999999844e+01 1.358000000000000007e+01
-7.885000000000000000e+02 9.230000000000000426e+00 4.850000000000000000e+01
-7.879700000000000273e+02 2.782999999999999829e+01 4.400000000000000355e+00
-7.879500000000000455e+02 1.953999999999999915e+01 9.080000000000000071e+00
-7.878899999999999864e+02 1.550999999999999979e+01 2.607000000000000028e+01
-7.882300000000000182e+02 3.563000000000000256e+01 9.399999999999999467e-01
-7.885700000000000500e+02 2.462000000000000099e+01 4.649000000000000199e+01
-7.885199999999999818e+02 1.344999999999999929e+01 4.757999999999999829e+01
-7.878700000000000045e+02 1.550999999999999979e+01 2.485000000000000142e+01
-7.882999999999999545e+02 2.678000000000000114e+01 1.033999999999999986e+01
-7.880599999999999454e+02 2.092999999999999972e+01 1.126999999999999957e+01
-7.883099999999999454e+02 1.039000000000000057e+01 3.707999999999999829e+01
-7.877300000000000182e+02 2.558999999999999986e+01 4.099999999999999756e-01
-7.884199999999999591e+02 3.924000000000000199e+01 2.610999999999999943e+01
-7.882899999999999636e+02 2.823999999999999844e+01 8.660000000000000142e+00
-7.877799999999999727e+02 2.732999999999999829e+01 0.000000000000000000e+00
-7.878400000000000318e+02 2.796000000000000085e+01 3.640000000000000124e+00
-7.878899999999999864e+02 2.028999999999999915e+01 7.320000000000000284e+00
-7.883899999999999864e+02 2.379999999999999893e+00 4.575999999999999801e+01
-7.884400000000000546e+02 7.089999999999999858e+00 4.657999999999999829e+01
-7.884800000000000182e+02 8.480000000000000426e+00 4.810000000000000142e+01
-7.886000000000000227e+02 2.837999999999999901e+01 4.682999999999999829e+01
-7.880800000000000409e+02 2.098999999999999844e+01 1.569999999999999929e+01
-7.881399999999999864e+02 1.078999999999999915e+01 3.667999999999999972e+01
-7.885599999999999454e+02 4.490999999999999659e+01 4.428999999999999915e+01
-7.885099999999999909e+02 4.903000000000000114e+01 4.053000000000000114e+01
-7.883300000000000409e+02 2.019999999999999929e+01 2.860000000000000142e+01
-7.882799999999999727e+02 2.387000000000000099e+01 1.371000000000000085e+01
-7.883899999999999864e+02 3.196999999999999886e+01 2.819999999999999929e+01
-7.884900000000000091e+02 5.120000000000000284e+01 2.601000000000000156e+01
-7.883500000000000227e+02 5.730000000000000426e+00 4.178000000000000114e+01
-7.880700000000000500e+02 2.642999999999999972e+01 8.060000000000000497e+00
-7.877599999999999909e+02 1.676000000000000156e+01 1.841000000000000014e+01
-7.880599999999999454e+02 3.267000000000000171e+01 2.250000000000000000e+00
-7.878300000000000409e+02 1.340000000000000036e+01 2.787999999999999901e+01
-7.877799999999999727e+02 1.472000000000000064e+01 2.289999999999999858e+01
-7.881900000000000546e+02 1.778000000000000114e+01 2.842999999999999972e+01
-7.880399999999999636e+02 1.746000000000000085e+01 1.583000000000000007e+01
-7.880700000000000500e+02 3.206000000000000227e+01 2.990000000000000213e+00
-7.883999999999999773e+02 2.262000000000000099e+01 3.992999999999999972e+01
-7.879900000000000091e+02 2.580000000000000071e+01 5.360000000000000320e+00
-7.877400000000000091e+02 1.616000000000000014e+01 1.853000000000000114e+01
-7.884299999999999500e+02 2.130000000000000071e+01 4.322999999999999687e+01
-7.881299999999999955e+02 3.023999999999999844e+01 5.919999999999999929e+00
-7.883500000000000227e+02 1.233000000000000007e+01 3.657999999999999829e+01
-7.885099999999999909e+02 4.917000000000000171e+01 4.035000000000000142e+01
-7.880800000000000409e+02 2.978000000000000114e+01 5.750000000000000000e+00
-7.883600000000000136e+02 8.310000000000000497e+00 4.156000000000000227e+01
-7.880499999999999545e+02 2.155000000000000071e+01 1.046000000000000085e+01
-7.883200000000000500e+02 2.130999999999999872e+01 1.678000000000000114e+01
-7.882899999999999636e+02 2.403999999999999915e+01 1.350999999999999979e+01
-7.880499999999999545e+02 3.682999999999999829e+01 4.299999999999999933e-01
-7.883999999999999773e+02 2.457000000000000028e+01 3.567999999999999972e+01
-7.880299999999999727e+02 1.796999999999999886e+01 1.390000000000000036e+01
-7.884099999999999682e+02 6.030000000000000249e+00 4.371000000000000085e+01
-7.883300000000000409e+02 2.255000000000000071e+01 1.528999999999999915e+01
-7.885900000000000318e+02 2.826000000000000156e+01 4.777000000000000313e+01
-7.877899999999999636e+02 1.340000000000000036e+01 2.755000000000000071e+01
