-7.884900000000000091e+02 4.906000000000000227e+01 2.839000000000000057e+01
-7.877899999999999636e+02 2.955000000000000071e+01 0.000000000000000000e+00
-7.883700000000000045e+02 2.878999999999999915e+01 2.814999999999999858e+01
-7.879700000000000273e+02 3.324000000000000199e+01 0.000000000000000000e+00
-7.882500000000000000e+02 2.562999999999999901e+01 1.167999999999999972e+01
-7.882100000000000364e+02 3.192999999999999972e+01 4.540000000000000036e+00
-7.880499999999999545e+02 2.021999999999999886e+01 1.140000000000000036e+01
-7.878600000000000136e+02 1.547000000000000064e+01 2.153000000000000114e+01
-7.878600000000000136e+02 2.012999999999999901e+01 7.500000000000000000e+00
-7.883700000000000045e+02 2.169000000000000128e+01 3.023000000000000043e+01
-7.880099999999999909e+02 2.875000000000000000e+01 3.779999999999999805e+00
-7.877000000000000455e+02 1.566000000000000014e+01 1.878000000000000114e+01
-7.885299999999999727e+02 1.446000000000000085e+01 4.775000000000000000e+01
-7.881100000000000136e+02 7.940000000000000391e+00 3.996999999999999886e+01
-7.877899999999999636e+02 2.401000000000000156e+01 3.609999999999999876e+00
-7.877200000000000273e+02 2.467000000000000171e+01 1.449999999999999956e+00
-7.883799999999999955e+02 8.089999999999999858e+00 4.188000000000000256e+01
-7.883099999999999454e+02 2.630000000000000071e+01 1.088000000000000078e+01
-7.883799999999999955e+02 4.049999999999999822e+00 4.360000000000000142e+01
-7.886000000000000227e+02 4.049000000000000199e+01 4.617000000000000171e+01
-7.886100000000000136e+02 3.017000000000000171e+01 4.725000000000000000e+01
-7.879500000000000455e+02 1.794000000000000128e+01 1.183000000000000007e+01
-7.885700000000000500e+02 2.046999999999999886e+01 4.739000000000000057e+01
-7.882899999999999636e+02 1.198000000000000043e+01 3.130000000000000071e+01
-7.883700000000000045e+02 1.591999999999999993e+01 3.139000000000000057e+01
-7.881699999999999591e+02 1.710000000000000142e+01 2.735000000000000142e+01
-7.883400000000000318e+02 2.316000000000000014e+01 1.588000000000000078e+01
-7.883700000000000045e+02 1.282000000000000028e+01 3.659000000000000341e+01
-7.876499999999999773e+02 1.289000000000000057e+01 2.373000000000000043e+01
-7.881599999999999682e+02 3.892000000000000171e+01 0.000000000000000000e+00
-7.881799999999999500e+02 1.989999999999999858e+01 2.576999999999999957e+01
-7.885299999999999727e+02 4.984000000000000341e+01 4.186999999999999744e+01
-7.883200000000000500e+02 2.198999999999999844e+01 1.608999999999999986e+01
-7.880299999999999727e+02 1.705000000000000071e+01 1.481000000000000050e+01
-7.882599999999999909e+02 2.864000000000000057e+01 8.199999999999999289e+00
-7.883999999999999773e+02 5.200000000000000178e-01 4.834000000000000341e+01
-7.878300000000000409e+02 1.315000000000000036e+01 2.950000000000000000e+01
-7.880199999999999818e+02 2.444999999999999929e+01 7.790000000000000036e+00
-7.885000000000000000e+02 9.210000000000000853e+00 4.850999999999999801e+01
-7.881799999999999500e+02 1.964999999999999858e+01 2.642000000000000171e+01
-7.882500000000000000e+02 9.119999999999999218e+00 3.984000000000000341e+01
-7.880399999999999636e+02 2.414000000000000057e+01 8.160000000000000142e+00
-7.880499999999999545e+02 2.800000000000000000e+01 6.339999999999999858e+00
-7.884400000000000546e+02 4.103999999999999915e+01 4.103000000000000114e+01
-7.885099999999999909e+02 1.121000000000000085e+01 4.817999999999999972e+01
-7.881299999999999955e+02 3.030000000000000071e+01 5.879999999999999893e+00
-7.884800000000000182e+02 4.999000000000000199e+01 2.610999999999999943e+01
-7.882899999999999636e+02 2.592999999999999972e+01 1.128999999999999915e+01
-7.878700000000000045e+02 1.528999999999999915e+01 2.537999999999999901e+01
-7.877400000000000091e+02 1.608999999999999986e+01 2.067000000000000171e+01
-7.883700000000000045e+02 3.109999999999999876e+00 4.214999999999999858e+01
-7.883099999999999454e+02 2.603000000000000114e+01 1.118999999999999950e+01
-7.884299999999999500e+02 3.982000000000000028e+01 2.616000000000000014e+01
-7.880099999999999909e+02 3.360000000000000142e+01 2.160000000000000142e+00
-7.884299999999999500e+02 3.385999999999999943e+01 3.825999999999999801e+01
-7.878400000000000318e+02 1.410999999999999943e+01 2.489999999999999858e+01
-7.876699999999999591e+02 1.371000000000000085e+01 2.303000000000000114e+01
-7.883600000000000136e+02 1.458000000000000007e+01 3.435999999999999943e+01
-7.886000000000000227e+02 3.003000000000000114e+01 4.700999999999999801e+01
-7.882200000000000273e+02 3.069000000000000128e+01 7.790000000000000036e+00
-7.877200000000000273e+02 2.466000000000000014e+01 1.459999999999999964e+00
-7.885099999999999909e+02 1.871999999999999886e+01 4.707999999999999829e+01
-7.881599999999999682e+02 3.425999999999999801e+01 1.989999999999999991e+00
-7.884600000000000364e+02 1.372000000000000064e+01 4.559000000000000341e+01
-7.879600000000000364e+02 2.010999999999999943e+01 9.250000000000000000e+00
-7.883200000000000500e+02 2.130999999999999872e+01 1.678000000000000114e+01
-7.884099999999999682e+02 8.499999999999999778e-01 4.829999999999999716e+01
-7.885299999999999727e+02 4.972999999999999687e+01 4.193999999999999773e+01
-7.883999999999999773e+02 2.253000000000000114e+01 3.454999999999999716e+01
-7.881599999999999682e+02 1.682000000000000028e+01 3.021000000000000085e+01
-7.882999999999999545e+02 1.290000000000000036e+01 3.107999999999999829e+01
-7.879600000000000364e+02 1.755999999999999872e+01 1.218999999999999950e+01
-7.879299999999999500e+02 2.291000000000000014e+01 5.589999999999999858e+00
-7.885000000000000000e+02 1.398000000000000043e+01 4.707999999999999829e+01
-7.883400000000000318e+02 6.219999999999999751e+00 4.114000000000000057e+01
-7.877899999999999636e+02 2.848000000000000043e+01 4.699999999999999734e-01
-7.880299999999999727e+02 1.796999999999999886e+01 1.390000000000000036e+01
-7.878500000000000227e+02 1.973000000000000043e+01 8.009999999999999787e+00
-7.884700000000000273e+02 2.958999999999999986e+01 4.186999999999999744e+01
-7.885599999999999454e+02 2.464000000000000057e+01 4.660999999999999943e+01
-7.885900000000000318e+02 3.112000000000000099e+01 4.692000000000000171e+01
-7.882999999999999545e+02 2.678000000000000114e+01 1.033999999999999986e+01
-7.880900000000000318e+02 2.496999999999999886e+01 1.138000000000000078e+01
-7.883099999999999454e+02 1.293999999999999950e+01 3.116000000000000014e+01
-7.881900000000000546e+02 1.778000000000000114e+01 2.842999999999999972e+01
-7.880900000000000318e+02 2.862000000000000099e+01 5.929999999999999716e+00
-7.882999999999999545e+02 1.160999999999999943e+01 3.132000000000000028e+01
-7.877300000000000182e+02 2.557000000000000028e+01 4.299999999999999933e-01
-7.878899999999999864e+02 1.550999999999999979e+01 2.607000000000000028e+01
-7.880499999999999545e+02 1.742000000000000171e+01 1.998000000000000043e+01
-7.881599999999999682e+02 3.422999999999999687e+01 2.009999999999999787e+00
-7.879700000000000273e+02 1.776999999999999957e+01 1.215000000000000036e+01
-7.880399999999999636e+02 2.394000000000000128e+01 1.028999999999999915e+01
-7.879500000000000455e+02 1.953999999999999915e+01 9.080000000000000071e+00
-7.880299999999999727e+02 1.801999999999999957e+01 1.386999999999999922e+01
-7.883999999999999773e+02 1.830999999999999872e+01 3.942000000000000171e+01
-7.877599999999999909e+02 1.676000000000000156e+01 1.841000000000000014e+01
-7.882899999999999636e+02 2.307999999999999829e+01 1.525999999999999979e+01
-7.878300000000000409e+02 1.360999999999999943e+01 2.626000000000000156e+01
-7.884600000000000364e+02 4.721000000000000085e+01 2.601999999999999957e+01
-7.885099999999999909e+02 4.903000000000000114e+01 4.053000000000000114e+01
-7.884199999999999591e+02 3.569999999999999840e+00 4.720000000000000284e+01
-7.877999999999999545e+02 2.492000000000000171e+01 1.219999999999999973e+00
-7.885800000000000409e+02 4.121999999999999886e+01 4.509000000000000341e+01
-7.881599999999999682e+02 3.495000000000000284e+01 1.290000000000000036e+00
-7.883700000000000045e+02 2.823999999999999844e+01 2.860999999999999943e+01
-7.884900000000000091e+02 1.349000000000000021e+01 4.707000000000000028e+01
-7.879700000000000273e+02 2.096999999999999886e+01 9.349999999999999645e+00
-7.880499999999999545e+02 3.682999999999999829e+01 4.299999999999999933e-01
-7.884099999999999682e+02 2.220000000000000195e+00 4.753999999999999915e+01
-7.884199999999999591e+02 3.960999999999999943e+01 2.619999999999999929e+01
-7.885000000000000000e+02 1.131000000000000050e+01 4.750999999999999801e+01
-7.885000000000000000e+02 9.230000000000000426e+00 4.850000000000000000e+01
-7.878999999999999773e+02 2.480999999999999872e+01 3.839999999999999858e+00
-7.877400000000000091e+02 1.278999999999999915e+01 2.446999999999999886e+01
-7.880900000000000318e+02 2.787000000000000099e+01 6.769999999999999574e+00
-7.880199999999999818e+02 1.737000000000000099e+01 1.376999999999999957e+01
-7.877200000000000273e+02 2.451999999999999957e+01 1.620000000000000107e+00
-7.884800000000000182e+02 8.480000000000000426e+00 4.810000000000000142e+01
-7.882699999999999818e+02 2.857999999999999829e+01 8.250000000000000000e+00
-7.885700000000000500e+02 2.455000000000000071e+01 4.700000000000000000e+01
-7.882300000000000182e+02 3.468999999999999773e+01 3.589999999999999858e+00
-7.883899999999999864e+02 2.500000000000000000e+00 4.557999999999999829e+01
-7.880399999999999636e+02 3.660000000000000142e+01 2.000000000000000111e-01
-7.877899999999999636e+02 1.340000000000000036e+01 2.755000000000000071e+01
-7.885099999999999909e+02 4.904999999999999716e+01 4.050000000000000000e+01
-7.878700000000000045e+02 2.098000000000000043e+01 7.719999999999999751e+00
-7.885800000000000409e+02 4.140999999999999659e+01 4.507999999999999829e+01
