-7.885299999999999727e+02 4.984000000000000341e+01 4.186999999999999744e+01
-7.883099999999999454e+02 2.198999999999999844e+01 1.605999999999999872e+01
-7.883700000000000045e+02 1.591999999999999993e+01 3.139000000000000057e+01
-7.878799999999999955e+02 1.541000000000000014e+01 2.308999999999999986e+01
-7.883700000000000045e+02 2.878999999999999915e+01 2.814999999999999858e+01
-7.883999999999999773e+02 5.200000000000000178e-01 4.834000000000000341e+01
-7.878500000000000227e+02 1.408999999999999986e+01 3.080999999999999872e+01
-7.882899999999999636e+02 1.198000000000000043e+01 3.130000000000000071e+01
-7.881699999999999591e+02 1.710000000000000142e+01 2.735000000000000142e+01
-7.877200000000000273e+02 2.467000000000000171e+01 1.449999999999999956e+00
-7.878600000000000136e+02 2.012999999999999901e+01 7.500000000000000000e+00
-7.882500000000000000e+02 2.562999999999999901e+01 1.167999999999999972e+01
-7.884900000000000091e+02 4.904999999999999716e+01 2.839000000000000057e+01
-7.880299999999999727e+02 1.705000000000000071e+01 1.481000000000000050e+01
-7.883799999999999955e+02 8.089999999999999858e+00 4.188000000000000256e+01
-7.879500000000000455e+02 1.794000000000000128e+01 1.183000000000000007e+01
-7.877899999999999636e+02 2.401000000000000156e+01 3.609999999999999876e+00
-7.882599999999999909e+02 2.864000000000000057e+01 8.199999999999999289e+00
-7.883799999999999955e+02 2.292000000000000171e+01 3.117999999999999972e+01
-7.881900000000000546e+02 1.923999999999999844e+01 2.519999999999999929e+01
-7.883099999999999454e+02 2.630000000000000071e+01 1.088000000000000078e+01
-7.877899999999999636e+02 2.923999999999999844e+01 0.000000000000000000e+00
-7.886000000000000227e+02 4.004999999999999716e+01 4.607000000000000028e+01
-7.879700000000000273e+02 3.324000000000000199e+01 0.000000000000000000e+00
-7.877100000000000364e+02 1.657999999999999829e+01 1.803999999999999915e+01
-7.883799999999999955e+02 4.049999999999999822e+00 4.360000000000000142e+01
-7.885299999999999727e+02 1.446000000000000085e+01 4.775000000000000000e+01
-7.885700000000000500e+02 2.046999999999999886e+01 4.739000000000000057e+01
-7.880499999999999545e+02 2.021999999999999886e+01 1.140000000000000036e+01
-7.881100000000000136e+02 7.940000000000000391e+00 3.996999999999999886e+01
-7.886100000000000136e+02 3.017000000000000171e+01 4.725000000000000000e+01
-7.883700000000000045e+02 1.282000000000000028e+01 3.659000000000000341e+01
-7.883500000000000227e+02 2.582999999999999829e+01 1.789000000000000057e+01
-7.880199999999999818e+02 2.764999999999999858e+01 4.480000000000000426e+00
-7.876499999999999773e+02 1.289000000000000057e+01 2.373000000000000043e+01
-7.885000000000000000e+02 9.210000000000000853e+00 4.850999999999999801e+01
-7.880199999999999818e+02 2.439000000000000057e+01 7.360000000000000320e+00
-7.882300000000000182e+02 3.235999999999999943e+01 4.049999999999999822e+00
-7.881599999999999682e+02 3.892000000000000171e+01 0.000000000000000000e+00
-7.885599999999999454e+02 2.353999999999999915e+01 4.661999999999999744e+01
-7.882500000000000000e+02 9.119999999999999218e+00 3.984000000000000341e+01
-7.884099999999999682e+02 7.199999999999999734e-01 4.818999999999999773e+01
-7.880299999999999727e+02 2.553999999999999915e+01 6.639999999999999680e+00
-7.883799999999999955e+02 2.750000000000000000e+00 4.481000000000000227e+01
-7.882100000000000364e+02 1.908999999999999986e+01 2.630000000000000071e+01
-7.878300000000000409e+02 1.315000000000000036e+01 2.950000000000000000e+01
-7.881200000000000045e+02 2.773999999999999844e+01 7.330000000000000071e+00
-7.884700000000000273e+02 8.199999999999999289e+00 4.814999999999999858e+01
-7.884900000000000091e+02 1.773000000000000043e+01 4.674000000000000199e+01
-7.882799999999999727e+02 2.360000000000000142e+01 1.405000000000000071e+01
-7.877300000000000182e+02 2.483999999999999986e+01 1.090000000000000080e+00
-7.883899999999999864e+02 2.555999999999999872e+01 3.076999999999999957e+01
-7.877100000000000364e+02 1.596000000000000085e+01 1.919000000000000128e+01
-7.883400000000000318e+02 1.794000000000000128e+01 3.001999999999999957e+01
-7.880700000000000500e+02 2.208999999999999986e+01 1.083000000000000007e+01
-7.885800000000000409e+02 4.121999999999999886e+01 4.509000000000000341e+01
-7.879400000000000546e+02 2.383999999999999986e+01 5.040000000000000036e+00
-7.880199999999999818e+02 1.850000000000000000e+01 1.342999999999999972e+01
-7.884800000000000182e+02 8.480000000000000426e+00 4.810000000000000142e+01
-7.880499999999999545e+02 3.259000000000000341e+01 2.640000000000000124e+00
-7.876699999999999591e+02 1.366999999999999993e+01 2.303000000000000114e+01
-7.885700000000000500e+02 2.671999999999999886e+01 4.527000000000000313e+01
-7.884400000000000546e+02 4.281000000000000227e+01 2.782000000000000028e+01
-7.882300000000000182e+02 3.192000000000000171e+01 4.540000000000000036e+00
-7.879700000000000273e+02 1.767000000000000171e+01 1.217999999999999972e+01
-7.884900000000000091e+02 1.340000000000000036e+01 4.675999999999999801e+01
-7.883099999999999454e+02 1.293999999999999950e+01 3.116000000000000014e+01
-7.878600000000000136e+02 2.166000000000000014e+01 6.280000000000000249e+00
-7.880800000000000409e+02 2.955000000000000071e+01 5.230000000000000426e+00
-7.883099999999999454e+02 2.596000000000000085e+01 1.126999999999999957e+01
-7.883200000000000500e+02 2.198999999999999844e+01 1.608999999999999986e+01
-7.884600000000000364e+02 4.696000000000000085e+01 2.601000000000000156e+01
-7.878400000000000318e+02 1.597000000000000064e+01 2.185999999999999943e+01
-7.885099999999999909e+02 4.904999999999999716e+01 4.050000000000000000e+01
-7.884099999999999682e+02 3.518999999999999773e+01 3.371999999999999886e+01
-7.882300000000000182e+02 3.427000000000000313e+01 2.009999999999999787e+00
-7.877799999999999727e+02 2.696999999999999886e+01 0.000000000000000000e+00
-7.880499999999999545e+02 1.742000000000000171e+01 1.998000000000000043e+01
-7.882699999999999818e+02 2.387999999999999901e+01 1.368999999999999950e+01
-7.877999999999999545e+02 2.492000000000000171e+01 1.219999999999999973e+00
-7.884299999999999500e+02 3.403999999999999915e+01 3.590999999999999659e+01
-7.881799999999999500e+02 1.776999999999999957e+01 2.992000000000000171e+01
-7.885199999999999818e+02 4.882000000000000028e+01 4.175999999999999801e+01
-7.877400000000000091e+02 1.278999999999999915e+01 2.446999999999999886e+01
-7.883099999999999454e+02 1.075000000000000000e+01 3.434000000000000341e+01
-7.878700000000000045e+02 2.098000000000000043e+01 7.719999999999999751e+00
-7.884500000000000455e+02 2.892999999999999972e+01 3.943999999999999773e+01
-7.881100000000000136e+02 7.650000000000000355e+00 4.014999999999999858e+01
-7.881299999999999955e+02 2.844999999999999929e+01 7.980000000000000426e+00
-7.882999999999999545e+02 1.290000000000000036e+01 3.107999999999999829e+01
-7.885099999999999909e+02 1.121000000000000085e+01 4.817999999999999972e+01
-7.882999999999999545e+02 2.678000000000000114e+01 1.033999999999999986e+01
-7.880700000000000500e+02 2.316000000000000014e+01 1.008999999999999986e+01
-7.885000000000000000e+02 1.880999999999999872e+01 4.635000000000000142e+01
-7.880499999999999545e+02 3.682999999999999829e+01 4.299999999999999933e-01
-7.879299999999999500e+02 2.291000000000000014e+01 5.589999999999999858e+00
-7.884400000000000546e+02 7.629999999999999893e+00 4.631000000000000227e+01
-7.877500000000000000e+02 1.635999999999999943e+01 1.939000000000000057e+01
-7.882500000000000000e+02 3.331000000000000227e+01 4.419999999999999929e+00
-7.879600000000000364e+02 1.755999999999999872e+01 1.218999999999999950e+01
-7.881599999999999682e+02 3.495000000000000284e+01 1.290000000000000036e+00
-7.883999999999999773e+02 1.830999999999999872e+01 3.942000000000000171e+01
-7.880399999999999636e+02 1.705000000000000071e+01 1.844000000000000128e+01
-7.884299999999999500e+02 4.386999999999999744e+01 2.601000000000000156e+01
-7.883899999999999864e+02 5.959999999999999964e+00 4.367999999999999972e+01
-7.883600000000000136e+02 2.730000000000000071e+01 2.828000000000000114e+01
-7.883899999999999864e+02 9.399999999999999467e-01 4.796999999999999886e+01
-7.877899999999999636e+02 1.340000000000000036e+01 2.755000000000000071e+01
-7.885900000000000318e+02 2.942999999999999972e+01 4.686999999999999744e+01
-7.880700000000000500e+02 2.992000000000000171e+01 4.379999999999999893e+00
-7.880000000000000000e+02 2.226000000000000156e+01 9.740000000000000213e+00
-7.883099999999999454e+02 2.437000000000000099e+01 1.506000000000000050e+01
-7.885099999999999909e+02 1.193999999999999950e+01 4.814000000000000057e+01
-7.878600000000000136e+02 1.476999999999999957e+01 2.351000000000000156e+01
-7.877200000000000273e+02 2.451999999999999957e+01 1.620000000000000107e+00
-7.883200000000000500e+02 2.169000000000000128e+01 1.633999999999999986e+01
-7.880299999999999727e+02 1.762999999999999901e+01 1.347000000000000064e+01
-7.883400000000000318e+02 6.700000000000000178e+00 4.103000000000000114e+01
-7.883200000000000500e+02 2.130999999999999872e+01 1.678000000000000114e+01
-7.877000000000000455e+02 1.566000000000000014e+01 1.878000000000000114e+01
-7.882300000000000182e+02 3.360000000000000142e+01 3.910000000000000142e+00
-7.878799999999999955e+02 1.510999999999999943e+01 2.333999999999999986e+01
-7.883799999999999955e+02 2.201999999999999957e+01 3.151999999999999957e+01
-7.880599999999999454e+02 2.026000000000000156e+01 1.214000000000000057e+01
-7.885099999999999909e+02 1.208999999999999986e+01 4.778999999999999915e+01
-7.878500000000000227e+02 1.958999999999999986e+01 8.089999999999999858e+00
-7.880299999999999727e+02 2.923000000000000043e+01 3.720000000000000195e+00
-7.883799999999999955e+02 3.153000000000000114e+01 2.351000000000000156e+01
