-7.876900000000000546e+02 2.246999999999999886e+01 5.349999999999999645e+00
-7.883700000000000045e+02 2.930999999999999872e+01 2.801000000000000156e+01
-7.880299999999999727e+02 1.705000000000000071e+01 1.481000000000000050e+01
-7.879700000000000273e+02 3.324000000000000199e+01 0.000000000000000000e+00
-7.885700000000000500e+02 2.046999999999999886e+01 4.739000000000000057e+01
-7.881900000000000546e+02 1.923999999999999844e+01 2.519999999999999929e+01
-7.883799999999999955e+02 2.292000000000000171e+01 3.117999999999999972e+01
-7.876499999999999773e+02 1.289000000000000057e+01 2.373000000000000043e+01
-7.878099999999999454e+02 2.819000000000000128e+01 0.000000000000000000e+00
-7.882300000000000182e+02 3.235999999999999943e+01 4.049999999999999822e+00
-7.883799999999999955e+02 4.049999999999999822e+00 4.360000000000000142e+01
-7.883700000000000045e+02 1.282000000000000028e+01 3.659000000000000341e+01
-7.882000000000000455e+02 1.680000000000000071e+01 2.582999999999999829e+01
-7.885299999999999727e+02 1.446000000000000085e+01 4.775000000000000000e+01
-7.885000000000000000e+02 9.210000000000000853e+00 4.850999999999999801e+01
-7.880000000000000000e+02 2.792999999999999972e+01 4.169999999999999929e+00
-7.883099999999999454e+02 2.198999999999999844e+01 1.605999999999999872e+01
-7.883099999999999454e+02 2.630000000000000071e+01 1.088000000000000078e+01
-7.883799999999999955e+02 8.089999999999999858e+00 4.188000000000000256e+01
-7.883700000000000045e+02 1.591999999999999993e+01 3.139000000000000057e+01
-7.886100000000000136e+02 2.985000000000000142e+01 4.729999999999999716e+01
-7.883500000000000227e+02 2.582999999999999829e+01 1.789000000000000057e+01
-7.882599999999999909e+02 2.526999999999999957e+01 1.208999999999999986e+01
-7.877200000000000273e+02 2.467000000000000171e+01 1.449999999999999956e+00
-7.880199999999999818e+02 2.439000000000000057e+01 7.360000000000000320e+00
-7.880499999999999545e+02 2.021999999999999886e+01 1.140000000000000036e+01
-7.879500000000000455e+02 1.742999999999999972e+01 1.217999999999999972e+01
-7.882599999999999909e+02 2.864000000000000057e+01 8.199999999999999289e+00
-7.883999999999999773e+02 5.200000000000000178e-01 4.834000000000000341e+01
-7.886000000000000227e+02 4.004999999999999716e+01 4.607000000000000028e+01
-7.878600000000000136e+02 1.996999999999999886e+01 7.559999999999999609e+00
-7.877899999999999636e+02 1.238000000000000078e+01 3.121999999999999886e+01
-7.882899999999999636e+02 1.198000000000000043e+01 3.130000000000000071e+01
-7.877300000000000182e+02 1.594999999999999929e+01 1.814000000000000057e+01
-7.881599999999999682e+02 3.892000000000000171e+01 0.000000000000000000e+00
-7.885299999999999727e+02 4.984000000000000341e+01 4.186999999999999744e+01
-7.880900000000000318e+02 8.740000000000000213e+00 3.972999999999999687e+01
-7.877899999999999636e+02 2.401000000000000156e+01 3.609999999999999876e+00
-7.884900000000000091e+02 4.904999999999999716e+01 2.839000000000000057e+01
-7.878799999999999955e+02 1.541000000000000014e+01 2.308999999999999986e+01
-7.880499999999999545e+02 1.742000000000000171e+01 1.998000000000000043e+01
-7.886100000000000136e+02 3.017000000000000171e+01 4.725000000000000000e+01
-7.877500000000000000e+02 1.596000000000000085e+01 1.964999999999999858e+01
-7.876900000000000546e+02 2.314999999999999858e+01 4.139999999999999680e+00
-7.885000000000000000e+02 4.846000000000000085e+01 4.015999999999999659e+01
-7.884299999999999500e+02 3.396999999999999886e+01 3.581000000000000227e+01
-7.880499999999999545e+02 3.259000000000000341e+01 2.640000000000000124e+00
-7.884500000000000455e+02 1.667000000000000171e+01 4.356000000000000227e+01
-7.881599999999999682e+02 1.139000000000000057e+01 3.725000000000000000e+01
-7.877899999999999636e+02 2.358999999999999986e+01 4.339999999999999858e+00
-7.882200000000000273e+02 2.721999999999999886e+01 9.800000000000000711e+00
-7.884800000000000182e+02 4.653999999999999915e+01 3.001999999999999957e+01
-7.883700000000000045e+02 2.140000000000000124e+00 4.724000000000000199e+01
-7.884099999999999682e+02 4.003000000000000114e+01 2.601999999999999957e+01
-7.883700000000000045e+02 3.689999999999999947e+00 4.400000000000000000e+01
-7.876599999999999682e+02 1.306000000000000050e+01 2.273999999999999844e+01
-7.881599999999999682e+02 3.509000000000000341e+01 1.110000000000000098e+00
-7.883999999999999773e+02 2.210999999999999943e+01 3.290999999999999659e+01
-7.880299999999999727e+02 1.762999999999999901e+01 1.347000000000000064e+01
-7.883099999999999454e+02 1.291999999999999993e+01 3.116000000000000014e+01
-7.884600000000000364e+02 1.402999999999999936e+01 4.667000000000000171e+01
-7.883400000000000318e+02 1.778000000000000114e+01 3.107000000000000028e+01
-7.880800000000000409e+02 2.164000000000000057e+01 1.551999999999999957e+01
-7.884900000000000091e+02 9.839999999999999858e+00 4.814999999999999858e+01
-7.882300000000000182e+02 1.930999999999999872e+01 2.964000000000000057e+01
-7.885599999999999454e+02 2.360999999999999943e+01 4.660000000000000142e+01
-7.878799999999999955e+02 3.021000000000000085e+01 1.229999999999999982e+00
-7.884700000000000273e+02 7.370000000000000107e+00 4.860999999999999943e+01
-7.878600000000000136e+02 1.476999999999999957e+01 2.351000000000000156e+01
-7.878600000000000136e+02 1.375999999999999979e+01 2.657000000000000028e+01
-7.879600000000000364e+02 1.682999999999999829e+01 1.285999999999999943e+01
-7.882699999999999818e+02 3.187000000000000099e+01 4.589999999999999858e+00
-7.879400000000000546e+02 3.083999999999999986e+01 2.359999999999999876e+00
-7.877300000000000182e+02 2.483999999999999986e+01 1.090000000000000080e+00
-7.882699999999999818e+02 2.426999999999999957e+01 1.325000000000000000e+01
-7.881000000000000227e+02 2.517999999999999972e+01 9.400000000000000355e+00
-7.878700000000000045e+02 2.178000000000000114e+01 6.190000000000000391e+00
-7.883099999999999454e+02 2.635000000000000142e+01 1.083000000000000007e+01
-7.885499999999999545e+02 4.450000000000000000e+01 4.399000000000000199e+01
-7.880299999999999727e+02 1.871999999999999886e+01 1.259999999999999964e+01
-7.878600000000000136e+02 2.166000000000000014e+01 6.280000000000000249e+00
-7.879700000000000273e+02 1.767000000000000171e+01 1.217999999999999972e+01
-7.880499999999999545e+02 2.255999999999999872e+01 9.250000000000000000e+00
-7.883799999999999955e+02 1.313000000000000078e+01 4.145000000000000284e+01
-7.877799999999999727e+02 2.696999999999999886e+01 0.000000000000000000e+00
-7.884800000000000182e+02 8.269999999999999574e+00 4.843999999999999773e+01
-7.880599999999999454e+02 2.139000000000000057e+01 1.660999999999999943e+01
-7.883799999999999955e+02 2.071000000000000085e+01 3.210000000000000142e+01
-7.880499999999999545e+02 1.767000000000000171e+01 1.491000000000000014e+01
-7.885099999999999909e+02 1.175000000000000000e+01 4.796999999999999886e+01
-7.883999999999999773e+02 1.020000000000000018e+00 4.795000000000000284e+01
-7.883899999999999864e+02 1.941000000000000014e+01 3.364999999999999858e+01
-7.882500000000000000e+02 2.617999999999999972e+01 1.100999999999999979e+01
-7.881900000000000546e+02 1.728000000000000114e+01 2.535999999999999943e+01
-7.884600000000000364e+02 1.973999999999999844e+01 4.342999999999999972e+01
-7.880399999999999636e+02 2.642000000000000171e+01 5.419999999999999929e+00
-7.883600000000000136e+02 2.730000000000000071e+01 2.828000000000000114e+01
-7.880499999999999545e+02 3.271000000000000085e+01 2.270000000000000018e+00
-7.881200000000000045e+02 1.010999999999999943e+01 3.807999999999999829e+01
-7.877899999999999636e+02 1.340000000000000036e+01 2.755000000000000071e+01
-7.882999999999999545e+02 2.644000000000000128e+01 1.069999999999999929e+01
-7.879900000000000091e+02 2.080000000000000071e+01 1.001999999999999957e+01
-7.881200000000000045e+02 2.773999999999999844e+01 7.330000000000000071e+00
-7.877599999999999909e+02 2.589000000000000057e+01 3.330000000000000071e+00
-7.881599999999999682e+02 1.163000000000000078e+01 3.710999999999999943e+01
-7.885900000000000318e+02 4.063000000000000256e+01 4.518999999999999773e+01
-7.881499999999999773e+02 3.565999999999999659e+01 4.899999999999999911e-01
-7.882699999999999818e+02 3.192000000000000171e+01 4.540000000000000036e+00
-7.883600000000000136e+02 2.969000000000000128e+01 2.160000000000000142e+01
-7.877200000000000273e+02 2.451999999999999957e+01 1.620000000000000107e+00
-7.884600000000000364e+02 8.939999999999999503e+00 4.756000000000000227e+01
-7.884800000000000182e+02 4.731000000000000227e+01 2.894000000000000128e+01
-7.885099999999999909e+02 4.878000000000000114e+01 4.045000000000000284e+01
-7.885499999999999545e+02 2.758999999999999986e+01 4.493999999999999773e+01
-7.877400000000000091e+02 1.278999999999999915e+01 2.446999999999999886e+01
-7.883200000000000500e+02 6.190000000000000391e+00 4.217000000000000171e+01
-7.878400000000000318e+02 1.597000000000000064e+01 2.185999999999999943e+01
-7.877100000000000364e+02 1.657999999999999829e+01 1.803999999999999915e+01
-7.883099999999999454e+02 2.614000000000000057e+01 1.106000000000000050e+01
-7.883500000000000227e+02 1.280000000000000071e+01 3.684000000000000341e+01
-7.882999999999999545e+02 1.281000000000000050e+01 3.107999999999999829e+01
-7.880800000000000409e+02 2.955000000000000071e+01 5.230000000000000426e+00
-7.885099999999999909e+02 1.208999999999999986e+01 4.778999999999999915e+01
-7.884900000000000091e+02 4.784000000000000341e+01 4.293999999999999773e+01
-7.878300000000000409e+02 3.066000000000000014e+01 1.159999999999999920e+00
-7.882100000000000364e+02 3.507000000000000028e+01 1.129999999999999893e+00
-7.883099999999999454e+02 1.475999999999999979e+01 3.085000000000000142e+01
-7.884600000000000364e+02 4.507000000000000028e+01 2.619999999999999929e+01
