-7.882999999999999545e+02 1.281000000000000050e+01 3.107999999999999829e+01
-7.878099999999999454e+02 2.819000000000000128e+01 0.000000000000000000e+00
-7.883799999999999955e+02 4.049999999999999822e+00 4.360000000000000142e+01
-7.882000000000000455e+02 1.680000000000000071e+01 2.582999999999999829e+01
-7.880000000000000000e+02 2.882000000000000028e+01 4.139999999999999680e+00
-7.886100000000000136e+02 2.985000000000000142e+01 4.729999999999999716e+01
-7.886000000000000227e+02 4.004999999999999716e+01 4.607000000000000028e+01
-7.877300000000000182e+02 1.594999999999999929e+01 1.814000000000000057e+01
-7.880299999999999727e+02 1.705000000000000071e+01 1.481000000000000050e+01
-7.885299999999999727e+02 1.446000000000000085e+01 4.775000000000000000e+01
-7.883099999999999454e+02 2.630000000000000071e+01 1.088000000000000078e+01
-7.882200000000000273e+02 2.180000000000000071e+01 2.276000000000000156e+01
-7.878799999999999955e+02 1.541000000000000014e+01 2.308999999999999986e+01
-7.880499999999999545e+02 2.021999999999999886e+01 1.140000000000000036e+01
-7.883700000000000045e+02 2.930999999999999872e+01 2.801000000000000156e+01
-7.883500000000000227e+02 2.582999999999999829e+01 1.789000000000000057e+01
-7.877899999999999636e+02 2.401000000000000156e+01 3.609999999999999876e+00
-7.881599999999999682e+02 3.892000000000000171e+01 0.000000000000000000e+00
-7.883700000000000045e+02 1.266999999999999993e+01 3.742000000000000171e+01
-7.885700000000000500e+02 2.046999999999999886e+01 4.739000000000000057e+01
-7.883799999999999955e+02 2.292000000000000171e+01 3.117999999999999972e+01
-7.878600000000000136e+02 1.996999999999999886e+01 7.559999999999999609e+00
-7.880199999999999818e+02 2.439000000000000057e+01 7.360000000000000320e+00
-7.881900000000000546e+02 3.232000000000000028e+01 4.099999999999999645e+00
-7.885000000000000000e+02 9.210000000000000853e+00 4.850999999999999801e+01
-7.885299999999999727e+02 4.984000000000000341e+01 4.186999999999999744e+01
-7.879700000000000273e+02 3.324000000000000199e+01 0.000000000000000000e+00
-7.876900000000000546e+02 2.246999999999999886e+01 5.349999999999999645e+00
-7.878500000000000227e+02 1.349000000000000021e+01 2.914999999999999858e+01
-7.882500000000000000e+02 2.530000000000000071e+01 1.206000000000000050e+01
-7.884900000000000091e+02 4.996000000000000085e+01 2.832000000000000028e+01
-7.876900000000000546e+02 2.476999999999999957e+01 1.219999999999999973e+00
-7.883099999999999454e+02 2.198999999999999844e+01 1.605999999999999872e+01
-7.876499999999999773e+02 1.289000000000000057e+01 2.373000000000000043e+01
-7.883999999999999773e+02 5.200000000000000178e-01 4.834000000000000341e+01
-7.883799999999999955e+02 8.089999999999999858e+00 4.188000000000000256e+01
-7.882599999999999909e+02 2.864000000000000057e+01 8.199999999999999289e+00
-7.883700000000000045e+02 1.591999999999999993e+01 3.139000000000000057e+01
-7.879400000000000546e+02 1.719000000000000128e+01 1.238000000000000078e+01
-7.877599999999999909e+02 1.460999999999999943e+01 2.553000000000000114e+01
-7.883500000000000227e+02 1.842999999999999972e+01 3.037999999999999901e+01
-7.885000000000000000e+02 4.717000000000000171e+01 4.085000000000000142e+01
-7.885900000000000318e+02 4.078999999999999915e+01 4.517000000000000171e+01
-7.884600000000000364e+02 1.280000000000000071e+01 4.575999999999999801e+01
-7.883099999999999454e+02 2.585999999999999943e+01 1.136999999999999922e+01
-7.878600000000000136e+02 2.007000000000000028e+01 7.519999999999999574e+00
-7.883099999999999454e+02 2.614000000000000057e+01 1.106000000000000050e+01
-7.884700000000000273e+02 4.575999999999999801e+01 2.828000000000000114e+01
-7.881900000000000546e+02 1.728000000000000114e+01 2.535999999999999943e+01
-7.878700000000000045e+02 1.475999999999999979e+01 2.242999999999999972e+01
-7.877899999999999636e+02 1.244999999999999929e+01 3.119000000000000128e+01
-7.885900000000000318e+02 2.805000000000000071e+01 4.725999999999999801e+01
-7.884700000000000273e+02 1.543999999999999950e+01 4.664999999999999858e+01
-7.884299999999999500e+02 3.396999999999999886e+01 3.554999999999999716e+01
-7.883099999999999454e+02 1.291999999999999993e+01 3.116000000000000014e+01
-7.879900000000000091e+02 2.921999999999999886e+01 3.620000000000000107e+00
-7.880499999999999545e+02 1.742000000000000171e+01 1.998000000000000043e+01
-7.881599999999999682e+02 3.509000000000000341e+01 1.110000000000000098e+00
-7.880800000000000409e+02 2.164000000000000057e+01 1.551999999999999957e+01
-7.880900000000000318e+02 3.148999999999999844e+01 3.609999999999999876e+00
-7.880499999999999545e+02 1.767000000000000171e+01 1.491000000000000014e+01
-7.884299999999999500e+02 5.519999999999999574e+00 4.743999999999999773e+01
-7.878799999999999955e+02 3.021000000000000085e+01 1.229999999999999982e+00
-7.883899999999999864e+02 2.200000000000000178e+00 4.735999999999999943e+01
-7.880499999999999545e+02 3.271000000000000085e+01 2.270000000000000018e+00
-7.884800000000000182e+02 8.410000000000000142e+00 4.822999999999999687e+01
-7.883200000000000500e+02 2.466000000000000014e+01 1.605999999999999872e+01
-7.877200000000000273e+02 2.453999999999999915e+01 1.580000000000000071e+00
-7.880299999999999727e+02 2.003000000000000114e+01 1.235999999999999943e+01
-7.884700000000000273e+02 1.887999999999999901e+01 4.571000000000000085e+01
-7.881100000000000136e+02 2.860999999999999943e+01 6.610000000000000320e+00
-7.879700000000000273e+02 1.767000000000000171e+01 1.217999999999999972e+01
-7.877100000000000364e+02 1.657999999999999829e+01 1.803999999999999915e+01
-7.883799999999999955e+02 2.032999999999999829e+01 3.211999999999999744e+01
-7.878999999999999773e+02 2.630000000000000071e+01 4.540000000000000036e+00
-7.881000000000000227e+02 2.517999999999999972e+01 9.400000000000000355e+00
-7.877000000000000455e+02 2.300000000000000000e+01 4.589999999999999858e+00
-7.884600000000000364e+02 1.030000000000000071e+01 4.742000000000000171e+01
-7.883899999999999864e+02 2.660000000000000142e+00 4.686999999999999744e+01
-7.882999999999999545e+02 2.230000000000000071e+01 1.557000000000000028e+01
-7.883600000000000136e+02 1.773999999999999844e+01 3.078999999999999915e+01
-7.881900000000000546e+02 1.923999999999999844e+01 2.519999999999999929e+01
-7.883899999999999864e+02 2.978000000000000114e+01 2.885000000000000142e+01
-7.881200000000000045e+02 2.773999999999999844e+01 7.330000000000000071e+00
-7.878999999999999773e+02 2.350000000000000000e+01 5.360000000000000320e+00
-7.885099999999999909e+02 4.878000000000000114e+01 4.045000000000000284e+01
-7.880099999999999909e+02 1.871999999999999886e+01 1.133999999999999986e+01
-7.880700000000000500e+02 2.608999999999999986e+01 8.429999999999999716e+00
-7.883099999999999454e+02 2.196999999999999886e+01 2.651999999999999957e+01
-7.877300000000000182e+02 2.483999999999999986e+01 1.090000000000000080e+00
-7.885199999999999818e+02 1.524000000000000021e+01 4.686999999999999744e+01
-7.882300000000000182e+02 3.265999999999999659e+01 3.740000000000000213e+00
-7.877500000000000000e+02 1.596000000000000085e+01 1.964999999999999858e+01
-7.882999999999999545e+02 2.644000000000000128e+01 1.069999999999999929e+01
-7.879400000000000546e+02 3.189999999999999858e+01 1.280000000000000027e+00
-7.882799999999999727e+02 1.625000000000000000e+01 2.721999999999999886e+01
-7.882400000000000091e+02 3.429999999999999716e+01 1.929999999999999938e+00
-7.884900000000000091e+02 4.904999999999999716e+01 2.839000000000000057e+01
-7.878600000000000136e+02 1.375999999999999979e+01 2.657000000000000028e+01
-7.877300000000000182e+02 1.360999999999999943e+01 2.232999999999999829e+01
-7.876900000000000546e+02 2.314999999999999858e+01 4.139999999999999680e+00
-7.877799999999999727e+02 2.696999999999999886e+01 0.000000000000000000e+00
-7.885800000000000409e+02 2.435000000000000142e+01 4.822999999999999687e+01
-7.883899999999999864e+02 2.379999999999999893e+00 4.704999999999999716e+01
-7.880299999999999727e+02 1.712000000000000099e+01 1.375000000000000000e+01
-7.885900000000000318e+02 4.063000000000000256e+01 4.518999999999999773e+01
-7.883799999999999955e+02 3.650999999999999801e+01 2.601999999999999957e+01
-7.882500000000000000e+02 2.617999999999999972e+01 1.100999999999999979e+01
-7.879600000000000364e+02 1.737999999999999901e+01 1.219999999999999929e+01
-7.878400000000000318e+02 1.597000000000000064e+01 2.185999999999999943e+01
-7.883300000000000409e+02 7.330000000000000071e+00 4.163000000000000256e+01
-7.884800000000000182e+02 8.269999999999999574e+00 4.843999999999999773e+01
-7.885299999999999727e+02 2.694999999999999929e+01 4.460000000000000142e+01
-7.879900000000000091e+02 2.769000000000000128e+01 4.259999999999999787e+00
-7.883099999999999454e+02 1.147000000000000064e+01 3.126999999999999957e+01
-7.878899999999999864e+02 2.008999999999999986e+01 7.459999999999999964e+00
-7.884700000000000273e+02 7.280000000000000249e+00 4.846999999999999886e+01
-7.884800000000000182e+02 4.782999999999999829e+01 3.804999999999999716e+01
-7.879500000000000455e+02 1.742999999999999972e+01 1.217999999999999972e+01
-7.880399999999999636e+02 1.753000000000000114e+01 1.433000000000000007e+01
-7.884500000000000455e+02 4.464000000000000057e+01 2.658999999999999986e+01
-7.877899999999999636e+02 1.238000000000000078e+01 3.121999999999999886e+01
-7.884600000000000364e+02 1.973999999999999844e+01 4.342999999999999972e+01
-7.882100000000000364e+02 3.507000000000000028e+01 1.129999999999999893e+00
-7.883700000000000045e+02 2.140000000000000124e+00 4.724000000000000199e+01
-7.877100000000000364e+02 2.301000000000000156e+01 4.629999999999999893e+00
-7.886000000000000227e+02 3.504999999999999716e+01 4.621999999999999886e+01
-7.884199999999999591e+02 3.760999999999999943e+01 2.626000000000000156e+01
