-7.882000000000000455e+02 1.637000000000000099e+01 2.607999999999999829e+01
-7.883700000000000045e+02 1.266999999999999993e+01 3.742000000000000171e+01
-7.883799999999999955e+02 2.292000000000000171e+01 3.117999999999999972e+01
-7.885000000000000000e+02 9.210000000000000853e+00 4.850999999999999801e+01
-7.885299999999999727e+02 1.446000000000000085e+01 4.775000000000000000e+01
-7.885700000000000500e+02 2.046999999999999886e+01 4.739000000000000057e+01
-7.879400000000000546e+02 1.719000000000000128e+01 1.238000000000000078e+01
-7.881900000000000546e+02 3.232000000000000028e+01 4.099999999999999645e+00
-7.883099999999999454e+02 2.151999999999999957e+01 1.651999999999999957e+01
-7.877999999999999545e+02 2.387999999999999901e+01 3.609999999999999876e+00
-7.886000000000000227e+02 4.004999999999999716e+01 4.607000000000000028e+01
-7.877300000000000182e+02 1.594999999999999929e+01 1.814000000000000057e+01
-7.878799999999999955e+02 1.541000000000000014e+01 2.308999999999999986e+01
-7.884900000000000091e+02 4.996000000000000085e+01 2.832000000000000028e+01
-7.882999999999999545e+02 1.281000000000000050e+01 3.107999999999999829e+01
-7.883099999999999454e+02 2.630000000000000071e+01 1.088000000000000078e+01
-7.883799999999999955e+02 8.089999999999999858e+00 4.188000000000000256e+01
-7.880399999999999636e+02 1.708999999999999986e+01 1.499000000000000021e+01
-7.880499999999999545e+02 2.021999999999999886e+01 1.140000000000000036e+01
-7.879700000000000273e+02 3.324000000000000199e+01 0.000000000000000000e+00
-7.882500000000000000e+02 2.530000000000000071e+01 1.206000000000000050e+01
-7.883500000000000227e+02 2.582999999999999829e+01 1.789000000000000057e+01
-7.886100000000000136e+02 2.985000000000000142e+01 4.729999999999999716e+01
-7.881599999999999682e+02 3.890999999999999659e+01 0.000000000000000000e+00
-7.876499999999999773e+02 1.289000000000000057e+01 2.373000000000000043e+01
-7.878600000000000136e+02 1.996999999999999886e+01 7.559999999999999609e+00
-7.878500000000000227e+02 1.349000000000000021e+01 2.914999999999999858e+01
-7.876900000000000546e+02 2.476999999999999957e+01 1.219999999999999973e+00
-7.885299999999999727e+02 4.984000000000000341e+01 4.186999999999999744e+01
-7.880199999999999818e+02 2.439000000000000057e+01 7.360000000000000320e+00
-7.883799999999999955e+02 4.049999999999999822e+00 4.360000000000000142e+01
-7.876900000000000546e+02 2.282999999999999829e+01 4.429999999999999716e+00
-7.881900000000000546e+02 1.973000000000000043e+01 2.482999999999999829e+01
-7.883700000000000045e+02 2.955999999999999872e+01 2.798000000000000043e+01
-7.882300000000000182e+02 2.853999999999999915e+01 8.330000000000000071e+00
-7.883999999999999773e+02 5.200000000000000178e-01 4.834000000000000341e+01
-7.878099999999999454e+02 2.819000000000000128e+01 0.000000000000000000e+00
-7.883700000000000045e+02 1.591999999999999993e+01 3.139000000000000057e+01
-7.880000000000000000e+02 2.882000000000000028e+01 4.139999999999999680e+00
-7.884299999999999500e+02 8.539999999999999147e+00 4.452000000000000313e+01
-7.879500000000000455e+02 1.748999999999999844e+01 1.215000000000000036e+01
-7.878300000000000409e+02 3.126999999999999957e+01 6.300000000000000044e-01
-7.885099999999999909e+02 1.353999999999999915e+01 4.764000000000000057e+01
-7.884199999999999591e+02 4.092999999999999972e+01 2.614999999999999858e+01
-7.883899999999999864e+02 2.978000000000000114e+01 2.885000000000000142e+01
-7.877599999999999909e+02 2.301999999999999957e+01 4.259999999999999787e+00
-7.885900000000000318e+02 4.028000000000000114e+01 4.521999999999999886e+01
-7.885099999999999909e+02 4.878000000000000114e+01 4.045000000000000284e+01
-7.882400000000000091e+02 3.429999999999999716e+01 1.929999999999999938e+00
-7.877599999999999909e+02 1.698999999999999844e+01 1.812000000000000099e+01
-7.880900000000000318e+02 3.148999999999999844e+01 3.609999999999999876e+00
-7.884800000000000182e+02 8.410000000000000142e+00 4.822999999999999687e+01
-7.877100000000000364e+02 1.421000000000000085e+01 2.153000000000000114e+01
-7.878500000000000227e+02 1.351999999999999957e+01 2.682999999999999829e+01
-7.883899999999999864e+02 2.660000000000000142e+00 4.686999999999999744e+01
-7.883700000000000045e+02 2.140000000000000124e+00 4.724000000000000199e+01
-7.882000000000000455e+02 2.994999999999999929e+01 6.730000000000000426e+00
-7.883099999999999454e+02 2.614000000000000057e+01 1.106000000000000050e+01
-7.880700000000000500e+02 2.648999999999999844e+01 6.690000000000000391e+00
-7.878999999999999773e+02 1.633999999999999986e+01 1.880000000000000071e+01
-7.884400000000000546e+02 1.960000000000000142e+01 4.265999999999999659e+01
-7.880499999999999545e+02 1.742000000000000171e+01 1.998000000000000043e+01
-7.876900000000000546e+02 2.246999999999999886e+01 5.349999999999999645e+00
-7.877400000000000091e+02 2.523999999999999844e+01 7.600000000000000089e-01
-7.885700000000000500e+02 2.571999999999999886e+01 4.652000000000000313e+01
-7.884500000000000455e+02 4.403999999999999915e+01 2.605999999999999872e+01
-7.880800000000000409e+02 2.276000000000000156e+01 1.280000000000000071e+01
-7.878600000000000136e+02 2.007000000000000028e+01 7.519999999999999574e+00
-7.882000000000000455e+02 1.680000000000000071e+01 2.582999999999999829e+01
-7.879400000000000546e+02 3.189999999999999858e+01 1.280000000000000027e+00
-7.885599999999999454e+02 2.275000000000000000e+01 4.724000000000000199e+01
-7.883300000000000409e+02 1.782000000000000028e+01 2.582000000000000028e+01
-7.883099999999999454e+02 1.291999999999999993e+01 3.116000000000000014e+01
-7.883600000000000136e+02 1.436999999999999922e+01 3.489999999999999858e+01
-7.880399999999999636e+02 1.766000000000000014e+01 1.425999999999999979e+01
-7.880800000000000409e+02 2.164000000000000057e+01 1.550999999999999979e+01
-7.882500000000000000e+02 2.617999999999999972e+01 1.100999999999999979e+01
-7.880599999999999454e+02 3.062999999999999901e+01 4.240000000000000213e+00
-7.879600000000000364e+02 1.735000000000000142e+01 1.223000000000000043e+01
-7.882300000000000182e+02 3.265999999999999659e+01 3.740000000000000213e+00
-7.877500000000000000e+02 1.596000000000000085e+01 1.964999999999999858e+01
-7.883600000000000136e+02 1.682999999999999829e+01 3.107999999999999829e+01
-7.880000000000000000e+02 3.318999999999999773e+01 9.100000000000000311e-01
-7.878700000000000045e+02 1.475999999999999979e+01 2.242999999999999972e+01
-7.882999999999999545e+02 2.644000000000000128e+01 1.069999999999999929e+01
-7.885000000000000000e+02 9.980000000000000426e+00 4.827000000000000313e+01
-7.880000000000000000e+02 3.078999999999999915e+01 3.509999999999999787e+00
-7.885299999999999727e+02 2.666000000000000014e+01 4.460000000000000142e+01
-7.877200000000000273e+02 2.453999999999999915e+01 1.580000000000000071e+00
-7.883999999999999773e+02 2.807999999999999829e+01 3.449000000000000199e+01
-7.883099999999999454e+02 2.198999999999999844e+01 1.605999999999999872e+01
-7.885199999999999818e+02 1.449000000000000021e+01 4.753999999999999915e+01
-7.884400000000000546e+02 1.533999999999999986e+01 4.315999999999999659e+01
-7.883200000000000500e+02 7.950000000000000178e+00 4.110000000000000142e+01
-7.876900000000000546e+02 2.314999999999999858e+01 4.139999999999999680e+00
-7.881900000000000546e+02 1.728000000000000114e+01 2.535999999999999943e+01
-7.880499999999999545e+02 1.969999999999999929e+01 1.648999999999999844e+01
-7.878500000000000227e+02 2.035999999999999943e+01 7.330000000000000071e+00
-7.884800000000000182e+02 4.546999999999999886e+01 4.171000000000000085e+01
-7.877500000000000000e+02 1.283999999999999986e+01 2.403000000000000114e+01
-7.883400000000000318e+02 2.248000000000000043e+01 1.575000000000000000e+01
-7.878500000000000227e+02 2.489999999999999858e+01 4.750000000000000000e+00
-7.884099999999999682e+02 3.475999999999999801e+01 3.472999999999999687e+01
-7.882100000000000364e+02 3.507000000000000028e+01 1.129999999999999893e+00
-7.884800000000000182e+02 1.878999999999999915e+01 4.488000000000000256e+01
-7.879900000000000091e+02 2.264000000000000057e+01 9.119999999999999218e+00
-7.878700000000000045e+02 3.089000000000000057e+01 7.399999999999999911e-01
-7.881900000000000546e+02 1.923999999999999844e+01 2.519999999999999929e+01
-7.885900000000000318e+02 4.078999999999999915e+01 4.517000000000000171e+01
-7.878600000000000136e+02 1.375999999999999979e+01 2.657000000000000028e+01
-7.880599999999999454e+02 2.230999999999999872e+01 1.203999999999999915e+01
-7.884299999999999500e+02 4.438000000000000256e+01 2.601000000000000156e+01
-7.882699999999999818e+02 2.785999999999999943e+01 9.099999999999999645e+00
-7.884299999999999500e+02 5.509999999999999787e+00 4.743999999999999773e+01
-7.883899999999999864e+02 2.379999999999999893e+00 4.704999999999999716e+01
-7.877300000000000182e+02 1.360999999999999943e+01 2.232999999999999829e+01
-7.882599999999999909e+02 2.864000000000000057e+01 8.199999999999999289e+00
-7.880499999999999545e+02 1.751999999999999957e+01 1.898000000000000043e+01
-7.879600000000000364e+02 2.317999999999999972e+01 8.029999999999999361e+00
-7.884900000000000091e+02 4.665999999999999659e+01 2.946000000000000085e+01
-7.878999999999999773e+02 2.085999999999999943e+01 6.839999999999999858e+00
-7.878700000000000045e+02 1.405000000000000071e+01 2.835000000000000142e+01
-7.878400000000000318e+02 1.597000000000000064e+01 2.185999999999999943e+01
-7.881499999999999773e+02 3.547999999999999687e+01 7.199999999999999734e-01
-7.882999999999999545e+02 1.667000000000000171e+01 2.780999999999999872e+01
-7.885900000000000318e+02 2.912999999999999901e+01 4.713000000000000256e+01
-7.886000000000000227e+02 3.917000000000000171e+01 4.614999999999999858e+01
-7.883999999999999773e+02 1.782999999999999829e+01 4.096000000000000085e+01
