-7.883099999999999454e+02 2.153999999999999915e+01 1.650000000000000000e+01
-7.883500000000000227e+02 2.582999999999999829e+01 1.789000000000000057e+01
-7.878500000000000227e+02 1.349000000000000021e+01 2.914999999999999858e+01
-7.877300000000000182e+02 1.594999999999999929e+01 1.814000000000000057e+01
-7.881599999999999682e+02 3.890999999999999659e+01 0.000000000000000000e+00
-7.877999999999999545e+02 2.387999999999999901e+01 3.609999999999999876e+00
-7.880199999999999818e+02 2.401999999999999957e+01 7.500000000000000000e+00
-7.881900000000000546e+02 3.232000000000000028e+01 4.099999999999999645e+00
-7.880000000000000000e+02 2.882000000000000028e+01 4.139999999999999680e+00
-7.881900000000000546e+02 1.973000000000000043e+01 2.482999999999999829e+01
-7.885299999999999727e+02 4.984000000000000341e+01 4.186999999999999744e+01
-7.883700000000000045e+02 1.266999999999999993e+01 3.742000000000000171e+01
-7.878600000000000136e+02 1.996999999999999886e+01 7.559999999999999609e+00
-7.879700000000000273e+02 3.324000000000000199e+01 0.000000000000000000e+00
-7.883799999999999955e+02 2.292000000000000171e+01 3.117999999999999972e+01
-7.880399999999999636e+02 1.708999999999999986e+01 1.499000000000000021e+01
-7.886000000000000227e+02 4.004999999999999716e+01 4.607000000000000028e+01
-7.885000000000000000e+02 9.210000000000000853e+00 4.850999999999999801e+01
-7.883700000000000045e+02 2.955999999999999872e+01 2.798000000000000043e+01
-7.883099999999999454e+02 2.614000000000000057e+01 1.106000000000000050e+01
-7.883799999999999955e+02 8.089999999999999858e+00 4.188000000000000256e+01
-7.882999999999999545e+02 1.281000000000000050e+01 3.107999999999999829e+01
-7.882300000000000182e+02 2.853999999999999915e+01 8.330000000000000071e+00
-7.882500000000000000e+02 2.530000000000000071e+01 1.206000000000000050e+01
-7.886100000000000136e+02 2.985000000000000142e+01 4.729999999999999716e+01
-7.885299999999999727e+02 1.446000000000000085e+01 4.775000000000000000e+01
-7.876499999999999773e+02 1.289000000000000057e+01 2.373000000000000043e+01
-7.883799999999999955e+02 4.049999999999999822e+00 4.360000000000000142e+01
-7.876900000000000546e+02 2.282999999999999829e+01 4.429999999999999716e+00
-7.879400000000000546e+02 1.719000000000000128e+01 1.238000000000000078e+01
-7.878099999999999454e+02 2.819000000000000128e+01 0.000000000000000000e+00
-7.880499999999999545e+02 2.021999999999999886e+01 1.140000000000000036e+01
-7.883999999999999773e+02 5.200000000000000178e-01 4.834000000000000341e+01
-7.884900000000000091e+02 4.996000000000000085e+01 2.832000000000000028e+01
-7.878799999999999955e+02 1.541000000000000014e+01 2.308999999999999986e+01
-7.882000000000000455e+02 1.637000000000000099e+01 2.607999999999999829e+01
-7.876900000000000546e+02 2.476999999999999957e+01 1.219999999999999973e+00
-7.883700000000000045e+02 1.591999999999999993e+01 3.139000000000000057e+01
-7.885700000000000500e+02 2.046999999999999886e+01 4.739000000000000057e+01
-7.878999999999999773e+02 2.085999999999999943e+01 6.839999999999999858e+00
-7.880800000000000409e+02 2.844999999999999929e+01 5.589999999999999858e+00
-7.878700000000000045e+02 3.089000000000000057e+01 7.399999999999999911e-01
-7.878700000000000045e+02 1.469999999999999929e+01 2.785999999999999943e+01
-7.878500000000000227e+02 2.312999999999999901e+01 6.320000000000000284e+00
-7.885299999999999727e+02 1.402999999999999936e+01 4.782999999999999829e+01
-7.884500000000000455e+02 4.403999999999999915e+01 2.605999999999999872e+01
-7.883099999999999454e+02 1.644999999999999929e+01 3.085000000000000142e+01
-7.885099999999999909e+02 4.878000000000000114e+01 4.045000000000000284e+01
-7.883700000000000045e+02 2.814999999999999858e+01 2.853999999999999915e+01
-7.880599999999999454e+02 2.230999999999999872e+01 1.203999999999999915e+01
-7.882000000000000455e+02 2.994999999999999929e+01 6.730000000000000426e+00
-7.883999999999999773e+02 2.219999999999999929e+01 3.588000000000000256e+01
-7.880000000000000000e+02 3.318999999999999773e+01 9.100000000000000311e-01
-7.884299999999999500e+02 5.509999999999999787e+00 4.743999999999999773e+01
-7.877500000000000000e+02 1.596000000000000085e+01 1.964999999999999858e+01
-7.877300000000000182e+02 1.360999999999999943e+01 2.232999999999999829e+01
-7.884900000000000091e+02 1.007000000000000028e+01 4.792999999999999972e+01
-7.876900000000000546e+02 2.314999999999999858e+01 4.139999999999999680e+00
-7.879800000000000182e+02 2.489999999999999858e+01 6.110000000000000320e+00
-7.879500000000000455e+02 1.748999999999999844e+01 1.215000000000000036e+01
-7.882300000000000182e+02 3.265999999999999659e+01 3.740000000000000213e+00
-7.883099999999999454e+02 2.405999999999999872e+01 1.350999999999999979e+01
-7.883500000000000227e+02 1.259999999999999964e+01 3.928999999999999915e+01
-7.882999999999999545e+02 1.667000000000000171e+01 2.780999999999999872e+01
-7.880499999999999545e+02 1.721000000000000085e+01 1.519999999999999929e+01
-7.882100000000000364e+02 3.565999999999999659e+01 5.200000000000000178e-01
-7.884600000000000364e+02 1.921000000000000085e+01 4.203999999999999915e+01
-7.886000000000000227e+02 2.798000000000000043e+01 4.728000000000000114e+01
-7.883099999999999454e+02 2.628000000000000114e+01 1.088000000000000078e+01
-7.878400000000000318e+02 1.597000000000000064e+01 2.185999999999999943e+01
-7.885900000000000318e+02 4.028000000000000114e+01 4.521999999999999886e+01
-7.885000000000000000e+02 9.980000000000000426e+00 4.827000000000000313e+01
-7.883099999999999454e+02 1.291999999999999993e+01 3.116000000000000014e+01
-7.877400000000000091e+02 2.523999999999999844e+01 7.600000000000000089e-01
-7.880800000000000409e+02 2.182999999999999829e+01 1.535999999999999943e+01
-7.883799999999999955e+02 2.160000000000000142e+00 4.724000000000000199e+01
-7.883400000000000318e+02 2.248000000000000043e+01 1.575000000000000000e+01
-7.881900000000000546e+02 1.966000000000000014e+01 2.503999999999999915e+01
-7.878600000000000136e+02 2.007000000000000028e+01 7.519999999999999574e+00
-7.882599999999999909e+02 2.864000000000000057e+01 8.199999999999999289e+00
-7.885700000000000500e+02 2.571999999999999886e+01 4.652000000000000313e+01
-7.880800000000000409e+02 2.164000000000000057e+01 1.550999999999999979e+01
-7.881900000000000546e+02 1.923999999999999844e+01 2.519999999999999929e+01
-7.884099999999999682e+02 2.573000000000000043e+01 3.472999999999999687e+01
-7.882400000000000091e+02 2.637000000000000099e+01 1.080000000000000071e+01
-7.885099999999999909e+02 1.353999999999999915e+01 4.764000000000000057e+01
-7.882599999999999909e+02 3.278000000000000114e+01 3.580000000000000071e+00
-7.880199999999999818e+02 2.348000000000000043e+01 7.790000000000000036e+00
-7.883899999999999864e+02 2.660000000000000142e+00 4.686999999999999744e+01
-7.879400000000000546e+02 3.189999999999999858e+01 1.280000000000000027e+00
-7.878700000000000045e+02 1.475999999999999979e+01 2.242999999999999972e+01
-7.883099999999999454e+02 2.644999999999999929e+01 1.069999999999999929e+01
-7.883899999999999864e+02 2.379999999999999893e+00 4.704999999999999716e+01
-7.885900000000000318e+02 4.078999999999999915e+01 4.517000000000000171e+01
-7.884900000000000091e+02 4.665999999999999659e+01 2.946000000000000085e+01
-7.885599999999999454e+02 1.971000000000000085e+01 4.742000000000000171e+01
-7.880499999999999545e+02 2.064999999999999858e+01 1.119999999999999929e+01
-7.882000000000000455e+02 1.680000000000000071e+01 2.582999999999999829e+01
-7.880299999999999727e+02 1.716000000000000014e+01 1.418999999999999950e+01
-7.877200000000000273e+02 2.453999999999999915e+01 1.580000000000000071e+00
-7.880900000000000318e+02 2.776000000000000156e+01 6.370000000000000107e+00
-7.877599999999999909e+02 1.698999999999999844e+01 1.812000000000000099e+01
-7.878200000000000500e+02 2.473999999999999844e+01 4.809999999999999609e+00
-7.883099999999999454e+02 1.039000000000000057e+01 3.657000000000000028e+01
-7.883400000000000318e+02 6.330000000000000071e+00 4.107000000000000028e+01
-7.877500000000000000e+02 1.283999999999999986e+01 2.403000000000000114e+01
-7.882500000000000000e+02 3.439999999999999858e+01 1.830000000000000071e+00
-7.883099999999999454e+02 2.385000000000000142e+01 1.374000000000000021e+01
-7.884900000000000091e+02 2.205999999999999872e+01 4.278999999999999915e+01
-7.883899999999999864e+02 2.989000000000000057e+01 2.880999999999999872e+01
-7.878500000000000227e+02 1.351999999999999957e+01 2.682999999999999829e+01
-7.884800000000000182e+02 8.410000000000000142e+00 4.822999999999999687e+01
-7.878300000000000409e+02 3.126999999999999957e+01 6.300000000000000044e-01
-7.879600000000000364e+02 1.744999999999999929e+01 1.222000000000000064e+01
-7.883700000000000045e+02 2.140000000000000124e+00 4.724000000000000199e+01
-7.883799999999999955e+02 3.058999999999999986e+01 2.826999999999999957e+01
-7.882100000000000364e+02 1.851000000000000156e+01 2.548000000000000043e+01
-7.884900000000000091e+02 4.625000000000000000e+01 3.071999999999999886e+01
-7.883099999999999454e+02 2.357999999999999829e+01 1.408000000000000007e+01
-7.880399999999999636e+02 1.975000000000000000e+01 1.340000000000000036e+01
-7.877300000000000182e+02 1.386999999999999922e+01 2.225000000000000000e+01
-7.880000000000000000e+02 3.325000000000000000e+01 9.000000000000000222e-01
-7.884800000000000182e+02 2.594999999999999929e+01 4.259000000000000341e+01
-7.882999999999999545e+02 1.014000000000000057e+01 3.700999999999999801e+01
-7.883200000000000500e+02 2.423000000000000043e+01 1.330000000000000071e+01
-7.883799999999999955e+02 2.560000000000000053e+00 4.690999999999999659e+01
-7.883899999999999864e+02 2.210999999999999943e+01 3.144999999999999929e+01
-7.884800000000000182e+02 1.878999999999999915e+01 4.488000000000000256e+01
