-7.883700000000000045e+02 2.955999999999999872e+01 2.798000000000000043e+01
-7.883500000000000227e+02 2.582999999999999829e+01 1.789000000000000057e+01
-7.882000000000000455e+02 1.637000000000000099e+01 2.607999999999999829e+01
-7.877999999999999545e+02 2.387999999999999901e+01 3.609999999999999876e+00
-7.877300000000000182e+02 1.594999999999999929e+01 1.814000000000000057e+01
-7.885000000000000000e+02 9.210000000000000853e+00 4.850999999999999801e+01
-7.879400000000000546e+02 1.719000000000000128e+01 1.238000000000000078e+01
-7.883700000000000045e+02 1.591999999999999993e+01 3.139000000000000057e+01
-7.878799999999999955e+02 1.541000000000000014e+01 2.308999999999999986e+01
-7.876499999999999773e+02 1.289000000000000057e+01 2.373000000000000043e+01
-7.885299999999999727e+02 4.984000000000000341e+01 4.186999999999999744e+01
-7.883999999999999773e+02 5.200000000000000178e-01 4.834000000000000341e+01
-7.882000000000000455e+02 3.225999999999999801e+01 4.179999999999999716e+00
-7.878600000000000136e+02 1.996999999999999886e+01 7.559999999999999609e+00
-7.880399999999999636e+02 1.708999999999999986e+01 1.499000000000000021e+01
-7.886100000000000136e+02 2.985000000000000142e+01 4.729999999999999716e+01
-7.882300000000000182e+02 2.137999999999999901e+01 2.312999999999999901e+01
-7.876900000000000546e+02 2.476999999999999957e+01 1.219999999999999973e+00
-7.883799999999999955e+02 8.089999999999999858e+00 4.188000000000000256e+01
-7.883700000000000045e+02 1.266999999999999993e+01 3.742000000000000171e+01
-7.885700000000000500e+02 2.162999999999999901e+01 4.738000000000000256e+01
-7.878200000000000500e+02 2.792000000000000171e+01 0.000000000000000000e+00
-7.883799999999999955e+02 4.049999999999999822e+00 4.360000000000000142e+01
-7.882999999999999545e+02 1.281000000000000050e+01 3.107999999999999829e+01
-7.883099999999999454e+02 2.162999999999999901e+01 1.639999999999999858e+01
-7.886000000000000227e+02 4.022999999999999687e+01 4.603999999999999915e+01
-7.885299999999999727e+02 1.446000000000000085e+01 4.775000000000000000e+01
-7.878700000000000045e+02 1.363000000000000078e+01 2.960999999999999943e+01
-7.880499999999999545e+02 2.021999999999999886e+01 1.140000000000000036e+01
-7.883099999999999454e+02 2.614000000000000057e+01 1.106000000000000050e+01
-7.884900000000000091e+02 4.995000000000000284e+01 2.837000000000000099e+01
-7.880199999999999818e+02 2.401999999999999957e+01 7.500000000000000000e+00
-7.879700000000000273e+02 3.324000000000000199e+01 0.000000000000000000e+00
-7.882500000000000000e+02 2.530000000000000071e+01 1.206000000000000050e+01
-7.881599999999999682e+02 3.882999999999999829e+01 0.000000000000000000e+00
-7.882300000000000182e+02 2.853999999999999915e+01 8.330000000000000071e+00
-7.880000000000000000e+02 2.882000000000000028e+01 4.139999999999999680e+00
-7.883799999999999955e+02 2.292000000000000171e+01 3.117999999999999972e+01
-7.876699999999999591e+02 2.312999999999999901e+01 4.190000000000000391e+00
-7.878500000000000227e+02 1.350999999999999979e+01 2.882000000000000028e+01
-7.880599999999999454e+02 2.794000000000000128e+01 6.440000000000000391e+00
-7.885000000000000000e+02 9.980000000000000426e+00 4.827000000000000313e+01
-7.883899999999999864e+02 2.989000000000000057e+01 2.880999999999999872e+01
-7.883099999999999454e+02 1.291999999999999993e+01 3.116000000000000014e+01
-7.880199999999999818e+02 2.469000000000000128e+01 7.440000000000000391e+00
-7.883799999999999955e+02 3.098000000000000043e+01 2.385000000000000142e+01
-7.877500000000000000e+02 1.283999999999999986e+01 2.403000000000000114e+01
-7.883200000000000500e+02 1.105000000000000071e+01 3.585000000000000142e+01
-7.884600000000000364e+02 4.878000000000000114e+01 2.873000000000000043e+01
-7.881100000000000136e+02 2.873999999999999844e+01 6.889999999999999680e+00
-7.882300000000000182e+02 3.265999999999999659e+01 3.740000000000000213e+00
-7.880399999999999636e+02 1.816000000000000014e+01 1.296000000000000085e+01
-7.880099999999999909e+02 3.350000000000000000e+01 1.010000000000000009e+00
-7.885900000000000318e+02 2.578999999999999915e+01 4.821999999999999886e+01
-7.885399999999999636e+02 4.815999999999999659e+01 4.259000000000000341e+01
-7.880499999999999545e+02 1.721000000000000085e+01 1.519999999999999929e+01
-7.876900000000000546e+02 2.282999999999999829e+01 4.429999999999999716e+00
-7.877100000000000364e+02 2.478000000000000114e+01 1.169999999999999929e+00
-7.882500000000000000e+02 3.439999999999999858e+01 1.830000000000000071e+00
-7.878999999999999773e+02 1.555000000000000071e+01 2.482999999999999829e+01
-7.885900000000000318e+02 4.074000000000000199e+01 4.593999999999999773e+01
-7.883099999999999454e+02 2.405999999999999872e+01 1.350999999999999979e+01
-7.878999999999999773e+02 2.225000000000000000e+01 6.339999999999999858e+00
-7.879600000000000364e+02 1.744999999999999929e+01 1.222000000000000064e+01
-7.878500000000000227e+02 2.312999999999999901e+01 6.320000000000000284e+00
-7.883500000000000227e+02 2.519000000000000128e+01 2.862000000000000099e+01
-7.883799999999999955e+02 2.160000000000000142e+00 4.724000000000000199e+01
-7.883899999999999864e+02 1.955000000000000071e+01 3.229999999999999716e+01
-7.878700000000000045e+02 3.089000000000000057e+01 7.399999999999999911e-01
-7.883099999999999454e+02 2.607000000000000028e+01 1.116000000000000014e+01
-7.880700000000000500e+02 2.192999999999999972e+01 1.508000000000000007e+01
-7.877500000000000000e+02 1.596000000000000085e+01 1.964999999999999858e+01
-7.882100000000000364e+02 1.794999999999999929e+01 2.444000000000000128e+01
-7.882999999999999545e+02 1.667000000000000171e+01 2.780999999999999872e+01
-7.885599999999999454e+02 2.126000000000000156e+01 4.700999999999999801e+01
-7.884099999999999682e+02 3.689999999999999947e+00 4.682000000000000028e+01
-7.884500000000000455e+02 7.250000000000000000e+00 4.696999999999999886e+01
-7.885099999999999909e+02 1.510999999999999943e+01 4.743999999999999773e+01
-7.884900000000000091e+02 8.750000000000000000e+00 4.834000000000000341e+01
-7.883500000000000227e+02 7.860000000000000320e+00 4.032000000000000028e+01
-7.877400000000000091e+02 2.523999999999999844e+01 7.600000000000000089e-01
-7.885700000000000500e+02 3.005999999999999872e+01 4.579999999999999716e+01
-7.880900000000000318e+02 2.307000000000000028e+01 1.288000000000000078e+01
-7.886100000000000136e+02 3.692000000000000171e+01 4.650999999999999801e+01
-7.883300000000000409e+02 2.169000000000000128e+01 2.782999999999999829e+01
-7.883099999999999454e+02 2.551999999999999957e+01 1.177999999999999936e+01
-7.883099999999999454e+02 2.644999999999999929e+01 1.069999999999999929e+01
-7.884099999999999682e+02 2.085999999999999943e+01 3.888000000000000256e+01
-7.879500000000000455e+02 1.748999999999999844e+01 1.215000000000000036e+01
-7.884500000000000455e+02 4.403000000000000114e+01 2.605999999999999872e+01
-7.880399999999999636e+02 2.358999999999999986e+01 7.870000000000000107e+00
-7.878600000000000136e+02 2.030999999999999872e+01 7.280000000000000249e+00
-7.876900000000000546e+02 2.314999999999999858e+01 4.139999999999999680e+00
-7.878500000000000227e+02 1.349000000000000021e+01 2.914999999999999858e+01
-7.882599999999999909e+02 2.864000000000000057e+01 8.199999999999999289e+00
-7.882500000000000000e+02 1.958999999999999986e+01 2.487999999999999901e+01
-7.879500000000000455e+02 2.812000000000000099e+01 2.640000000000000124e+00
-7.884600000000000364e+02 6.889999999999999680e+00 4.727000000000000313e+01
-7.882000000000000455e+02 1.680000000000000071e+01 2.582999999999999829e+01
-7.885299999999999727e+02 1.402999999999999936e+01 4.782999999999999829e+01
-7.878799999999999955e+02 1.461999999999999922e+01 2.528999999999999915e+01
-7.883700000000000045e+02 2.009999999999999787e+00 4.704999999999999716e+01
-7.884600000000000364e+02 1.678999999999999915e+01 4.478000000000000114e+01
-7.885099999999999909e+02 2.060999999999999943e+01 4.692999999999999972e+01
-7.880900000000000318e+02 2.232999999999999829e+01 1.478999999999999915e+01
-7.877599999999999909e+02 1.698999999999999844e+01 1.812000000000000099e+01
-7.877899999999999636e+02 2.491000000000000014e+01 1.229999999999999982e+00
-7.883200000000000500e+02 2.317000000000000171e+01 1.457000000000000028e+01
-7.880399999999999636e+02 1.710000000000000142e+01 1.492999999999999972e+01
-7.885099999999999909e+02 4.878000000000000114e+01 4.045000000000000284e+01
-7.882100000000000364e+02 3.565999999999999659e+01 5.200000000000000178e-01
-7.880399999999999636e+02 3.432999999999999829e+01 1.209999999999999964e+00
-7.877300000000000182e+02 1.386999999999999922e+01 2.225000000000000000e+01
-7.882400000000000091e+02 3.042999999999999972e+01 6.190000000000000391e+00
-7.883899999999999864e+02 3.007999999999999829e+01 2.857000000000000028e+01
-7.878600000000000136e+02 2.007000000000000028e+01 7.519999999999999574e+00
-7.880599999999999454e+02 2.433999999999999986e+01 7.769999999999999574e+00
-7.880800000000000409e+02 2.182999999999999829e+01 1.535999999999999943e+01
-7.883099999999999454e+02 1.551999999999999957e+01 2.819999999999999929e+01
-7.885199999999999818e+02 4.971999999999999886e+01 4.167000000000000171e+01
-7.882899999999999636e+02 7.120000000000000107e+00 4.224000000000000199e+01
-7.878300000000000409e+02 3.126999999999999957e+01 6.300000000000000044e-01
-7.884800000000000182e+02 4.889999999999999858e+01 2.828999999999999915e+01
-7.880599999999999454e+02 2.094000000000000128e+01 1.089000000000000057e+01
-7.883200000000000500e+02 2.423000000000000043e+01 1.330000000000000071e+01
-7.882200000000000273e+02 2.062000000000000099e+01 2.467000000000000171e+01
-7.879800000000000182e+02 2.919999999999999929e+01 2.060000000000000053e+00
-7.880299999999999727e+02 1.716000000000000014e+01 1.418999999999999950e+01
