-7.885000000000000000e+02 9.210000000000000853e+00 4.850999999999999801e+01
-7.883700000000000045e+02 1.266999999999999993e+01 3.742000000000000171e+01
-7.883999999999999773e+02 5.200000000000000178e-01 4.834000000000000341e+01
-7.883700000000000045e+02 1.591999999999999993e+01 3.139000000000000057e+01
-7.880000000000000000e+02 2.882000000000000028e+01 4.139999999999999680e+00
-7.877100000000000364e+02 2.478000000000000114e+01 1.169999999999999929e+00
-7.886000000000000227e+02 4.022999999999999687e+01 4.603999999999999915e+01
-7.882500000000000000e+02 1.958999999999999986e+01 2.487999999999999901e+01
-7.882599999999999909e+02 8.849999999999999645e+00 3.778999999999999915e+01
-7.883799999999999955e+02 8.089999999999999858e+00 4.188000000000000256e+01
-7.882300000000000182e+02 2.853999999999999915e+01 8.330000000000000071e+00
-7.878600000000000136e+02 1.996999999999999886e+01 7.559999999999999609e+00
-7.881599999999999682e+02 3.882999999999999829e+01 0.000000000000000000e+00
-7.883799999999999955e+02 4.049999999999999822e+00 4.360000000000000142e+01
-7.881900000000000546e+02 1.642999999999999972e+01 2.600000000000000000e+01
-7.882500000000000000e+02 2.530000000000000071e+01 1.206000000000000050e+01
-7.883500000000000227e+02 2.582999999999999829e+01 1.789000000000000057e+01
-7.886100000000000136e+02 2.985000000000000142e+01 4.729999999999999716e+01
-7.882000000000000455e+02 3.225999999999999801e+01 4.179999999999999716e+00
-7.879400000000000546e+02 1.719000000000000128e+01 1.238000000000000078e+01
-7.884800000000000182e+02 4.889999999999999858e+01 2.828999999999999915e+01
-7.883700000000000045e+02 2.950000000000000000e+01 2.794999999999999929e+01
-7.878200000000000500e+02 2.792000000000000171e+01 0.000000000000000000e+00
-7.876900000000000546e+02 2.282999999999999829e+01 4.429999999999999716e+00
-7.878700000000000045e+02 1.363000000000000078e+01 2.960999999999999943e+01
-7.885700000000000500e+02 2.128000000000000114e+01 4.738000000000000256e+01
-7.885299999999999727e+02 4.984000000000000341e+01 4.186999999999999744e+01
-7.880499999999999545e+02 2.021999999999999886e+01 1.140000000000000036e+01
-7.880399999999999636e+02 1.708999999999999986e+01 1.499000000000000021e+01
-7.880199999999999818e+02 2.401999999999999957e+01 7.500000000000000000e+00
-7.885299999999999727e+02 1.441999999999999993e+01 4.782000000000000028e+01
-7.883099999999999454e+02 2.162999999999999901e+01 1.639999999999999858e+01
-7.876499999999999773e+02 1.289000000000000057e+01 2.373000000000000043e+01
-7.882899999999999636e+02 1.250999999999999979e+01 3.217999999999999972e+01
-7.879700000000000273e+02 3.324000000000000199e+01 0.000000000000000000e+00
-7.883799999999999955e+02 2.292000000000000171e+01 3.117999999999999972e+01
-7.877300000000000182e+02 1.594999999999999929e+01 1.814000000000000057e+01
-7.877999999999999545e+02 2.387999999999999901e+01 3.609999999999999876e+00
-7.883099999999999454e+02 2.614000000000000057e+01 1.106000000000000050e+01
-7.879099999999999682e+02 1.610999999999999943e+01 2.369999999999999929e+01
-7.884700000000000273e+02 1.694999999999999929e+01 4.385999999999999943e+01
-7.876900000000000546e+02 2.319999999999999929e+01 3.560000000000000053e+00
-7.878400000000000318e+02 1.411999999999999922e+01 2.728999999999999915e+01
-7.880800000000000409e+02 2.182999999999999829e+01 1.535999999999999943e+01
-7.885700000000000500e+02 3.005999999999999872e+01 4.579999999999999716e+01
-7.885599999999999454e+02 2.476000000000000156e+01 4.640999999999999659e+01
-7.881100000000000136e+02 3.577000000000000313e+01 4.000000000000000222e-01
-7.879600000000000364e+02 1.744999999999999929e+01 1.222000000000000064e+01
-7.885000000000000000e+02 1.446000000000000085e+01 4.725999999999999801e+01
-7.876299999999999955e+02 1.293999999999999950e+01 2.360000000000000142e+01
-7.879299999999999500e+02 2.273999999999999844e+01 5.809999999999999609e+00
-7.884199999999999591e+02 4.259000000000000341e+01 2.610999999999999943e+01
-7.877599999999999909e+02 1.698999999999999844e+01 1.812000000000000099e+01
-7.882500000000000000e+02 3.250999999999999801e+01 3.990000000000000213e+00
-7.880399999999999636e+02 1.805999999999999872e+01 1.431000000000000050e+01
-7.882799999999999727e+02 2.557999999999999829e+01 1.169999999999999929e+01
-7.883099999999999454e+02 2.662000000000000099e+01 1.051999999999999957e+01
-7.877400000000000091e+02 2.523999999999999844e+01 7.600000000000000089e-01
-7.882999999999999545e+02 9.679999999999999716e+00 3.624000000000000199e+01
-7.882999999999999545e+02 1.281000000000000050e+01 3.107999999999999829e+01
-7.884199999999999591e+02 2.669000000000000128e+01 3.897999999999999687e+01
-7.880099999999999909e+02 3.806000000000000227e+01 0.000000000000000000e+00
-7.878500000000000227e+02 1.472000000000000064e+01 2.410000000000000142e+01
-7.883099999999999454e+02 1.494999999999999929e+01 3.087000000000000099e+01
-7.883999999999999773e+02 5.500000000000000444e-01 4.820000000000000284e+01
-7.882000000000000455e+02 1.637000000000000099e+01 2.607999999999999829e+01
-7.885900000000000318e+02 4.495000000000000284e+01 4.549000000000000199e+01
-7.879800000000000182e+02 2.823999999999999844e+01 3.140000000000000124e+00
-7.882599999999999909e+02 2.701999999999999957e+01 1.005000000000000071e+01
-7.883400000000000318e+02 6.339999999999999858e+00 4.147999999999999687e+01
-7.878300000000000409e+02 3.257999999999999829e+01 0.000000000000000000e+00
-7.884500000000000455e+02 6.700000000000000178e+00 4.803999999999999915e+01
-7.879600000000000364e+02 1.851000000000000156e+01 1.142999999999999972e+01
-7.885000000000000000e+02 9.980000000000000426e+00 4.827000000000000313e+01
-7.883999999999999773e+02 3.500999999999999801e+01 3.246000000000000085e+01
-7.879800000000000182e+02 2.298000000000000043e+01 8.429999999999999716e+00
-7.885399999999999636e+02 4.815999999999999659e+01 4.259000000000000341e+01
-7.882100000000000364e+02 1.794999999999999929e+01 2.444000000000000128e+01
-7.878799999999999955e+02 2.132999999999999829e+01 6.349999999999999645e+00
-7.884600000000000364e+02 4.632000000000000028e+01 2.614999999999999858e+01
-7.879600000000000364e+02 1.701000000000000156e+01 1.257000000000000028e+01
-7.877500000000000000e+02 1.599000000000000021e+01 1.935999999999999943e+01
-7.885299999999999727e+02 1.446000000000000085e+01 4.775000000000000000e+01
-7.878600000000000136e+02 2.007000000000000028e+01 7.519999999999999574e+00
-7.878899999999999864e+02 1.555000000000000071e+01 2.273999999999999844e+01
-7.884800000000000182e+02 1.582000000000000028e+01 4.599000000000000199e+01
-7.885499999999999545e+02 2.435000000000000142e+01 4.709000000000000341e+01
-7.878500000000000227e+02 3.058999999999999986e+01 1.100000000000000089e+00
-7.880199999999999818e+02 1.826000000000000156e+01 1.339000000000000057e+01
-7.876900000000000546e+02 2.310000000000000142e+01 4.150000000000000355e+00
-7.882999999999999545e+02 9.599999999999999645e+00 3.629999999999999716e+01
-7.883200000000000500e+02 1.475999999999999979e+01 3.142999999999999972e+01
-7.885299999999999727e+02 4.853000000000000114e+01 4.209000000000000341e+01
-7.880499999999999545e+02 3.117000000000000171e+01 4.620000000000000107e+00
-7.882000000000000455e+02 3.210000000000000142e+01 4.330000000000000071e+00
-7.885599999999999454e+02 3.814000000000000057e+01 4.440999999999999659e+01
-7.880599999999999454e+02 2.335000000000000142e+01 9.830000000000000071e+00
-7.883799999999999955e+02 1.780000000000000027e+00 4.731000000000000227e+01
-7.884500000000000455e+02 4.839999999999999858e+00 4.813000000000000256e+01
-7.882100000000000364e+02 3.565999999999999659e+01 5.200000000000000178e-01
-7.885900000000000318e+02 3.037999999999999901e+01 4.642999999999999972e+01
-7.880000000000000000e+02 3.549000000000000199e+01 0.000000000000000000e+00
-7.877200000000000273e+02 2.475000000000000000e+01 1.189999999999999947e+00
-7.884400000000000546e+02 9.539999999999999147e+00 4.625000000000000000e+01
-7.882799999999999727e+02 2.971999999999999886e+01 6.990000000000000213e+00
-7.883099999999999454e+02 2.644000000000000128e+01 1.072000000000000064e+01
-7.883099999999999454e+02 1.269999999999999929e+01 3.144000000000000128e+01
-7.878500000000000227e+02 1.460999999999999943e+01 2.871000000000000085e+01
-7.884400000000000546e+02 3.829999999999999716e+01 2.660000000000000142e+01
-7.882999999999999545e+02 2.619000000000000128e+01 1.098000000000000043e+01
-7.878500000000000227e+02 2.467999999999999972e+01 3.189999999999999947e+00
-7.883799999999999955e+02 2.648999999999999844e+01 2.894000000000000128e+01
-7.884400000000000546e+02 4.343999999999999773e+01 2.601999999999999957e+01
-7.877300000000000182e+02 1.386999999999999922e+01 2.225000000000000000e+01
-7.884900000000000091e+02 8.750000000000000000e+00 4.834000000000000341e+01
-7.880499999999999545e+02 1.930999999999999872e+01 1.218999999999999950e+01
-7.883200000000000500e+02 2.160999999999999943e+01 2.669999999999999929e+01
-7.882000000000000455e+02 1.646000000000000085e+01 2.591000000000000014e+01
-7.882500000000000000e+02 3.439999999999999858e+01 1.830000000000000071e+00
-7.885800000000000409e+02 3.028999999999999915e+01 4.661999999999999744e+01
-7.880700000000000500e+02 2.603000000000000114e+01 7.849999999999999645e+00
-7.880399999999999636e+02 3.432999999999999829e+01 1.209999999999999964e+00
-7.884299999999999500e+02 2.321999999999999886e+01 3.985999999999999943e+01
-7.883099999999999454e+02 1.291999999999999993e+01 3.116000000000000014e+01
-7.883999999999999773e+02 1.860000000000000098e+00 4.704999999999999716e+01
-7.883099999999999454e+02 2.585999999999999943e+01 1.136999999999999922e+01
-7.883899999999999864e+02 4.980000000000000426e+00 4.488000000000000256e+01
-7.880000000000000000e+02 3.008999999999999986e+01 2.140000000000000124e+00
