-7.878700000000000045e+02 1.363000000000000078e+01 2.960999999999999943e+01
-7.877300000000000182e+02 1.588000000000000078e+01 1.767000000000000171e+01
-7.882500000000000000e+02 1.971999999999999886e+01 2.176000000000000156e+01
-7.886000000000000227e+02 4.022999999999999687e+01 4.603999999999999915e+01
-7.879700000000000273e+02 3.324000000000000199e+01 0.000000000000000000e+00
-7.882999999999999545e+02 1.281000000000000050e+01 3.107999999999999829e+01
-7.881599999999999682e+02 3.882999999999999829e+01 0.000000000000000000e+00
-7.882300000000000182e+02 2.853999999999999915e+01 8.330000000000000071e+00
-7.883799999999999955e+02 8.089999999999999858e+00 4.188000000000000256e+01
-7.877100000000000364e+02 2.491000000000000014e+01 9.499999999999999556e-01
-7.883099999999999454e+02 2.614000000000000057e+01 1.106000000000000050e+01
-7.879099999999999682e+02 1.648999999999999844e+01 2.344000000000000128e+01
-7.882000000000000455e+02 3.225999999999999801e+01 4.179999999999999716e+00
-7.883700000000000045e+02 2.882999999999999829e+01 2.837000000000000099e+01
-7.880000000000000000e+02 2.882000000000000028e+01 4.139999999999999680e+00
-7.883700000000000045e+02 1.266999999999999993e+01 3.742000000000000171e+01
-7.883799999999999955e+02 4.049999999999999822e+00 4.360000000000000142e+01
-7.883099999999999454e+02 2.162999999999999901e+01 1.639999999999999858e+01
-7.882599999999999909e+02 8.849999999999999645e+00 3.778999999999999915e+01
-7.880199999999999818e+02 2.398999999999999844e+01 7.519999999999999574e+00
-7.876499999999999773e+02 1.288000000000000078e+01 2.375000000000000000e+01
-7.885000000000000000e+02 9.099999999999999645e+00 4.853999999999999915e+01
-7.883899999999999864e+02 2.262000000000000099e+01 3.126000000000000156e+01
-7.884800000000000182e+02 4.889999999999999858e+01 2.828999999999999915e+01
-7.885199999999999818e+02 5.057000000000000028e+01 4.160999999999999943e+01
-7.877999999999999545e+02 2.387999999999999901e+01 3.609999999999999876e+00
-7.882400000000000091e+02 2.548000000000000043e+01 1.181000000000000050e+01
-7.881900000000000546e+02 1.642999999999999972e+01 2.600000000000000000e+01
-7.880399999999999636e+02 1.708999999999999986e+01 1.499000000000000021e+01
-7.883999999999999773e+02 5.200000000000000178e-01 4.834000000000000341e+01
-7.883700000000000045e+02 1.591999999999999993e+01 3.139000000000000057e+01
-7.878200000000000500e+02 2.792000000000000171e+01 0.000000000000000000e+00
-7.880499999999999545e+02 2.021999999999999886e+01 1.140000000000000036e+01
-7.885299999999999727e+02 1.441999999999999993e+01 4.782000000000000028e+01
-7.878600000000000136e+02 1.996999999999999886e+01 7.559999999999999609e+00
-7.883500000000000227e+02 2.582999999999999829e+01 1.789000000000000057e+01
-7.879400000000000546e+02 1.719000000000000128e+01 1.238000000000000078e+01
-7.885700000000000500e+02 2.119000000000000128e+01 4.724000000000000199e+01
-7.886100000000000136e+02 2.985000000000000142e+01 4.729999999999999716e+01
-7.876499999999999773e+02 2.326999999999999957e+01 3.979999999999999982e+00
-7.880099999999999909e+02 2.100000000000000000e+01 1.074000000000000021e+01
-7.878600000000000136e+02 2.007000000000000028e+01 7.519999999999999574e+00
-7.880700000000000500e+02 2.035999999999999943e+01 1.564000000000000057e+01
-7.880499999999999545e+02 2.464999999999999858e+01 1.023000000000000043e+01
-7.876699999999999591e+02 2.310000000000000142e+01 4.139999999999999680e+00
-7.879199999999999591e+02 1.907000000000000028e+01 1.169999999999999929e+01
-7.884400000000000546e+02 3.679999999999999716e+01 3.839000000000000057e+01
-7.883099999999999454e+02 1.291999999999999993e+01 3.116000000000000014e+01
-7.879299999999999500e+02 3.259000000000000341e+01 2.700000000000000178e-01
-7.885800000000000409e+02 2.958999999999999986e+01 4.635999999999999943e+01
-7.878799999999999955e+02 1.528999999999999915e+01 2.242000000000000171e+01
-7.878500000000000227e+02 1.403999999999999915e+01 2.760000000000000142e+01
-7.882599999999999909e+02 1.883999999999999986e+01 2.237000000000000099e+01
-7.884099999999999682e+02 2.120000000000000107e+00 4.747999999999999687e+01
-7.884700000000000273e+02 8.060000000000000497e+00 4.800999999999999801e+01
-7.882599999999999909e+02 2.701999999999999957e+01 1.005000000000000071e+01
-7.885299999999999727e+02 4.984000000000000341e+01 4.186999999999999744e+01
-7.885000000000000000e+02 9.210000000000000853e+00 4.850999999999999801e+01
-7.878300000000000409e+02 2.714000000000000057e+01 4.899999999999999911e-01
-7.882300000000000182e+02 3.189999999999999858e+01 4.559999999999999609e+00
-7.882000000000000455e+02 1.700000000000000000e+01 2.566000000000000014e+01
-7.877300000000000182e+02 1.386999999999999922e+01 2.225000000000000000e+01
-7.882999999999999545e+02 9.679999999999999716e+00 3.624000000000000199e+01
-7.881000000000000227e+02 2.423999999999999844e+01 1.241999999999999993e+01
-7.882999999999999545e+02 4.410000000000000142e+00 4.343999999999999773e+01
-7.883999999999999773e+02 1.721000000000000085e+01 4.000999999999999801e+01
-7.883099999999999454e+02 2.644000000000000128e+01 1.072000000000000064e+01
-7.884800000000000182e+02 4.886999999999999744e+01 2.867999999999999972e+01
-7.877500000000000000e+02 1.599000000000000021e+01 1.935999999999999943e+01
-7.882999999999999545e+02 2.262000000000000099e+01 1.521000000000000085e+01
-7.883700000000000045e+02 3.014999999999999858e+01 2.208999999999999986e+01
-7.879400000000000546e+02 2.269999999999999929e+01 5.879999999999999893e+00
-7.885399999999999636e+02 1.751999999999999957e+01 4.771999999999999886e+01
-7.881000000000000227e+02 3.804999999999999716e+01 0.000000000000000000e+00
-7.885499999999999545e+02 1.798999999999999844e+01 4.745000000000000284e+01
-7.883999999999999773e+02 3.464000000000000057e+01 2.982999999999999829e+01
-7.880199999999999818e+02 2.612999999999999901e+01 5.240000000000000213e+00
-7.877200000000000273e+02 2.475000000000000000e+01 1.189999999999999947e+00
-7.884199999999999591e+02 2.498000000000000043e+01 3.782000000000000028e+01
-7.883099999999999454e+02 1.216999999999999993e+01 3.142000000000000171e+01
-7.879800000000000182e+02 3.110999999999999943e+01 3.080000000000000071e+00
-7.882999999999999545e+02 2.619000000000000128e+01 1.098000000000000043e+01
-7.883400000000000318e+02 6.620000000000000107e+00 4.107999999999999829e+01
-7.880399999999999636e+02 2.039999999999999858e+01 1.084999999999999964e+01
-7.880299999999999727e+02 1.692000000000000171e+01 1.458000000000000007e+01
-7.884800000000000182e+02 8.619999999999999218e+00 4.796999999999999886e+01
-7.883899999999999864e+02 3.989000000000000057e+01 2.605999999999999872e+01
-7.885299999999999727e+02 2.292000000000000171e+01 4.435999999999999943e+01
-7.882799999999999727e+02 9.970000000000000639e+00 3.514000000000000057e+01
-7.876299999999999955e+02 1.293999999999999950e+01 2.360000000000000142e+01
-7.877999999999999545e+02 2.423999999999999844e+01 3.350000000000000089e+00
-7.880099999999999909e+02 2.362999999999999901e+01 7.370000000000000107e+00
-7.882899999999999636e+02 1.574000000000000021e+01 3.001999999999999957e+01
-7.878400000000000318e+02 2.196999999999999886e+01 5.870000000000000107e+00
-7.883300000000000409e+02 1.141000000000000014e+01 3.151999999999999957e+01
-7.879600000000000364e+02 1.744999999999999929e+01 1.222000000000000064e+01
-7.884800000000000182e+02 2.637000000000000099e+01 4.103999999999999915e+01
-7.877100000000000364e+02 2.478000000000000114e+01 1.169999999999999929e+00
-7.884099999999999682e+02 4.600000000000000200e-01 4.853999999999999915e+01
-7.876900000000000546e+02 2.310000000000000142e+01 4.150000000000000355e+00
-7.883799999999999955e+02 2.114000000000000057e+01 3.062000000000000099e+01
-7.884800000000000182e+02 4.853000000000000114e+01 3.055000000000000071e+01
-7.882000000000000455e+02 1.637000000000000099e+01 2.607999999999999829e+01
-7.885199999999999818e+02 1.490000000000000036e+01 4.738000000000000256e+01
-7.881399999999999864e+02 3.772999999999999687e+01 3.450000000000000178e+00
-7.883899999999999864e+02 2.916000000000000014e+01 2.873000000000000043e+01
-7.878700000000000045e+02 1.547000000000000064e+01 2.139000000000000057e+01
-7.877300000000000182e+02 1.551999999999999957e+01 1.869999999999999929e+01
-7.883700000000000045e+02 5.660000000000000142e+00 4.207000000000000028e+01
-7.877300000000000182e+02 1.385999999999999943e+01 2.823999999999999844e+01
-7.882999999999999545e+02 2.664000000000000057e+01 1.049000000000000021e+01
-7.885700000000000500e+02 4.743999999999999773e+01 4.496000000000000085e+01
-7.880900000000000318e+02 2.292999999999999972e+01 1.516000000000000014e+01
-7.882100000000000364e+02 1.794999999999999929e+01 2.444000000000000128e+01
-7.886000000000000227e+02 3.779999999999999716e+01 4.639999999999999858e+01
-7.881100000000000136e+02 3.490999999999999659e+01 1.310000000000000053e+00
-7.879800000000000182e+02 3.342000000000000171e+01 4.699999999999999734e-01
-7.879199999999999591e+02 2.851999999999999957e+01 1.669999999999999929e+00
-7.877799999999999727e+02 2.617000000000000171e+01 1.320000000000000062e+00
-7.876599999999999682e+02 1.308000000000000007e+01 2.362000000000000099e+01
-7.884700000000000273e+02 7.450000000000000178e+00 4.850999999999999801e+01
-7.885900000000000318e+02 2.723999999999999844e+01 4.710000000000000142e+01
-7.883999999999999773e+02 3.671000000000000085e+01 2.617999999999999972e+01
-7.884400000000000546e+02 2.960999999999999943e+01 3.952000000000000313e+01
-7.878600000000000136e+02 2.667999999999999972e+01 3.129999999999999893e+00
-7.882500000000000000e+02 3.250999999999999801e+01 3.990000000000000213e+00
-7.882899999999999636e+02 2.671999999999999886e+01 1.039000000000000057e+01
-7.883600000000000136e+02 2.682999999999999829e+01 2.794999999999999929e+01
