-7.878700000000000045e+02 1.363000000000000078e+01 2.960999999999999943e+01
-7.878600000000000136e+02 1.996999999999999886e+01 7.559999999999999609e+00
-7.878200000000000500e+02 2.792000000000000171e+01 0.000000000000000000e+00
-7.883700000000000045e+02 2.882999999999999829e+01 2.837000000000000099e+01
-7.882300000000000182e+02 2.853999999999999915e+01 8.330000000000000071e+00
-7.877300000000000182e+02 1.588000000000000078e+01 1.767000000000000171e+01
-7.877100000000000364e+02 2.491000000000000014e+01 9.499999999999999556e-01
-7.883700000000000045e+02 1.266999999999999993e+01 3.742000000000000171e+01
-7.880199999999999818e+02 2.398999999999999844e+01 7.519999999999999574e+00
-7.883999999999999773e+02 5.200000000000000178e-01 4.834000000000000341e+01
-7.885000000000000000e+02 9.050000000000000711e+00 4.856000000000000227e+01
-7.880000000000000000e+02 2.876999999999999957e+01 3.410000000000000142e+00
-7.879099999999999682e+02 1.648999999999999844e+01 2.344000000000000128e+01
-7.886000000000000227e+02 4.022999999999999687e+01 4.603999999999999915e+01
-7.883799999999999955e+02 8.089999999999999858e+00 4.188000000000000256e+01
-7.885299999999999727e+02 1.441999999999999993e+01 4.782000000000000028e+01
-7.882400000000000091e+02 2.548000000000000043e+01 1.181000000000000050e+01
-7.882999999999999545e+02 1.281000000000000050e+01 3.107999999999999829e+01
-7.883500000000000227e+02 2.582999999999999829e+01 1.789000000000000057e+01
-7.886100000000000136e+02 2.985000000000000142e+01 4.729999999999999716e+01
-7.882000000000000455e+02 3.225999999999999801e+01 4.179999999999999716e+00
-7.885199999999999818e+02 5.057000000000000028e+01 4.160999999999999943e+01
-7.883899999999999864e+02 2.262000000000000099e+01 3.126000000000000156e+01
-7.882599999999999909e+02 8.849999999999999645e+00 3.778999999999999915e+01
-7.881900000000000546e+02 1.642999999999999972e+01 2.600000000000000000e+01
-7.883099999999999454e+02 2.614000000000000057e+01 1.106000000000000050e+01
-7.881599999999999682e+02 3.882999999999999829e+01 0.000000000000000000e+00
-7.879400000000000546e+02 1.719000000000000128e+01 1.238000000000000078e+01
-7.883799999999999955e+02 4.190000000000000391e+00 4.343999999999999773e+01
-7.883099999999999454e+02 2.162999999999999901e+01 1.639999999999999858e+01
-7.884900000000000091e+02 5.017000000000000171e+01 2.826000000000000156e+01
-7.876499999999999773e+02 2.326999999999999957e+01 3.979999999999999982e+00
-7.880399999999999636e+02 1.708999999999999986e+01 1.499000000000000021e+01
-7.883700000000000045e+02 1.591999999999999993e+01 3.139000000000000057e+01
-7.885700000000000500e+02 2.119000000000000128e+01 4.724000000000000199e+01
-7.882500000000000000e+02 1.971999999999999886e+01 2.176000000000000156e+01
-7.878099999999999454e+02 2.382999999999999829e+01 3.759999999999999787e+00
-7.880499999999999545e+02 2.021999999999999886e+01 1.140000000000000036e+01
-7.876499999999999773e+02 1.288000000000000078e+01 2.375000000000000000e+01
-7.879700000000000273e+02 3.324000000000000199e+01 0.000000000000000000e+00
-7.885499999999999545e+02 1.798999999999999844e+01 4.745000000000000284e+01
-7.880099999999999909e+02 2.100000000000000000e+01 1.074000000000000021e+01
-7.883799999999999955e+02 4.049999999999999822e+00 4.360000000000000142e+01
-7.880399999999999636e+02 3.703999999999999915e+01 1.799999999999999933e-01
-7.878500000000000227e+02 1.403999999999999915e+01 2.760000000000000142e+01
-7.883200000000000500e+02 1.241000000000000014e+01 3.133999999999999986e+01
-7.881000000000000227e+02 2.423999999999999844e+01 1.241999999999999993e+01
-7.882000000000000455e+02 1.637000000000000099e+01 2.607999999999999829e+01
-7.884700000000000273e+02 7.450000000000000178e+00 4.850999999999999801e+01
-7.878400000000000318e+02 2.196999999999999886e+01 5.870000000000000107e+00
-7.885000000000000000e+02 1.293999999999999950e+01 4.797999999999999687e+01
-7.884299999999999500e+02 1.100999999999999979e+01 4.467999999999999972e+01
-7.885900000000000318e+02 3.902000000000000313e+01 4.614000000000000057e+01
-7.880700000000000500e+02 2.023999999999999844e+01 1.567999999999999972e+01
-7.884099999999999682e+02 4.600000000000000200e-01 4.853999999999999915e+01
-7.886000000000000227e+02 2.982999999999999829e+01 4.732000000000000028e+01
-7.876599999999999682e+02 1.308000000000000007e+01 2.362000000000000099e+01
-7.884800000000000182e+02 4.853000000000000114e+01 3.055000000000000071e+01
-7.882899999999999636e+02 2.671999999999999886e+01 1.039000000000000057e+01
-7.877500000000000000e+02 1.591000000000000014e+01 1.848000000000000043e+01
-7.878799999999999955e+02 1.528999999999999915e+01 2.242000000000000171e+01
-7.877100000000000364e+02 2.478000000000000114e+01 1.169999999999999929e+00
-7.882899999999999636e+02 2.035000000000000142e+01 1.794000000000000128e+01
-7.879600000000000364e+02 1.744999999999999929e+01 1.222000000000000064e+01
-7.882599999999999909e+02 1.883999999999999986e+01 2.237000000000000099e+01
-7.885000000000000000e+02 3.148000000000000043e+01 4.207000000000000028e+01
-7.882699999999999818e+02 3.142999999999999972e+01 5.049999999999999822e+00
-7.883799999999999955e+02 3.130000000000000071e+01 2.626999999999999957e+01
-7.885000000000000000e+02 4.347999999999999687e+01 4.174000000000000199e+01
-7.878200000000000500e+02 2.625000000000000000e+01 1.449999999999999956e+00
-7.876699999999999591e+02 2.310000000000000142e+01 4.139999999999999680e+00
-7.879800000000000182e+02 2.166000000000000014e+01 8.570000000000000284e+00
-7.879900000000000091e+02 3.089000000000000057e+01 3.220000000000000195e+00
-7.879400000000000546e+02 2.269999999999999929e+01 5.879999999999999893e+00
-7.881699999999999591e+02 3.986999999999999744e+01 5.899999999999999689e-01
-7.883999999999999773e+02 1.721000000000000085e+01 4.000999999999999801e+01
-7.883099999999999454e+02 1.291999999999999993e+01 3.116000000000000014e+01
-7.880800000000000409e+02 2.835999999999999943e+01 8.390000000000000568e+00
-7.882999999999999545e+02 9.679999999999999716e+00 3.624000000000000199e+01
-7.883799999999999955e+02 3.561999999999999744e+01 2.608999999999999986e+01
-7.880900000000000318e+02 2.419999999999999929e+01 1.258000000000000007e+01
-7.876699999999999591e+02 2.310000000000000142e+01 4.139999999999999680e+00
-7.885000000000000000e+02 9.210000000000000853e+00 4.850999999999999801e+01
-7.878700000000000045e+02 1.547000000000000064e+01 2.139000000000000057e+01
-7.884600000000000364e+02 4.753000000000000114e+01 2.639000000000000057e+01
-7.877999999999999545e+02 2.387999999999999901e+01 3.609999999999999876e+00
-7.879700000000000273e+02 2.153000000000000114e+01 1.000000000000000000e+01
-7.880599999999999454e+02 2.396000000000000085e+01 9.580000000000000071e+00
-7.877300000000000182e+02 1.551999999999999957e+01 1.869999999999999929e+01
-7.884800000000000182e+02 2.130000000000000071e+01 4.675999999999999801e+01
-7.879199999999999591e+02 1.907000000000000028e+01 1.169999999999999929e+01
-7.877200000000000273e+02 2.475000000000000000e+01 1.189999999999999947e+00
-7.877799999999999727e+02 2.598000000000000043e+01 1.379999999999999893e+00
-7.882000000000000455e+02 3.214000000000000057e+01 4.309999999999999609e+00
-7.883500000000000227e+02 2.423000000000000043e+01 2.728000000000000114e+01
-7.876799999999999500e+02 1.352999999999999936e+01 2.412000000000000099e+01
-7.880900000000000318e+02 2.867999999999999972e+01 7.019999999999999574e+00
-7.882799999999999727e+02 9.970000000000000639e+00 3.514000000000000057e+01
-7.883799999999999955e+02 2.114000000000000057e+01 3.062000000000000099e+01
-7.882999999999999545e+02 2.262000000000000099e+01 1.521000000000000085e+01
-7.883099999999999454e+02 1.216999999999999993e+01 3.142000000000000171e+01
-7.882999999999999545e+02 2.664000000000000057e+01 1.049000000000000021e+01
-7.882000000000000455e+02 1.700000000000000000e+01 2.566000000000000014e+01
-7.880700000000000500e+02 2.035999999999999943e+01 1.564000000000000057e+01
-7.883200000000000500e+02 2.600000000000000000e+01 1.637000000000000099e+01
-7.885399999999999636e+02 1.751999999999999957e+01 4.771999999999999886e+01
-7.881699999999999591e+02 3.985999999999999943e+01 1.939999999999999947e+00
-7.883500000000000227e+02 1.510999999999999943e+01 3.282999999999999829e+01
-7.882500000000000000e+02 2.005000000000000071e+01 2.160999999999999943e+01
-7.884099999999999682e+02 2.120000000000000107e+00 4.747999999999999687e+01
-7.885800000000000409e+02 4.574000000000000199e+01 4.502000000000000313e+01
-7.877300000000000182e+02 1.385999999999999943e+01 2.823999999999999844e+01
-7.878600000000000136e+02 2.007000000000000028e+01 7.519999999999999574e+00
-7.883799999999999955e+02 5.690000000000000391e+00 4.265999999999999659e+01
-7.885900000000000318e+02 2.792999999999999972e+01 4.678000000000000114e+01
-7.879900000000000091e+02 2.575000000000000000e+01 5.150000000000000355e+00
-7.879299999999999500e+02 3.259000000000000341e+01 2.700000000000000178e-01
-7.884900000000000091e+02 4.725999999999999801e+01 3.352000000000000313e+01
-7.883200000000000500e+02 9.880000000000000782e+00 3.699000000000000199e+01
-7.880900000000000318e+02 2.292999999999999972e+01 1.516000000000000014e+01
-7.885000000000000000e+02 9.310000000000000497e+00 4.849000000000000199e+01
-7.885099999999999909e+02 1.250000000000000000e+01 4.804999999999999716e+01
-7.886100000000000136e+02 3.899000000000000199e+01 4.650999999999999801e+01
-7.885499999999999545e+02 1.867999999999999972e+01 4.718999999999999773e+01
-7.880099999999999909e+02 2.362999999999999901e+01 7.370000000000000107e+00
-7.879800000000000182e+02 3.110999999999999943e+01 3.080000000000000071e+00
-7.885900000000000318e+02 2.723999999999999844e+01 4.710000000000000142e+01
-7.880900000000000318e+02 2.871999999999999886e+01 6.950000000000000178e+00
