-7.881599999999999682e+02 3.882999999999999829e+01 0.000000000000000000e+00
-7.883700000000000045e+02 1.266999999999999993e+01 3.742000000000000171e+01
-7.882300000000000182e+02 2.869999999999999929e+01 8.150000000000000355e+00
-7.885700000000000500e+02 2.119000000000000128e+01 4.724000000000000199e+01
-7.882000000000000455e+02 3.225999999999999801e+01 4.179999999999999716e+00
-7.883099999999999454e+02 2.614000000000000057e+01 1.106000000000000050e+01
-7.880499999999999545e+02 2.021999999999999886e+01 1.140000000000000036e+01
-7.886100000000000136e+02 2.985000000000000142e+01 4.729999999999999716e+01
-7.880399999999999636e+02 1.708999999999999986e+01 1.499000000000000021e+01
-7.877300000000000182e+02 1.588000000000000078e+01 1.767000000000000171e+01
-7.883799999999999955e+02 4.190000000000000391e+00 4.343999999999999773e+01
-7.883600000000000136e+02 2.080000000000000071e+01 2.767000000000000171e+01
-7.883500000000000227e+02 2.582999999999999829e+01 1.789000000000000057e+01
-7.881900000000000546e+02 1.642999999999999972e+01 2.600000000000000000e+01
-7.883999999999999773e+02 5.200000000000000178e-01 4.834000000000000341e+01
-7.885000000000000000e+02 9.050000000000000711e+00 4.856000000000000227e+01
-7.878099999999999454e+02 2.382999999999999829e+01 3.759999999999999787e+00
-7.878600000000000136e+02 1.996999999999999886e+01 7.559999999999999609e+00
-7.882999999999999545e+02 1.281000000000000050e+01 3.107999999999999829e+01
-7.876499999999999773e+02 1.288000000000000078e+01 2.375000000000000000e+01
-7.884900000000000091e+02 5.017000000000000171e+01 2.826000000000000156e+01
-7.883799999999999955e+02 8.089999999999999858e+00 4.188000000000000256e+01
-7.879099999999999682e+02 1.648999999999999844e+01 2.344000000000000128e+01
-7.878200000000000500e+02 2.792000000000000171e+01 0.000000000000000000e+00
-7.879700000000000273e+02 3.324000000000000199e+01 0.000000000000000000e+00
-7.885199999999999818e+02 5.057000000000000028e+01 4.160999999999999943e+01
-7.880000000000000000e+02 2.876999999999999957e+01 3.410000000000000142e+00
-7.883700000000000045e+02 2.882999999999999829e+01 2.837000000000000099e+01
-7.876499999999999773e+02 2.326999999999999957e+01 3.979999999999999982e+00
-7.886000000000000227e+02 4.021000000000000085e+01 4.603999999999999915e+01
-7.882999999999999545e+02 2.530000000000000071e+01 1.203999999999999915e+01
-7.882500000000000000e+02 1.971999999999999886e+01 2.176000000000000156e+01
-7.878700000000000045e+02 1.363000000000000078e+01 2.960999999999999943e+01
-7.882999999999999545e+02 2.166000000000000014e+01 1.633999999999999986e+01
-7.882599999999999909e+02 8.849999999999999645e+00 3.778999999999999915e+01
-7.879400000000000546e+02 1.719000000000000128e+01 1.238000000000000078e+01
-7.877100000000000364e+02 2.491000000000000014e+01 9.499999999999999556e-01
-7.883700000000000045e+02 1.591999999999999993e+01 3.139000000000000057e+01
-7.880299999999999727e+02 2.394999999999999929e+01 7.330000000000000071e+00
-7.885299999999999727e+02 1.441999999999999993e+01 4.782000000000000028e+01
-7.885000000000000000e+02 2.382000000000000028e+01 4.402000000000000313e+01
-7.881900000000000546e+02 3.196000000000000085e+01 4.509999999999999787e+00
-7.883899999999999864e+02 3.078999999999999915e+01 2.917000000000000171e+01
-7.884400000000000546e+02 4.234000000000000341e+01 2.603999999999999915e+01
-7.877799999999999727e+02 2.598000000000000043e+01 1.379999999999999893e+00
-7.885099999999999909e+02 1.383999999999999986e+01 4.720000000000000284e+01
-7.883099999999999454e+02 1.291999999999999993e+01 3.116000000000000014e+01
-7.883600000000000136e+02 2.235999999999999943e+01 2.700000000000000000e+01
-7.883099999999999454e+02 2.551999999999999957e+01 1.177999999999999936e+01
-7.879900000000000091e+02 2.951999999999999957e+01 3.200000000000000178e+00
-7.879700000000000273e+02 1.946000000000000085e+01 1.050000000000000000e+01
-7.876699999999999591e+02 2.310999999999999943e+01 4.129999999999999893e+00
-7.878999999999999773e+02 2.466000000000000014e+01 5.839999999999999858e+00
-7.877899999999999636e+02 1.291999999999999993e+01 2.958999999999999986e+01
-7.884700000000000273e+02 8.250000000000000000e+00 4.789000000000000057e+01
-7.882000000000000455e+02 1.637000000000000099e+01 2.607999999999999829e+01
-7.884700000000000273e+02 7.209999999999999964e+00 4.820000000000000284e+01
-7.882699999999999818e+02 1.844000000000000128e+01 2.301000000000000156e+01
-7.880099999999999909e+02 2.366000000000000014e+01 7.980000000000000426e+00
-7.877100000000000364e+02 2.478000000000000114e+01 1.169999999999999929e+00
-7.885000000000000000e+02 4.347999999999999687e+01 4.174000000000000199e+01
-7.882799999999999727e+02 9.970000000000000639e+00 3.514000000000000057e+01
-7.878799999999999955e+02 1.528999999999999915e+01 2.242000000000000171e+01
-7.880599999999999454e+02 2.019000000000000128e+01 1.558000000000000007e+01
-7.882999999999999545e+02 2.055999999999999872e+01 1.771000000000000085e+01
-7.883600000000000136e+02 5.530000000000000249e+00 4.227000000000000313e+01
-7.885800000000000409e+02 2.883999999999999986e+01 4.696000000000000085e+01
-7.879299999999999500e+02 3.189000000000000057e+01 6.500000000000000222e-01
-7.878700000000000045e+02 1.633999999999999986e+01 1.771000000000000085e+01
-7.881699999999999591e+02 3.618999999999999773e+01 1.860000000000000098e+00
-7.882899999999999636e+02 2.671999999999999886e+01 1.039000000000000057e+01
-7.884199999999999591e+02 3.260999999999999943e+01 3.527000000000000313e+01
-7.884099999999999682e+02 4.600000000000000200e-01 4.853999999999999915e+01
-7.881000000000000227e+02 2.973000000000000043e+01 6.240000000000000213e+00
-7.884700000000000273e+02 4.690999999999999659e+01 2.648000000000000043e+01
-7.883200000000000500e+02 1.036999999999999922e+01 3.664000000000000057e+01
-7.885599999999999454e+02 2.064000000000000057e+01 4.725999999999999801e+01
-7.879400000000000546e+02 1.714000000000000057e+01 1.248000000000000043e+01
-7.876900000000000546e+02 1.281000000000000050e+01 2.507999999999999829e+01
-7.878600000000000136e+02 2.007000000000000028e+01 7.519999999999999574e+00
-7.885700000000000500e+02 4.485999999999999943e+01 4.546999999999999886e+01
-7.877200000000000273e+02 2.473999999999999844e+01 1.179999999999999938e+00
-7.880800000000000409e+02 2.144999999999999929e+01 1.698999999999999844e+01
-7.882999999999999545e+02 9.589999999999999858e+00 3.636999999999999744e+01
-7.886100000000000136e+02 2.957000000000000028e+01 4.749000000000000199e+01
-7.878700000000000045e+02 1.490000000000000036e+01 2.689000000000000057e+01
-7.882000000000000455e+02 3.214000000000000057e+01 4.309999999999999609e+00
-7.884600000000000364e+02 1.628000000000000114e+01 4.357000000000000028e+01
-7.879600000000000364e+02 2.664000000000000057e+01 3.359999999999999876e+00
-7.879500000000000455e+02 1.757999999999999829e+01 1.214000000000000057e+01
-7.882999999999999545e+02 2.664000000000000057e+01 1.049000000000000021e+01
-7.884099999999999682e+02 2.737999999999999901e+01 3.472999999999999687e+01
-7.885800000000000409e+02 2.496000000000000085e+01 4.738000000000000256e+01
-7.883300000000000409e+02 6.799999999999999822e+00 4.200999999999999801e+01
-7.883500000000000227e+02 2.521999999999999886e+01 1.823000000000000043e+01
-7.883799999999999955e+02 3.415999999999999659e+01 2.889999999999999858e+01
-7.884900000000000091e+02 4.725999999999999801e+01 3.352000000000000313e+01
-7.882599999999999909e+02 1.883999999999999986e+01 2.237000000000000099e+01
-7.878700000000000045e+02 1.547000000000000064e+01 2.139000000000000057e+01
-7.878099999999999454e+02 1.552999999999999936e+01 1.873999999999999844e+01
-7.883899999999999864e+02 5.549999999999999822e+00 4.364999999999999858e+01
-7.878200000000000500e+02 2.521000000000000085e+01 3.370000000000000107e+00
-7.878700000000000045e+02 2.012999999999999901e+01 7.450000000000000178e+00
-7.884700000000000273e+02 7.490000000000000213e+00 4.814999999999999858e+01
-7.880700000000000500e+02 2.373000000000000043e+01 8.900000000000000355e+00
-7.878200000000000500e+02 2.625000000000000000e+01 1.449999999999999956e+00
-7.882300000000000182e+02 2.853999999999999915e+01 8.330000000000000071e+00
-7.884800000000000182e+02 4.985999999999999943e+01 2.921000000000000085e+01
-7.884500000000000455e+02 1.316999999999999993e+01 4.682999999999999829e+01
-7.882100000000000364e+02 3.985999999999999943e+01 2.620000000000000107e+00
-7.876900000000000546e+02 1.494999999999999929e+01 2.291000000000000014e+01
-7.880099999999999909e+02 2.100000000000000000e+01 1.074000000000000021e+01
-7.879800000000000182e+02 3.164999999999999858e+01 1.649999999999999911e+00
-7.884199999999999591e+02 1.409999999999999920e+00 4.831000000000000227e+01
-7.880700000000000500e+02 2.023999999999999844e+01 1.567999999999999972e+01
-7.876699999999999591e+02 2.323999999999999844e+01 4.000000000000000000e+00
-7.884800000000000182e+02 2.217999999999999972e+01 4.292000000000000171e+01
-7.882999999999999545e+02 2.392000000000000171e+01 1.364000000000000057e+01
-7.884700000000000273e+02 1.807999999999999829e+01 4.632999999999999829e+01
-7.877500000000000000e+02 1.591000000000000014e+01 1.848000000000000043e+01
-7.880900000000000318e+02 3.585999999999999943e+01 3.399999999999999911e+00
-7.881200000000000045e+02 2.894999999999999929e+01 7.110000000000000320e+00
-7.885399999999999636e+02 4.432999999999999829e+01 4.272999999999999687e+01
-7.882899999999999636e+02 7.870000000000000107e+00 4.100999999999999801e+01
-7.878600000000000136e+02 1.369999999999999929e+01 2.946999999999999886e+01
-7.884500000000000455e+02 1.335999999999999943e+01 4.681000000000000227e+01
-7.880700000000000500e+02 2.035999999999999943e+01 1.564000000000000057e+01
-7.885000000000000000e+02 9.210000000000000853e+00 4.850999999999999801e+01
