-7.883700000000000045e+02 1.591999999999999993e+01 3.139000000000000057e+01
-7.883799999999999955e+02 4.190000000000000391e+00 4.343999999999999773e+01
-7.878200000000000500e+02 2.482999999999999829e+01 4.110000000000000320e+00
-7.883600000000000136e+02 2.630999999999999872e+01 2.608999999999999986e+01
-7.876399999999999864e+02 2.342999999999999972e+01 3.899999999999999911e+00
-7.880199999999999818e+02 2.710999999999999943e+01 4.129999999999999893e+00
-7.878700000000000045e+02 1.363000000000000078e+01 2.960999999999999943e+01
-7.878200000000000500e+02 2.792000000000000171e+01 0.000000000000000000e+00
-7.880299999999999727e+02 2.394999999999999929e+01 7.330000000000000071e+00
-7.879700000000000273e+02 3.324000000000000199e+01 0.000000000000000000e+00
-7.876699999999999591e+02 2.562999999999999901e+01 4.000000000000000222e-01
-7.882000000000000455e+02 3.225999999999999801e+01 4.179999999999999716e+00
-7.880399999999999636e+02 1.708999999999999986e+01 1.499000000000000021e+01
-7.878400000000000318e+02 1.848000000000000043e+01 1.035999999999999943e+01
-7.882699999999999818e+02 1.817999999999999972e+01 2.062000000000000099e+01
-7.883600000000000136e+02 2.080000000000000071e+01 2.767000000000000171e+01
-7.881900000000000546e+02 1.642999999999999972e+01 2.600000000000000000e+01
-7.881599999999999682e+02 3.882999999999999829e+01 0.000000000000000000e+00
-7.886000000000000227e+02 4.021000000000000085e+01 4.603999999999999915e+01
-7.883799999999999955e+02 8.089999999999999858e+00 4.188000000000000256e+01
-7.878600000000000136e+02 1.996999999999999886e+01 7.559999999999999609e+00
-7.882999999999999545e+02 2.166000000000000014e+01 1.633999999999999986e+01
-7.885299999999999727e+02 5.036999999999999744e+01 4.200000000000000000e+01
-7.883999999999999773e+02 5.200000000000000178e-01 4.834000000000000341e+01
-7.880499999999999545e+02 2.021999999999999886e+01 1.140000000000000036e+01
-7.883099999999999454e+02 2.614000000000000057e+01 1.106000000000000050e+01
-7.884900000000000091e+02 5.017000000000000171e+01 2.826000000000000156e+01
-7.882899999999999636e+02 9.099999999999999645e+00 3.602000000000000313e+01
-7.885000000000000000e+02 9.050000000000000711e+00 4.856000000000000227e+01
-7.879099999999999682e+02 1.682000000000000028e+01 2.317999999999999972e+01
-7.883700000000000045e+02 1.266999999999999993e+01 3.742000000000000171e+01
-7.885299999999999727e+02 1.441999999999999993e+01 4.782000000000000028e+01
-7.882300000000000182e+02 2.869999999999999929e+01 8.150000000000000355e+00
-7.883099999999999454e+02 1.261999999999999922e+01 3.064000000000000057e+01
-7.886100000000000136e+02 2.987000000000000099e+01 4.728999999999999915e+01
-7.877200000000000273e+02 1.560999999999999943e+01 1.755000000000000071e+01
-7.883300000000000409e+02 2.680999999999999872e+01 1.778999999999999915e+01
-7.882500000000000000e+02 2.512999999999999901e+01 1.225000000000000000e+01
-7.876499999999999773e+02 1.288000000000000078e+01 2.375000000000000000e+01
-7.885700000000000500e+02 2.119000000000000128e+01 4.724000000000000199e+01
-7.883500000000000227e+02 3.176000000000000156e+01 2.244999999999999929e+01
-7.880700000000000500e+02 2.553999999999999915e+01 9.109999999999999432e+00
-7.885000000000000000e+02 1.239000000000000057e+01 4.803000000000000114e+01
-7.878600000000000136e+02 1.369999999999999929e+01 2.946999999999999886e+01
-7.884099999999999682e+02 1.050000000000000044e+00 4.810999999999999943e+01
-7.882899999999999636e+02 2.671999999999999886e+01 1.039000000000000057e+01
-7.876799999999999500e+02 1.331000000000000050e+01 2.450000000000000000e+01
-7.880199999999999818e+02 3.452000000000000313e+01 9.599999999999999645e-01
-7.881699999999999591e+02 3.475999999999999801e+01 1.469999999999999973e+00
-7.878700000000000045e+02 1.994999999999999929e+01 7.570000000000000284e+00
-7.883799999999999955e+02 1.351999999999999957e+01 3.718999999999999773e+01
-7.883099999999999454e+02 2.162000000000000099e+01 1.639999999999999858e+01
-7.883600000000000136e+02 1.508000000000000007e+01 3.180000000000000071e+01
-7.879299999999999500e+02 2.635999999999999943e+01 4.040000000000000036e+00
-7.882000000000000455e+02 1.503999999999999915e+01 3.017999999999999972e+01
-7.881900000000000546e+02 3.322999999999999687e+01 3.120000000000000107e+00
-7.885099999999999909e+02 5.046000000000000085e+01 4.150999999999999801e+01
-7.885000000000000000e+02 9.099999999999999645e+00 4.852000000000000313e+01
-7.884500000000000455e+02 4.971999999999999886e+01 2.601000000000000156e+01
-7.878700000000000045e+02 1.547000000000000064e+01 2.139000000000000057e+01
-7.876699999999999591e+02 2.323999999999999844e+01 4.000000000000000000e+00
-7.881100000000000136e+02 2.687000000000000099e+01 1.011999999999999922e+01
-7.878400000000000318e+02 1.851000000000000156e+01 1.034999999999999964e+01
-7.882799999999999727e+02 6.809999999999999609e+00 4.064999999999999858e+01
-7.877200000000000273e+02 1.525000000000000000e+01 1.800000000000000000e+01
-7.882999999999999545e+02 2.039999999999999858e+01 2.596000000000000085e+01
-7.878500000000000227e+02 2.533999999999999986e+01 3.890000000000000124e+00
-7.877300000000000182e+02 2.551999999999999957e+01 5.600000000000000533e-01
-7.885000000000000000e+02 2.185999999999999943e+01 4.528000000000000114e+01
-7.880700000000000500e+02 2.023999999999999844e+01 1.567999999999999972e+01
-7.883999999999999773e+02 3.529999999999999805e+00 4.556000000000000227e+01
-7.881100000000000136e+02 2.808999999999999986e+01 7.959999999999999964e+00
-7.884900000000000091e+02 3.346999999999999886e+01 4.160000000000000142e+01
-7.882799999999999727e+02 9.970000000000000639e+00 3.514000000000000057e+01
-7.886000000000000227e+02 2.957000000000000028e+01 4.692999999999999972e+01
-7.880700000000000500e+02 2.098000000000000043e+01 1.335999999999999943e+01
-7.877799999999999727e+02 2.569000000000000128e+01 3.400000000000000244e-01
-7.884099999999999682e+02 3.952000000000000313e+01 3.821000000000000085e+01
-7.877899999999999636e+02 1.291999999999999993e+01 2.958999999999999986e+01
-7.877200000000000273e+02 2.444000000000000128e+01 1.669999999999999929e+00
-7.882000000000000455e+02 1.625000000000000000e+01 2.821000000000000085e+01
-7.885299999999999727e+02 4.685000000000000142e+01 4.210000000000000142e+01
-7.878799999999999955e+02 2.183999999999999986e+01 6.150000000000000355e+00
-7.882300000000000182e+02 3.182000000000000028e+01 4.980000000000000426e+00
-7.884900000000000091e+02 2.657999999999999829e+01 4.189000000000000057e+01
-7.876699999999999591e+02 2.310999999999999943e+01 4.129999999999999893e+00
-7.883099999999999454e+02 2.239000000000000057e+01 1.547000000000000064e+01
-7.877400000000000091e+02 2.596999999999999886e+01 2.700000000000000178e-01
-7.880499999999999545e+02 2.098999999999999844e+01 1.038000000000000078e+01
-7.884800000000000182e+02 7.879999999999999893e+00 4.852000000000000313e+01
-7.885800000000000409e+02 2.519000000000000128e+01 4.838000000000000256e+01
-7.883200000000000500e+02 2.476000000000000156e+01 1.267999999999999972e+01
-7.884299999999999500e+02 4.135999999999999943e+01 2.637999999999999901e+01
-7.880599999999999454e+02 2.496999999999999886e+01 9.029999999999999361e+00
-7.880199999999999818e+02 1.725000000000000000e+01 1.396000000000000085e+01
-7.877899999999999636e+02 2.473999999999999844e+01 3.129999999999999893e+00
-7.885700000000000500e+02 4.602000000000000313e+01 4.478000000000000114e+01
-7.882500000000000000e+02 2.898000000000000043e+01 7.809999999999999609e+00
-7.881699999999999591e+02 3.578999999999999915e+01 3.599999999999999867e-01
-7.879500000000000455e+02 1.744000000000000128e+01 1.221000000000000085e+01
-7.879299999999999500e+02 3.300000000000000000e+01 0.000000000000000000e+00
-7.878799999999999955e+02 1.550000000000000000e+01 2.135000000000000142e+01
-7.885199999999999818e+02 1.443999999999999950e+01 4.768999999999999773e+01
-7.884199999999999591e+02 4.199999999999999845e-01 4.835999999999999943e+01
-7.879099999999999682e+02 2.814000000000000057e+01 2.430000000000000160e+00
-7.883600000000000136e+02 2.955000000000000071e+01 2.508999999999999986e+01
-7.883500000000000227e+02 1.240000000000000036e+01 3.785000000000000142e+01
-7.882999999999999545e+02 2.669000000000000128e+01 1.043999999999999950e+01
-7.877599999999999909e+02 1.481000000000000050e+01 2.367999999999999972e+01
-7.883099999999999454e+02 7.530000000000000249e+00 4.135999999999999943e+01
-7.882999999999999545e+02 1.603000000000000114e+01 3.055999999999999872e+01
-7.878799999999999955e+02 1.601999999999999957e+01 1.805999999999999872e+01
-7.882999999999999545e+02 9.589999999999999858e+00 3.636999999999999744e+01
-7.884500000000000455e+02 4.406000000000000227e+01 2.610000000000000142e+01
-7.883899999999999864e+02 2.542999999999999972e+01 3.121999999999999886e+01
-7.884700000000000273e+02 6.790000000000000036e+00 4.849000000000000199e+01
-7.884199999999999591e+02 4.011999999999999744e+01 2.610000000000000142e+01
-7.880299999999999727e+02 2.342999999999999972e+01 7.870000000000000107e+00
-7.885499999999999545e+02 1.739000000000000057e+01 4.835999999999999943e+01
-7.879700000000000273e+02 3.082999999999999829e+01 2.700000000000000178e+00
-7.883099999999999454e+02 2.160999999999999943e+01 1.642000000000000171e+01
-7.885399999999999636e+02 3.752000000000000313e+01 4.585999999999999943e+01
-7.878099999999999454e+02 1.330000000000000071e+01 2.817999999999999972e+01
-7.885800000000000409e+02 2.673999999999999844e+01 4.764999999999999858e+01
-7.884099999999999682e+02 1.134999999999999964e+01 4.260000000000000142e+01
-7.878500000000000227e+02 1.989999999999999858e+01 7.730000000000000426e+00
-7.876900000000000546e+02 1.281000000000000050e+01 2.507999999999999829e+01
-7.884800000000000182e+02 8.320000000000000284e+00 4.842999999999999972e+01
