-7.883799999999999955e+02 8.089999999999999858e+00 4.188000000000000256e+01
-7.883700000000000045e+02 1.591999999999999993e+01 3.139000000000000057e+01
-7.882999999999999545e+02 2.166000000000000014e+01 1.633999999999999986e+01
-7.878600000000000136e+02 1.996999999999999886e+01 7.559999999999999609e+00
-7.885000000000000000e+02 9.050000000000000711e+00 4.856000000000000227e+01
-7.884900000000000091e+02 4.972999999999999687e+01 2.764000000000000057e+01
-7.880299999999999727e+02 2.394999999999999929e+01 7.330000000000000071e+00
-7.878200000000000500e+02 2.792000000000000171e+01 0.000000000000000000e+00
-7.883999999999999773e+02 5.200000000000000178e-01 4.834000000000000341e+01
-7.876699999999999591e+02 2.562999999999999901e+01 4.000000000000000222e-01
-7.876299999999999955e+02 2.308999999999999986e+01 4.070000000000000284e+00
-7.883500000000000227e+02 2.312000000000000099e+01 1.637000000000000099e+01
-7.882300000000000182e+02 2.869999999999999929e+01 8.150000000000000355e+00
-7.879700000000000273e+02 3.253999999999999915e+01 0.000000000000000000e+00
-7.882699999999999818e+02 1.817999999999999972e+01 2.062000000000000099e+01
-7.882000000000000455e+02 3.225999999999999801e+01 4.179999999999999716e+00
-7.879299999999999500e+02 1.621000000000000085e+01 2.146999999999999886e+01
-7.882500000000000000e+02 2.512999999999999901e+01 1.225000000000000000e+01
-7.883700000000000045e+02 2.044999999999999929e+01 2.705000000000000071e+01
-7.883700000000000045e+02 1.266999999999999993e+01 3.742000000000000171e+01
-7.880499999999999545e+02 2.021999999999999886e+01 1.140000000000000036e+01
-7.880299999999999727e+02 1.685000000000000142e+01 1.516999999999999993e+01
-7.886100000000000136e+02 2.987000000000000099e+01 4.728999999999999915e+01
-7.878200000000000500e+02 2.482999999999999829e+01 4.110000000000000320e+00
-7.882899999999999636e+02 9.099999999999999645e+00 3.602000000000000313e+01
-7.879900000000000091e+02 2.876999999999999957e+01 4.040000000000000036e+00
-7.878400000000000318e+02 1.848000000000000043e+01 1.035999999999999943e+01
-7.885299999999999727e+02 5.036999999999999744e+01 4.200000000000000000e+01
-7.881900000000000546e+02 1.642999999999999972e+01 2.600000000000000000e+01
-7.883099999999999454e+02 1.261999999999999922e+01 3.064000000000000057e+01
-7.877200000000000273e+02 1.560999999999999943e+01 1.755000000000000071e+01
-7.883099999999999454e+02 2.614000000000000057e+01 1.106000000000000050e+01
-7.886000000000000227e+02 4.010000000000000142e+01 4.572999999999999687e+01
-7.883999999999999773e+02 3.919999999999999929e+00 4.514000000000000057e+01
-7.883099999999999454e+02 2.060000000000000142e+01 1.766000000000000014e+01
-7.885299999999999727e+02 1.434999999999999964e+01 4.790999999999999659e+01
-7.881699999999999591e+02 3.657000000000000028e+01 0.000000000000000000e+00
-7.876499999999999773e+02 1.288000000000000078e+01 2.375000000000000000e+01
-7.885700000000000500e+02 2.119000000000000128e+01 4.724000000000000199e+01
-7.878600000000000136e+02 1.350000000000000000e+01 2.951999999999999957e+01
-7.883999999999999773e+02 1.520000000000000018e+00 4.792999999999999972e+01
-7.882000000000000455e+02 3.764999999999999858e+01 8.399999999999999689e-01
-7.882999999999999545e+02 2.062000000000000099e+01 1.760999999999999943e+01
-7.882799999999999727e+02 1.707999999999999829e+01 2.532999999999999829e+01
-7.879400000000000546e+02 3.128000000000000114e+01 1.229999999999999982e+00
-7.880599999999999454e+02 2.451999999999999957e+01 8.570000000000000284e+00
-7.876799999999999500e+02 1.331000000000000050e+01 2.450000000000000000e+01
-7.882899999999999636e+02 2.671999999999999886e+01 1.039000000000000057e+01
-7.882999999999999545e+02 1.089000000000000057e+01 3.525000000000000000e+01
-7.882799999999999727e+02 9.970000000000000639e+00 3.514000000000000057e+01
-7.884500000000000455e+02 8.890000000000000568e+00 4.746999999999999886e+01
-7.884900000000000091e+02 1.363000000000000078e+01 4.689999999999999858e+01
-7.880000000000000000e+02 1.730999999999999872e+01 1.263000000000000078e+01
-7.883200000000000500e+02 1.583000000000000007e+01 2.744000000000000128e+01
-7.881100000000000136e+02 2.421999999999999886e+01 1.191000000000000014e+01
-7.879500000000000455e+02 3.155999999999999872e+01 2.660000000000000142e+00
-7.878600000000000136e+02 1.599000000000000021e+01 1.808999999999999986e+01
-7.883899999999999864e+02 2.394999999999999929e+01 3.010999999999999943e+01
-7.884299999999999500e+02 3.989000000000000057e+01 3.813000000000000256e+01
-7.882400000000000091e+02 2.926999999999999957e+01 7.480000000000000426e+00
-7.876499999999999773e+02 2.364999999999999858e+01 3.149999999999999911e+00
-7.884800000000000182e+02 4.877000000000000313e+01 2.692000000000000171e+01
-7.884900000000000091e+02 2.610000000000000142e+01 4.192999999999999972e+01
-7.884400000000000546e+02 5.849999999999999645e+00 4.757000000000000028e+01
-7.885900000000000318e+02 2.558999999999999986e+01 4.842000000000000171e+01
-7.886100000000000136e+02 3.821000000000000085e+01 4.684000000000000341e+01
-7.878799999999999955e+02 2.383999999999999986e+01 4.870000000000000107e+00
-7.883700000000000045e+02 3.010999999999999943e+01 2.260999999999999943e+01
-7.877300000000000182e+02 2.489000000000000057e+01 1.040000000000000036e+00
-7.884700000000000273e+02 4.786999999999999744e+01 3.932999999999999829e+01
-7.878799999999999955e+02 1.552999999999999936e+01 2.126000000000000156e+01
-7.881100000000000136e+02 3.032999999999999829e+01 5.719999999999999751e+00
-7.877400000000000091e+02 2.596999999999999886e+01 2.700000000000000178e-01
-7.878400000000000318e+02 1.851000000000000156e+01 1.034999999999999964e+01
-7.878600000000000136e+02 1.410999999999999943e+01 2.851000000000000156e+01
-7.880800000000000409e+02 2.312999999999999901e+01 1.246000000000000085e+01
-7.878500000000000227e+02 2.144999999999999929e+01 7.379999999999999893e+00
-7.884800000000000182e+02 8.320000000000000284e+00 4.842999999999999972e+01
-7.882999999999999545e+02 9.589999999999999858e+00 3.636999999999999744e+01
-7.883400000000000318e+02 1.093999999999999950e+01 3.435999999999999943e+01
-7.882999999999999545e+02 2.398999999999999844e+01 1.356000000000000050e+01
-7.883099999999999454e+02 2.160999999999999943e+01 1.642000000000000171e+01
-7.877200000000000273e+02 2.487000000000000099e+01 1.030000000000000027e+00
-7.885099999999999909e+02 2.153000000000000114e+01 4.503999999999999915e+01
-7.884800000000000182e+02 1.427999999999999936e+01 4.610999999999999943e+01
-7.884299999999999500e+02 4.440000000000000391e+00 4.667999999999999972e+01
-7.884199999999999591e+02 2.073000000000000043e+01 4.067999999999999972e+01
-7.881699999999999591e+02 3.578999999999999915e+01 3.599999999999999867e-01
-7.885000000000000000e+02 9.099999999999999645e+00 4.852000000000000313e+01
-7.884500000000000455e+02 4.424000000000000199e+01 2.607000000000000028e+01
-7.882000000000000455e+02 1.503999999999999915e+01 3.017999999999999972e+01
-7.880700000000000500e+02 2.023999999999999844e+01 1.567999999999999972e+01
-7.880199999999999818e+02 2.873999999999999844e+01 5.780000000000000249e+00
-7.877400000000000091e+02 1.513000000000000078e+01 1.760999999999999943e+01
-7.876599999999999682e+02 2.350000000000000000e+01 3.350000000000000089e+00
-7.876900000000000546e+02 1.281000000000000050e+01 2.507999999999999829e+01
-7.884600000000000364e+02 9.740000000000000213e+00 4.746999999999999886e+01
-7.877599999999999909e+02 2.364000000000000057e+01 4.410000000000000142e+00
-7.884600000000000364e+02 3.492000000000000171e+01 3.989000000000000057e+01
-7.879500000000000455e+02 1.744000000000000128e+01 1.221000000000000085e+01
-7.880399999999999636e+02 3.167999999999999972e+01 1.879999999999999893e+00
-7.882999999999999545e+02 2.669000000000000128e+01 1.043999999999999950e+01
-7.878200000000000500e+02 1.310999999999999943e+01 2.526000000000000156e+01
-7.882400000000000091e+02 3.160999999999999943e+01 5.589999999999999858e+00
-7.884400000000000546e+02 2.898999999999999844e+01 3.924000000000000199e+01
-7.879900000000000091e+02 1.964000000000000057e+01 1.033000000000000007e+01
-7.886000000000000227e+02 2.957000000000000028e+01 4.682000000000000028e+01
-7.881100000000000136e+02 2.662000000000000099e+01 8.609999999999999432e+00
-7.878500000000000227e+02 2.832000000000000028e+01 8.800000000000000044e-01
-7.878300000000000409e+02 1.441999999999999993e+01 2.226000000000000156e+01
-7.885499999999999545e+02 4.665999999999999659e+01 4.390999999999999659e+01
-7.884299999999999500e+02 9.499999999999999556e-01 4.835999999999999943e+01
-7.880700000000000500e+02 2.801999999999999957e+01 8.320000000000000284e+00
-7.878999999999999773e+02 1.976999999999999957e+01 1.025999999999999979e+01
-7.884400000000000546e+02 4.297999999999999687e+01 2.610000000000000142e+01
-7.885199999999999818e+02 1.446000000000000085e+01 4.761999999999999744e+01
-7.882899999999999636e+02 2.666000000000000014e+01 1.047000000000000064e+01
-7.883099999999999454e+02 1.026999999999999957e+01 3.550999999999999801e+01
-7.883799999999999955e+02 2.233999999999999986e+01 3.121999999999999886e+01
-7.884099999999999682e+02 3.685000000000000142e+01 2.616000000000000014e+01
-7.881100000000000136e+02 2.521999999999999886e+01 1.141000000000000014e+01
-7.878700000000000045e+02 1.363000000000000078e+01 2.960999999999999943e+01
-7.884900000000000091e+02 1.008999999999999986e+01 4.806000000000000227e+01
-7.882899999999999636e+02 6.059999999999999609e+00 4.477000000000000313e+01
-7.880900000000000318e+02 2.807000000000000028e+01 7.570000000000000284e+00
-7.878799999999999955e+02 1.601999999999999957e+01 1.805999999999999872e+01
-7.885199999999999818e+02 2.298000000000000043e+01 4.435999999999999943e+01
-7.884900000000000091e+02 2.521000000000000085e+01 4.336999999999999744e+01
