-7.882500000000000000e+02 2.512999999999999901e+01 1.225000000000000000e+01
-7.883099999999999454e+02 2.060000000000000142e+01 1.766000000000000014e+01
-7.883799999999999955e+02 8.089999999999999858e+00 4.188000000000000256e+01
-7.885299999999999727e+02 1.434999999999999964e+01 4.790999999999999659e+01
-7.878200000000000500e+02 2.792000000000000171e+01 0.000000000000000000e+00
-7.879900000000000091e+02 2.830000000000000071e+01 3.040000000000000036e+00
-7.880299999999999727e+02 1.685000000000000142e+01 1.516999999999999993e+01
-7.886000000000000227e+02 4.010000000000000142e+01 4.572999999999999687e+01
-7.883099999999999454e+02 1.261999999999999922e+01 3.064000000000000057e+01
-7.881699999999999591e+02 3.617000000000000171e+01 0.000000000000000000e+00
-7.883700000000000045e+02 1.591999999999999993e+01 3.139000000000000057e+01
-7.876699999999999591e+02 2.562999999999999901e+01 4.000000000000000222e-01
-7.877200000000000273e+02 1.560999999999999943e+01 1.755000000000000071e+01
-7.885700000000000500e+02 2.119000000000000128e+01 4.724000000000000199e+01
-7.882999999999999545e+02 2.166000000000000014e+01 1.633999999999999986e+01
-7.883700000000000045e+02 1.266999999999999993e+01 3.742000000000000171e+01
-7.883999999999999773e+02 5.200000000000000178e-01 4.834000000000000341e+01
-7.885299999999999727e+02 5.036999999999999744e+01 4.200000000000000000e+01
-7.884900000000000091e+02 4.963000000000000256e+01 2.762999999999999901e+01
-7.885000000000000000e+02 9.050000000000000711e+00 4.856000000000000227e+01
-7.880499999999999545e+02 2.021999999999999886e+01 1.140000000000000036e+01
-7.883099999999999454e+02 2.614000000000000057e+01 1.106000000000000050e+01
-7.878600000000000136e+02 1.350000000000000000e+01 2.951999999999999957e+01
-7.879700000000000273e+02 3.253999999999999915e+01 0.000000000000000000e+00
-7.882699999999999818e+02 1.817999999999999972e+01 2.062000000000000099e+01
-7.878600000000000136e+02 1.996999999999999886e+01 7.559999999999999609e+00
-7.876499999999999773e+02 1.288000000000000078e+01 2.375000000000000000e+01
-7.882799999999999727e+02 9.970000000000000639e+00 3.514000000000000057e+01
-7.883500000000000227e+02 2.312000000000000099e+01 1.637000000000000099e+01
-7.876299999999999955e+02 2.308999999999999986e+01 4.070000000000000284e+00
-7.879299999999999500e+02 1.621000000000000085e+01 2.146999999999999886e+01
-7.882300000000000182e+02 2.869999999999999929e+01 8.150000000000000355e+00
-7.882000000000000455e+02 3.225999999999999801e+01 4.179999999999999716e+00
-7.878400000000000318e+02 1.848000000000000043e+01 1.035999999999999943e+01
-7.878200000000000500e+02 2.482999999999999829e+01 4.110000000000000320e+00
-7.883999999999999773e+02 3.850000000000000089e+00 4.428999999999999915e+01
-7.880299999999999727e+02 2.394999999999999929e+01 7.330000000000000071e+00
-7.886100000000000136e+02 2.987000000000000099e+01 4.728999999999999915e+01
-7.881900000000000546e+02 1.642999999999999972e+01 2.600000000000000000e+01
-7.883700000000000045e+02 2.044999999999999929e+01 2.705000000000000071e+01
-7.882999999999999545e+02 2.062000000000000099e+01 1.760999999999999943e+01
-7.879500000000000455e+02 1.744000000000000128e+01 1.221000000000000085e+01
-7.883600000000000136e+02 1.632999999999999829e+01 3.060999999999999943e+01
-7.878500000000000227e+02 2.832000000000000028e+01 8.800000000000000044e-01
-7.884400000000000546e+02 3.979999999999999716e+01 3.746000000000000085e+01
-7.884400000000000546e+02 1.407000000000000028e+01 4.496999999999999886e+01
-7.882000000000000455e+02 3.764999999999999858e+01 8.399999999999999689e-01
-7.885900000000000318e+02 2.558999999999999986e+01 4.842000000000000171e+01
-7.882000000000000455e+02 1.469999999999999929e+01 2.850000000000000000e+01
-7.876599999999999682e+02 1.275999999999999979e+01 2.430999999999999872e+01
-7.884400000000000546e+02 4.297999999999999687e+01 2.610000000000000142e+01
-7.879700000000000273e+02 2.564000000000000057e+01 5.830000000000000071e+00
-7.882899999999999636e+02 2.671999999999999886e+01 1.039000000000000057e+01
-7.882999999999999545e+02 2.398999999999999844e+01 1.356000000000000050e+01
-7.878799999999999955e+02 1.671999999999999886e+01 1.805000000000000071e+01
-7.884800000000000182e+02 7.089999999999999858e+00 4.835999999999999943e+01
-7.878600000000000136e+02 1.410999999999999943e+01 2.851000000000000156e+01
-7.876399999999999864e+02 2.357999999999999829e+01 3.660000000000000142e+00
-7.876399999999999864e+02 2.439999999999999858e+01 2.979999999999999982e+00
-7.881200000000000045e+02 2.848999999999999844e+01 9.250000000000000000e+00
-7.882400000000000091e+02 3.160999999999999943e+01 5.589999999999999858e+00
-7.884500000000000455e+02 4.424000000000000199e+01 2.607000000000000028e+01
-7.877799999999999727e+02 2.273999999999999844e+01 6.580000000000000071e+00
-7.879199999999999591e+02 1.939999999999999858e+01 1.038000000000000078e+01
-7.880700000000000500e+02 3.171999999999999886e+01 2.740000000000000213e+00
-7.880099999999999909e+02 1.694000000000000128e+01 1.299000000000000021e+01
-7.878200000000000500e+02 2.514999999999999858e+01 3.439999999999999947e+00
-7.885000000000000000e+02 1.288000000000000078e+01 4.727000000000000313e+01
-7.884800000000000182e+02 9.699999999999999289e+00 4.815999999999999659e+01
-7.884299999999999500e+02 9.499999999999999556e-01 4.835999999999999943e+01
-7.883999999999999773e+02 2.533999999999999986e+01 3.091000000000000014e+01
-7.886200000000000045e+02 3.914999999999999858e+01 4.692000000000000171e+01
-7.883899999999999864e+02 2.859999999999999876e+00 4.675999999999999801e+01
-7.884700000000000273e+02 4.786999999999999744e+01 3.932999999999999829e+01
-7.884900000000000091e+02 2.389999999999999858e+01 4.185000000000000142e+01
-7.879700000000000273e+02 3.126999999999999957e+01 2.879999999999999893e+00
-7.878400000000000318e+02 1.440000000000000036e+01 2.221000000000000085e+01
-7.876900000000000546e+02 1.281000000000000050e+01 2.507999999999999829e+01
-7.880900000000000318e+02 2.342999999999999972e+01 1.156000000000000050e+01
-7.876599999999999682e+02 2.332999999999999829e+01 4.089999999999999858e+00
-7.885700000000000500e+02 3.085999999999999943e+01 4.639000000000000057e+01
-7.879400000000000546e+02 3.128000000000000114e+01 1.229999999999999982e+00
-7.881100000000000136e+02 3.032999999999999829e+01 5.719999999999999751e+00
-7.885199999999999818e+02 1.321000000000000085e+01 4.779999999999999716e+01
-7.883200000000000500e+02 1.583000000000000007e+01 2.744000000000000128e+01
-7.883099999999999454e+02 1.036999999999999922e+01 3.613000000000000256e+01
-7.885000000000000000e+02 9.099999999999999645e+00 4.852000000000000313e+01
-7.880399999999999636e+02 2.621999999999999886e+01 5.980000000000000426e+00
-7.882999999999999545e+02 2.394999999999999929e+01 1.360999999999999943e+01
-7.884199999999999591e+02 3.996000000000000085e+01 3.578000000000000114e+01
-7.880599999999999454e+02 1.887000000000000099e+01 1.366000000000000014e+01
-7.878600000000000136e+02 1.599000000000000021e+01 1.808999999999999986e+01
-7.877100000000000364e+02 2.362000000000000099e+01 4.139999999999999680e+00
-7.886100000000000136e+02 3.821000000000000085e+01 4.684000000000000341e+01
-7.882899999999999636e+02 2.244999999999999929e+01 1.541999999999999993e+01
-7.878799999999999955e+02 1.552999999999999936e+01 2.126000000000000156e+01
-7.877400000000000091e+02 2.596999999999999886e+01 2.700000000000000178e-01
-7.884400000000000546e+02 5.849999999999999645e+00 4.757000000000000028e+01
-7.881699999999999591e+02 3.578999999999999915e+01 3.599999999999999867e-01
-7.879900000000000091e+02 2.471999999999999886e+01 6.450000000000000178e+00
-7.877300000000000182e+02 2.489000000000000057e+01 1.040000000000000036e+00
-7.883799999999999955e+02 2.233999999999999986e+01 3.121999999999999886e+01
-7.879099999999999682e+02 2.085999999999999943e+01 7.290000000000000036e+00
-7.883999999999999773e+02 1.520000000000000018e+00 4.792999999999999972e+01
-7.885499999999999545e+02 4.665999999999999659e+01 4.390999999999999659e+01
-7.882899999999999636e+02 2.666000000000000014e+01 1.047000000000000064e+01
-7.883200000000000500e+02 8.089999999999999858e+00 4.017999999999999972e+01
-7.878400000000000318e+02 1.851000000000000156e+01 1.034999999999999964e+01
-7.882400000000000091e+02 2.926999999999999957e+01 7.480000000000000426e+00
-7.878200000000000500e+02 1.310999999999999943e+01 2.526000000000000156e+01
-7.883200000000000500e+02 2.339999999999999858e+01 1.427999999999999936e+01
-7.885299999999999727e+02 2.041000000000000014e+01 4.571000000000000085e+01
-7.884700000000000273e+02 4.893999999999999773e+01 2.605000000000000071e+01
-7.880199999999999818e+02 2.308999999999999986e+01 8.150000000000000355e+00
-7.880000000000000000e+02 1.730999999999999872e+01 1.263000000000000078e+01
-7.878999999999999773e+02 1.978999999999999915e+01 1.008999999999999986e+01
-7.880399999999999636e+02 3.167999999999999972e+01 1.879999999999999893e+00
-7.879900000000000091e+02 2.619000000000000128e+01 5.219999999999999751e+00
-7.883700000000000045e+02 3.010999999999999943e+01 2.260999999999999943e+01
-7.883200000000000500e+02 2.194999999999999929e+01 2.653000000000000114e+01
-7.885099999999999909e+02 2.153000000000000114e+01 4.503999999999999915e+01
-7.882999999999999545e+02 2.750000000000000000e+01 9.490000000000000213e+00
-7.885000000000000000e+02 1.078999999999999915e+01 4.834000000000000341e+01
-7.877400000000000091e+02 1.513000000000000078e+01 1.760999999999999943e+01
-7.877899999999999636e+02 2.441000000000000014e+01 4.750000000000000000e+00
-7.884800000000000182e+02 1.093999999999999950e+01 4.721000000000000085e+01
-7.884600000000000364e+02 3.492000000000000171e+01 3.989000000000000057e+01
-7.883899999999999864e+02 2.459999999999999964e+00 4.702000000000000313e+01
