-7.884900000000000091e+02 4.963000000000000256e+01 2.762999999999999901e+01
-7.878200000000000500e+02 2.792000000000000171e+01 0.000000000000000000e+00
-7.883700000000000045e+02 1.266999999999999993e+01 3.742000000000000171e+01
-7.879900000000000091e+02 2.789999999999999858e+01 3.669999999999999929e+00
-7.882799999999999727e+02 2.160999999999999943e+01 1.642000000000000171e+01
-7.883700000000000045e+02 1.598000000000000043e+01 3.135000000000000142e+01
-7.882000000000000455e+02 3.618999999999999773e+01 0.000000000000000000e+00
-7.880299999999999727e+02 2.394999999999999929e+01 7.330000000000000071e+00
-7.878899999999999864e+02 1.735000000000000142e+01 1.294999999999999929e+01
-7.881900000000000546e+02 1.642999999999999972e+01 2.600000000000000000e+01
-7.877200000000000273e+02 1.560999999999999943e+01 1.755000000000000071e+01
-7.883099999999999454e+02 2.614000000000000057e+01 1.106000000000000050e+01
-7.885700000000000500e+02 2.119000000000000128e+01 4.724000000000000199e+01
-7.880900000000000318e+02 7.200000000000000178e+00 4.157000000000000028e+01
-7.882300000000000182e+02 2.869999999999999929e+01 8.150000000000000355e+00
-7.883999999999999773e+02 3.850000000000000089e+00 4.428999999999999915e+01
-7.885299999999999727e+02 1.434999999999999964e+01 4.790999999999999659e+01
-7.876499999999999773e+02 1.288000000000000078e+01 2.375000000000000000e+01
-7.880499999999999545e+02 2.021999999999999886e+01 1.140000000000000036e+01
-7.886000000000000227e+02 4.010000000000000142e+01 4.572999999999999687e+01
-7.879299999999999500e+02 1.621000000000000085e+01 2.146999999999999886e+01
-7.880299999999999727e+02 1.685000000000000142e+01 1.516999999999999993e+01
-7.879700000000000273e+02 3.253999999999999915e+01 0.000000000000000000e+00
-7.883099999999999454e+02 2.060000000000000142e+01 1.766000000000000014e+01
-7.883799999999999955e+02 8.089999999999999858e+00 4.188000000000000256e+01
-7.883999999999999773e+02 5.200000000000000178e-01 4.834000000000000341e+01
-7.886100000000000136e+02 2.987000000000000099e+01 4.728999999999999915e+01
-7.876599999999999682e+02 2.562999999999999901e+01 3.900000000000000133e-01
-7.877799999999999727e+02 1.298000000000000043e+01 2.914000000000000057e+01
-7.885299999999999727e+02 5.002000000000000313e+01 4.196999999999999886e+01
-7.883099999999999454e+02 1.176999999999999957e+01 3.062999999999999901e+01
-7.882699999999999818e+02 1.817999999999999972e+01 2.062000000000000099e+01
-7.878200000000000500e+02 2.482999999999999829e+01 4.110000000000000320e+00
-7.882500000000000000e+02 2.512999999999999901e+01 1.225000000000000000e+01
-7.885000000000000000e+02 9.050000000000000711e+00 4.856000000000000227e+01
-7.882000000000000455e+02 3.222999999999999687e+01 4.179999999999999716e+00
-7.883700000000000045e+02 2.044999999999999929e+01 2.705000000000000071e+01
-7.883500000000000227e+02 2.312000000000000099e+01 1.637000000000000099e+01
-7.878600000000000136e+02 1.996999999999999886e+01 7.559999999999999609e+00
-7.876299999999999955e+02 2.308999999999999986e+01 4.070000000000000284e+00
-7.884299999999999500e+02 1.060000000000000053e+00 4.835000000000000142e+01
-7.881900000000000546e+02 3.581000000000000227e+01 1.250000000000000000e+00
-7.883400000000000318e+02 8.640000000000000568e+00 3.903000000000000114e+01
-7.883799999999999955e+02 2.233999999999999986e+01 3.121999999999999886e+01
-7.883999999999999773e+02 1.614000000000000057e+01 4.171000000000000085e+01
-7.878999999999999773e+02 1.958999999999999986e+01 1.038000000000000078e+01
-7.884600000000000364e+02 4.050999999999999801e+01 2.655000000000000071e+01
-7.880900000000000318e+02 2.526999999999999957e+01 1.000000000000000000e+01
-7.885000000000000000e+02 1.957000000000000028e+01 4.506000000000000227e+01
-7.883099999999999454e+02 2.758999999999999986e+01 9.380000000000000782e+00
-7.878799999999999955e+02 1.671999999999999886e+01 1.805000000000000071e+01
-7.878400000000000318e+02 1.466999999999999993e+01 2.208999999999999986e+01
-7.876699999999999591e+02 2.562999999999999901e+01 4.000000000000000222e-01
-7.880299999999999727e+02 2.648999999999999844e+01 4.750000000000000000e+00
-7.882999999999999545e+02 2.635000000000000142e+01 1.080000000000000071e+01
-7.885000000000000000e+02 9.259999999999999787e+00 4.853000000000000114e+01
-7.884099999999999682e+02 2.153999999999999915e+01 3.899000000000000199e+01
-7.876599999999999682e+02 2.332999999999999829e+01 4.089999999999999858e+00
-7.882400000000000091e+02 3.160999999999999943e+01 5.589999999999999858e+00
-7.878200000000000500e+02 1.310999999999999943e+01 2.526000000000000156e+01
-7.880599999999999454e+02 3.191000000000000014e+01 2.450000000000000178e+00
-7.886100000000000136e+02 3.778999999999999915e+01 4.621999999999999886e+01
-7.883899999999999864e+02 6.309999999999999609e+00 4.336999999999999744e+01
-7.885499999999999545e+02 4.664000000000000057e+01 4.390999999999999659e+01
-7.882999999999999545e+02 2.062000000000000099e+01 1.760999999999999943e+01
-7.884900000000000091e+02 1.557000000000000028e+01 4.625000000000000000e+01
-7.878400000000000318e+02 1.851000000000000156e+01 1.034999999999999964e+01
-7.884700000000000273e+02 4.403999999999999915e+01 2.621999999999999886e+01
-7.880299999999999727e+02 1.687000000000000099e+01 1.483000000000000007e+01
-7.882799999999999727e+02 9.970000000000000639e+00 3.514000000000000057e+01
-7.877999999999999545e+02 2.526000000000000156e+01 1.030000000000000027e+00
-7.884199999999999591e+02 3.860000000000000142e+01 3.536999999999999744e+01
-7.882599999999999909e+02 1.914999999999999858e+01 1.941000000000000014e+01
-7.876599999999999682e+02 1.275999999999999979e+01 2.430999999999999872e+01
-7.877100000000000364e+02 2.364000000000000057e+01 4.089999999999999858e+00
-7.884500000000000455e+02 2.657000000000000028e+01 3.942000000000000171e+01
-7.883099999999999454e+02 2.389000000000000057e+01 1.368999999999999950e+01
-7.877500000000000000e+02 2.287999999999999901e+01 5.889999999999999680e+00
-7.884900000000000091e+02 9.189999999999999503e+00 4.822999999999999687e+01
-7.883799999999999955e+02 3.082000000000000028e+01 2.528999999999999915e+01
-7.885299999999999727e+02 4.664000000000000057e+01 4.282000000000000028e+01
-7.877400000000000091e+02 1.513000000000000078e+01 1.760999999999999943e+01
-7.883700000000000045e+02 3.109999999999999876e+00 4.522999999999999687e+01
-7.878200000000000500e+02 2.328999999999999915e+01 5.309999999999999609e+00
-7.881100000000000136e+02 3.032999999999999829e+01 5.719999999999999751e+00
-7.883600000000000136e+02 1.571000000000000085e+01 3.169999999999999929e+01
-7.879400000000000546e+02 3.119000000000000128e+01 1.229999999999999982e+00
-7.884700000000000273e+02 3.220000000000000284e+01 4.014000000000000057e+01
-7.879400000000000546e+02 2.300000000000000000e+01 7.429999999999999716e+00
-7.880599999999999454e+02 2.855000000000000071e+01 5.799999999999999822e+00
-7.885000000000000000e+02 1.657999999999999829e+01 4.603999999999999915e+01
-7.884099999999999682e+02 1.093999999999999950e+01 4.227000000000000313e+01
-7.881200000000000045e+02 2.807999999999999829e+01 8.630000000000000782e+00
-7.884500000000000455e+02 4.578999999999999915e+01 2.603999999999999915e+01
-7.878799999999999955e+02 1.552999999999999936e+01 2.126000000000000156e+01
-7.882599999999999909e+02 2.532000000000000028e+01 1.200999999999999979e+01
-7.880599999999999454e+02 1.887000000000000099e+01 1.366000000000000014e+01
-7.882899999999999636e+02 2.285999999999999943e+01 1.492999999999999972e+01
-7.884199999999999591e+02 2.390000000000000124e+00 4.770000000000000284e+01
-7.876900000000000546e+02 1.281000000000000050e+01 2.507999999999999829e+01
-7.878999999999999773e+02 1.978999999999999915e+01 1.008999999999999986e+01
-7.885000000000000000e+02 1.288000000000000078e+01 4.727000000000000313e+01
-7.880599999999999454e+02 1.896999999999999886e+01 1.284999999999999964e+01
-7.877300000000000182e+02 2.489000000000000057e+01 1.040000000000000036e+00
-7.885800000000000409e+02 2.437000000000000099e+01 4.786999999999999744e+01
-7.884400000000000546e+02 4.297999999999999687e+01 2.610000000000000142e+01
-7.885599999999999454e+02 2.751999999999999957e+01 4.522999999999999687e+01
-7.879500000000000455e+02 1.744000000000000128e+01 1.221000000000000085e+01
-7.876499999999999773e+02 2.339000000000000057e+01 3.700000000000000178e+00
-7.882899999999999636e+02 2.682000000000000028e+01 1.028999999999999915e+01
-7.877699999999999818e+02 2.571999999999999886e+01 2.500000000000000000e-01
-7.883400000000000318e+02 1.828999999999999915e+01 2.855000000000000071e+01
-7.881699999999999591e+02 3.578999999999999915e+01 3.599999999999999867e-01
-7.883500000000000227e+02 3.129999999999999893e+00 4.334000000000000341e+01
-7.878400000000000318e+02 2.330999999999999872e+01 5.419999999999999929e+00
-7.879900000000000091e+02 1.955999999999999872e+01 1.042999999999999972e+01
-7.882000000000000455e+02 3.209000000000000341e+01 4.330000000000000071e+00
-7.878400000000000318e+02 1.440000000000000036e+01 2.221000000000000085e+01
-7.886000000000000227e+02 3.902000000000000313e+01 4.577000000000000313e+01
-7.880099999999999909e+02 1.691000000000000014e+01 1.300999999999999979e+01
-7.882500000000000000e+02 2.510000000000000142e+01 1.230000000000000071e+01
-7.884500000000000455e+02 2.664000000000000057e+01 3.934000000000000341e+01
-7.882899999999999636e+02 2.666000000000000014e+01 1.047000000000000064e+01
-7.884099999999999682e+02 3.739999999999999858e+01 2.635999999999999943e+01
-7.884199999999999591e+02 1.009999999999999964e+01 4.520000000000000284e+01
-7.880800000000000409e+02 2.632000000000000028e+01 8.169999999999999929e+00
-7.878400000000000318e+02 1.848000000000000043e+01 1.035999999999999943e+01
-7.882999999999999545e+02 2.082000000000000028e+01 1.739999999999999858e+01
