-7.883999999999999773e+02 3.850000000000000089e+00 4.428999999999999915e+01
-7.885299999999999727e+02 5.078000000000000114e+01 4.168999999999999773e+01
-7.883099999999999454e+02 2.630000000000000071e+01 1.088000000000000078e+01
-7.878400000000000318e+02 2.441000000000000014e+01 3.700000000000000178e+00
-7.884700000000000273e+02 4.403999999999999915e+01 2.621999999999999886e+01
-7.885299999999999727e+02 1.434999999999999964e+01 4.790999999999999659e+01
-7.883099999999999454e+02 1.176999999999999957e+01 3.062999999999999901e+01
-7.879299999999999500e+02 1.621000000000000085e+01 2.146999999999999886e+01
-7.882000000000000455e+02 3.618999999999999773e+01 0.000000000000000000e+00
-7.885700000000000500e+02 2.119000000000000128e+01 4.724000000000000199e+01
-7.886000000000000227e+02 4.010000000000000142e+01 4.572999999999999687e+01
-7.885000000000000000e+02 9.050000000000000711e+00 4.856000000000000227e+01
-7.883099999999999454e+02 1.701000000000000156e+01 2.685999999999999943e+01
-7.878200000000000500e+02 2.792000000000000171e+01 0.000000000000000000e+00
-7.882500000000000000e+02 2.510000000000000142e+01 1.230000000000000071e+01
-7.880499999999999545e+02 2.021999999999999886e+01 1.140000000000000036e+01
-7.882899999999999636e+02 9.470000000000000639e+00 3.538000000000000256e+01
-7.883700000000000045e+02 2.044999999999999929e+01 2.705000000000000071e+01
-7.878500000000000227e+02 1.830999999999999872e+01 1.065000000000000036e+01
-7.883500000000000227e+02 2.312000000000000099e+01 1.637000000000000099e+01
-7.877200000000000273e+02 1.560999999999999943e+01 1.755000000000000071e+01
-7.876599999999999682e+02 2.562999999999999901e+01 3.900000000000000133e-01
-7.883999999999999773e+02 5.200000000000000178e-01 4.834000000000000341e+01
-7.878600000000000136e+02 1.994000000000000128e+01 7.549999999999999822e+00
-7.883200000000000500e+02 2.182999999999999829e+01 2.085999999999999943e+01
-7.879900000000000091e+02 2.780000000000000071e+01 3.629999999999999893e+00
-7.878400000000000318e+02 1.383999999999999986e+01 2.935999999999999943e+01
-7.883700000000000045e+02 1.598000000000000043e+01 3.135000000000000142e+01
-7.880299999999999727e+02 2.394999999999999929e+01 7.330000000000000071e+00
-7.883700000000000045e+02 1.266999999999999993e+01 3.742000000000000171e+01
-7.876299999999999955e+02 2.308999999999999986e+01 4.070000000000000284e+00
-7.882699999999999818e+02 1.817999999999999972e+01 2.062000000000000099e+01
-7.880299999999999727e+02 1.685000000000000142e+01 1.516999999999999993e+01
-7.882799999999999727e+02 2.160999999999999943e+01 1.642000000000000171e+01
-7.882000000000000455e+02 3.222999999999999687e+01 4.179999999999999716e+00
-7.882100000000000364e+02 2.848999999999999844e+01 8.380000000000000782e+00
-7.876499999999999773e+02 1.288000000000000078e+01 2.375000000000000000e+01
-7.879700000000000273e+02 3.253999999999999915e+01 0.000000000000000000e+00
-7.886100000000000136e+02 2.987000000000000099e+01 4.728999999999999915e+01
-7.883700000000000045e+02 8.150000000000000355e+00 4.142000000000000171e+01
-7.878799999999999955e+02 1.671999999999999886e+01 1.805000000000000071e+01
-7.881699999999999591e+02 3.578999999999999915e+01 3.599999999999999867e-01
-7.882599999999999909e+02 1.914999999999999858e+01 1.941000000000000014e+01
-7.883400000000000318e+02 1.776000000000000156e+01 2.919000000000000128e+01
-7.882899999999999636e+02 2.666000000000000014e+01 1.047000000000000064e+01
-7.881799999999999500e+02 3.207999999999999829e+01 4.330000000000000071e+00
-7.885599999999999454e+02 2.751999999999999957e+01 4.522999999999999687e+01
-7.883600000000000136e+02 1.169999999999999929e+01 4.029999999999999716e+01
-7.883799999999999955e+02 2.233999999999999986e+01 3.121999999999999886e+01
-7.885199999999999818e+02 5.078000000000000114e+01 4.160999999999999943e+01
-7.879199999999999591e+02 2.344000000000000128e+01 8.029999999999999361e+00
-7.884400000000000546e+02 4.307000000000000028e+01 2.603999999999999915e+01
-7.883099999999999454e+02 2.069000000000000128e+01 1.753000000000000114e+01
-7.884199999999999591e+02 3.860000000000000142e+01 3.536999999999999744e+01
-7.884500000000000455e+02 4.321000000000000085e+01 2.607000000000000028e+01
-7.879700000000000273e+02 1.748000000000000043e+01 1.213000000000000078e+01
-7.878200000000000500e+02 1.310999999999999943e+01 2.526000000000000156e+01
-7.878600000000000136e+02 2.373000000000000043e+01 5.349999999999999645e+00
-7.876499999999999773e+02 2.339000000000000057e+01 3.700000000000000178e+00
-7.876599999999999682e+02 1.275999999999999979e+01 2.430999999999999872e+01
-7.883400000000000318e+02 8.640000000000000568e+00 3.903000000000000114e+01
-7.882799999999999727e+02 9.970000000000000639e+00 3.514000000000000057e+01
-7.885199999999999818e+02 1.508999999999999986e+01 4.747999999999999687e+01
-7.882500000000000000e+02 2.523000000000000043e+01 1.211999999999999922e+01
-7.885000000000000000e+02 9.259999999999999787e+00 4.853000000000000114e+01
-7.880000000000000000e+02 2.019000000000000128e+01 1.016000000000000014e+01
-7.879299999999999500e+02 3.200999999999999801e+01 8.800000000000000044e-01
-7.883099999999999454e+02 2.758999999999999986e+01 9.380000000000000782e+00
-7.884199999999999591e+02 2.390000000000000124e+00 4.770000000000000284e+01
-7.880000000000000000e+02 1.705999999999999872e+01 1.283999999999999986e+01
-7.878999999999999773e+02 1.978999999999999915e+01 1.008999999999999986e+01
-7.883899999999999864e+02 6.309999999999999609e+00 4.336999999999999744e+01
-7.884700000000000273e+02 1.821999999999999886e+01 4.329999999999999716e+01
-7.879199999999999591e+02 2.608999999999999986e+01 5.219999999999999751e+00
-7.877200000000000273e+02 2.521000000000000085e+01 8.100000000000000533e-01
-7.878400000000000318e+02 1.466999999999999993e+01 2.208999999999999986e+01
-7.882300000000000182e+02 1.446000000000000085e+01 3.030000000000000071e+01
-7.878300000000000409e+02 2.758999999999999986e+01 1.719999999999999973e+00
-7.886100000000000136e+02 3.778999999999999915e+01 4.621999999999999886e+01
-7.883099999999999454e+02 2.512999999999999901e+01 1.225000000000000000e+01
-7.877999999999999545e+02 2.526000000000000156e+01 1.030000000000000027e+00
-7.877400000000000091e+02 1.513000000000000078e+01 1.760999999999999943e+01
-7.879099999999999682e+02 2.685000000000000142e+01 4.400000000000000355e+00
-7.882999999999999545e+02 2.735999999999999943e+01 9.640000000000000568e+00
-7.882000000000000455e+02 3.500999999999999801e+01 1.189999999999999947e+00
-7.879400000000000546e+02 3.062999999999999901e+01 1.639999999999999902e+00
-7.884900000000000091e+02 4.959000000000000341e+01 2.605000000000000071e+01
-7.879900000000000091e+02 1.955999999999999872e+01 1.042999999999999972e+01
-7.880099999999999909e+02 1.691000000000000014e+01 1.300999999999999979e+01
-7.877500000000000000e+02 2.287999999999999901e+01 5.889999999999999680e+00
-7.880599999999999454e+02 3.314999999999999858e+01 3.250000000000000000e+00
-7.876599999999999682e+02 2.332999999999999829e+01 4.089999999999999858e+00
-7.885299999999999727e+02 4.664000000000000057e+01 4.282000000000000028e+01
-7.884299999999999500e+02 2.720000000000000195e+00 4.796999999999999886e+01
-7.880900000000000318e+02 2.667999999999999972e+01 7.650000000000000355e+00
-7.883999999999999773e+02 1.875000000000000000e+01 3.718999999999999773e+01
-7.885499999999999545e+02 1.798999999999999844e+01 4.813000000000000256e+01
-7.878400000000000318e+02 1.851000000000000156e+01 1.034999999999999964e+01
-7.883400000000000318e+02 1.828999999999999915e+01 2.855000000000000071e+01
-7.883700000000000045e+02 1.259999999999999964e+01 3.742999999999999972e+01
-7.877100000000000364e+02 2.564000000000000057e+01 3.900000000000000133e-01
-7.884900000000000091e+02 1.271000000000000085e+01 4.707000000000000028e+01
-7.885900000000000318e+02 3.066000000000000014e+01 4.628000000000000114e+01
-7.878400000000000318e+02 1.418999999999999950e+01 2.794000000000000128e+01
-7.877599999999999909e+02 2.455999999999999872e+01 1.510000000000000009e+00
-7.884199999999999591e+02 4.011999999999999744e+01 2.614000000000000057e+01
-7.884900000000000091e+02 9.429999999999999716e+00 4.820000000000000284e+01
-7.877100000000000364e+02 1.319999999999999929e+01 2.458999999999999986e+01
-7.883899999999999864e+02 1.469999999999999973e+00 4.734000000000000341e+01
-7.883099999999999454e+02 2.614000000000000057e+01 1.106000000000000050e+01
-7.884299999999999500e+02 3.221000000000000085e+01 3.593999999999999773e+01
-7.878799999999999955e+02 1.552999999999999936e+01 2.126000000000000156e+01
-7.882999999999999545e+02 2.096000000000000085e+01 1.719999999999999929e+01
-7.883500000000000227e+02 7.990000000000000213e+00 4.046000000000000085e+01
-7.883799999999999955e+02 3.082000000000000028e+01 2.528999999999999915e+01
-7.885900000000000318e+02 4.049000000000000199e+01 4.556000000000000227e+01
-7.883500000000000227e+02 1.007000000000000028e+01 3.986999999999999744e+01
-7.885199999999999818e+02 1.748000000000000043e+01 4.746999999999999886e+01
-7.883799999999999955e+02 2.198999999999999844e+01 3.160999999999999943e+01
-7.877300000000000182e+02 2.489000000000000057e+01 1.040000000000000036e+00
-7.883899999999999864e+02 5.230000000000000426e+00 4.342999999999999972e+01
-7.882000000000000455e+02 3.209000000000000341e+01 4.330000000000000071e+00
-7.884900000000000091e+02 9.029999999999999361e+00 4.860000000000000142e+01
-7.882999999999999545e+02 2.541000000000000014e+01 1.193999999999999950e+01
-7.881699999999999591e+02 3.574000000000000199e+01 4.099999999999999756e-01
-7.885199999999999818e+02 2.423000000000000043e+01 4.571000000000000085e+01
-7.885299999999999727e+02 5.002000000000000313e+01 4.196999999999999886e+01
-7.882999999999999545e+02 2.082000000000000028e+01 1.739999999999999858e+01
