-7.882000000000000455e+02 3.618999999999999773e+01 0.000000000000000000e+00
-7.883700000000000045e+02 8.150000000000000355e+00 4.142000000000000171e+01
-7.886000000000000227e+02 4.010000000000000142e+01 4.572999999999999687e+01
-7.876499999999999773e+02 1.288000000000000078e+01 2.375000000000000000e+01
-7.878400000000000318e+02 2.441000000000000014e+01 3.700000000000000178e+00
-7.880499999999999545e+02 2.021999999999999886e+01 1.140000000000000036e+01
-7.883200000000000500e+02 2.117000000000000171e+01 1.948999999999999844e+01
-7.886100000000000136e+02 2.987000000000000099e+01 4.728999999999999915e+01
-7.883700000000000045e+02 2.044999999999999929e+01 2.705000000000000071e+01
-7.882500000000000000e+02 2.510000000000000142e+01 1.230000000000000071e+01
-7.883099999999999454e+02 1.176999999999999957e+01 3.062999999999999901e+01
-7.885700000000000500e+02 2.119000000000000128e+01 4.724000000000000199e+01
-7.883999999999999773e+02 3.850000000000000089e+00 4.428999999999999915e+01
-7.878500000000000227e+02 1.830999999999999872e+01 1.065000000000000036e+01
-7.884700000000000273e+02 4.403999999999999915e+01 2.621999999999999886e+01
-7.879299999999999500e+02 1.621000000000000085e+01 2.146999999999999886e+01
-7.885299999999999727e+02 5.078000000000000114e+01 4.168999999999999773e+01
-7.882899999999999636e+02 9.470000000000000639e+00 3.538000000000000256e+01
-7.882799999999999727e+02 2.160999999999999943e+01 1.642000000000000171e+01
-7.878200000000000500e+02 2.792000000000000171e+01 0.000000000000000000e+00
-7.883700000000000045e+02 1.266999999999999993e+01 3.742000000000000171e+01
-7.880299999999999727e+02 1.685000000000000142e+01 1.516999999999999993e+01
-7.879900000000000091e+02 2.780000000000000071e+01 3.629999999999999893e+00
-7.883099999999999454e+02 2.630000000000000071e+01 1.088000000000000078e+01
-7.878400000000000318e+02 1.383999999999999986e+01 2.935999999999999943e+01
-7.882699999999999818e+02 1.817999999999999972e+01 2.062000000000000099e+01
-7.883099999999999454e+02 1.701000000000000156e+01 2.685999999999999943e+01
-7.876599999999999682e+02 2.562999999999999901e+01 3.900000000000000133e-01
-7.879700000000000273e+02 3.253999999999999915e+01 0.000000000000000000e+00
-7.878600000000000136e+02 1.994000000000000128e+01 7.549999999999999822e+00
-7.882100000000000364e+02 2.848999999999999844e+01 8.380000000000000782e+00
-7.877200000000000273e+02 1.560999999999999943e+01 1.755000000000000071e+01
-7.883700000000000045e+02 1.598000000000000043e+01 3.135000000000000142e+01
-7.880299999999999727e+02 2.394999999999999929e+01 7.330000000000000071e+00
-7.876299999999999955e+02 2.308999999999999986e+01 4.070000000000000284e+00
-7.883999999999999773e+02 5.200000000000000178e-01 4.834000000000000341e+01
-7.885299999999999727e+02 1.434999999999999964e+01 4.790999999999999659e+01
-7.882000000000000455e+02 3.222999999999999687e+01 4.179999999999999716e+00
-7.883500000000000227e+02 2.312000000000000099e+01 1.637000000000000099e+01
-7.885000000000000000e+02 9.050000000000000711e+00 4.856000000000000227e+01
-7.883600000000000136e+02 2.701999999999999957e+01 2.137000000000000099e+01
-7.877100000000000364e+02 1.319999999999999929e+01 2.458999999999999986e+01
-7.877100000000000364e+02 2.564000000000000057e+01 3.900000000000000133e-01
-7.885499999999999545e+02 1.798999999999999844e+01 4.813000000000000256e+01
-7.883700000000000045e+02 1.259999999999999964e+01 3.742999999999999972e+01
-7.884800000000000182e+02 9.099999999999999645e+00 4.818999999999999773e+01
-7.884900000000000091e+02 4.959000000000000341e+01 2.605000000000000071e+01
-7.876599999999999682e+02 2.332999999999999829e+01 4.089999999999999858e+00
-7.878200000000000500e+02 1.310999999999999943e+01 2.526000000000000156e+01
-7.880599999999999454e+02 3.314999999999999858e+01 3.250000000000000000e+00
-7.882799999999999727e+02 9.970000000000000639e+00 3.514000000000000057e+01
-7.885299999999999727e+02 5.002000000000000313e+01 4.196999999999999886e+01
-7.881000000000000227e+02 3.030000000000000071e+01 6.519999999999999574e+00
-7.884900000000000091e+02 3.679999999999999716e+01 4.211999999999999744e+01
-7.880700000000000500e+02 3.014999999999999858e+01 4.549999999999999822e+00
-7.883099999999999454e+02 2.614000000000000057e+01 1.106000000000000050e+01
-7.877599999999999909e+02 2.455999999999999872e+01 1.510000000000000009e+00
-7.879199999999999591e+02 2.344000000000000128e+01 8.029999999999999361e+00
-7.883999999999999773e+02 3.778999999999999915e+01 2.619000000000000128e+01
-7.885099999999999909e+02 2.501999999999999957e+01 4.506000000000000227e+01
-7.883500000000000227e+02 1.580000000000000071e+01 3.409000000000000341e+01
-7.878400000000000318e+02 1.851000000000000156e+01 1.034999999999999964e+01
-7.882999999999999545e+02 2.096000000000000085e+01 1.719999999999999929e+01
-7.883099999999999454e+02 2.512999999999999901e+01 1.225000000000000000e+01
-7.880099999999999909e+02 1.691000000000000014e+01 1.300999999999999979e+01
-7.882599999999999909e+02 1.914999999999999858e+01 1.941000000000000014e+01
-7.879299999999999500e+02 3.200999999999999801e+01 8.800000000000000044e-01
-7.879500000000000455e+02 2.132000000000000028e+01 1.000999999999999979e+01
-7.882300000000000182e+02 1.446000000000000085e+01 3.030000000000000071e+01
-7.883899999999999864e+02 2.778000000000000114e+01 3.137000000000000099e+01
-7.878400000000000318e+02 1.447000000000000064e+01 2.201000000000000156e+01
-7.878300000000000409e+02 3.132999999999999829e+01 1.449999999999999956e+00
-7.885000000000000000e+02 1.280000000000000071e+01 4.757000000000000028e+01
-7.877500000000000000e+02 2.287999999999999901e+01 5.889999999999999680e+00
-7.884900000000000091e+02 9.029999999999999361e+00 4.860000000000000142e+01
-7.883500000000000227e+02 4.610000000000000320e+00 4.252000000000000313e+01
-7.883899999999999864e+02 1.469999999999999973e+00 4.734000000000000341e+01
-7.877400000000000091e+02 1.513000000000000078e+01 1.760999999999999943e+01
-7.881699999999999591e+02 3.578999999999999915e+01 3.599999999999999867e-01
-7.879199999999999591e+02 1.871999999999999886e+01 1.069999999999999929e+01
-7.883799999999999955e+02 2.128000000000000114e+01 3.300000000000000000e+01
-7.882599999999999909e+02 1.921999999999999886e+01 1.930999999999999872e+01
-7.878799999999999955e+02 1.671999999999999886e+01 1.805000000000000071e+01
-7.879400000000000546e+02 3.062999999999999901e+01 1.639999999999999902e+00
-7.884400000000000546e+02 4.307000000000000028e+01 2.603999999999999915e+01
-7.882999999999999545e+02 2.735999999999999943e+01 9.640000000000000568e+00
-7.886000000000000227e+02 3.818999999999999773e+01 4.613000000000000256e+01
-7.880000000000000000e+02 1.705999999999999872e+01 1.283999999999999986e+01
-7.885299999999999727e+02 1.591000000000000014e+01 4.772999999999999687e+01
-7.884500000000000455e+02 4.321000000000000085e+01 2.607000000000000028e+01
-7.883799999999999955e+02 3.520000000000000018e+00 4.390999999999999659e+01
-7.879600000000000364e+02 2.471000000000000085e+01 4.500000000000000000e+00
-7.883200000000000500e+02 1.648999999999999844e+01 3.073000000000000043e+01
-7.878600000000000136e+02 2.373000000000000043e+01 5.349999999999999645e+00
-7.880900000000000318e+02 2.667999999999999972e+01 7.650000000000000355e+00
-7.883400000000000318e+02 8.640000000000000568e+00 3.903000000000000114e+01
-7.881799999999999500e+02 3.207999999999999829e+01 4.330000000000000071e+00
-7.878500000000000227e+02 1.400000000000000000e+01 2.942999999999999972e+01
-7.877999999999999545e+02 2.526000000000000156e+01 1.030000000000000027e+00
-7.884199999999999591e+02 2.390000000000000124e+00 4.770000000000000284e+01
-7.881699999999999591e+02 3.572999999999999687e+01 4.099999999999999756e-01
-7.878799999999999955e+02 1.552999999999999936e+01 2.126000000000000156e+01
-7.876599999999999682e+02 1.275999999999999979e+01 2.430999999999999872e+01
-7.880900000000000318e+02 2.289999999999999858e+01 1.089000000000000057e+01
-7.877200000000000273e+02 2.521000000000000085e+01 8.100000000000000533e-01
-7.876499999999999773e+02 2.339000000000000057e+01 3.700000000000000178e+00
-7.884900000000000091e+02 1.556000000000000050e+01 4.557000000000000028e+01
-7.885000000000000000e+02 9.259999999999999787e+00 4.853000000000000114e+01
-7.883099999999999454e+02 2.087000000000000099e+01 1.732000000000000028e+01
-7.885199999999999818e+02 4.889000000000000057e+01 4.192000000000000171e+01
-7.885399999999999636e+02 2.214999999999999858e+01 4.654999999999999716e+01
-7.885900000000000318e+02 3.066000000000000014e+01 4.628000000000000114e+01
-7.877200000000000273e+02 2.282000000000000028e+01 6.370000000000000107e+00
-7.882899999999999636e+02 2.666000000000000014e+01 1.047000000000000064e+01
-7.883999999999999773e+02 3.335000000000000142e+01 2.628999999999999915e+01
-7.882999999999999545e+02 2.541000000000000014e+01 1.193999999999999950e+01
-7.878999999999999773e+02 1.978999999999999915e+01 1.008999999999999986e+01
-7.883300000000000409e+02 1.789000000000000057e+01 2.664000000000000057e+01
-7.885000000000000000e+02 9.720000000000000639e+00 4.850999999999999801e+01
-7.879700000000000273e+02 1.748000000000000043e+01 1.213000000000000078e+01
-7.877699999999999818e+02 2.360999999999999943e+01 3.819999999999999840e+00
-7.884099999999999682e+02 2.007999999999999829e+01 3.859000000000000341e+01
-7.883700000000000045e+02 1.021000000000000085e+01 3.760000000000000142e+01
-7.878400000000000318e+02 1.418999999999999950e+01 2.794000000000000128e+01
-7.883799999999999955e+02 3.082000000000000028e+01 2.528999999999999915e+01
-7.885199999999999818e+02 5.078000000000000114e+01 4.160999999999999943e+01
-7.878300000000000409e+02 2.758999999999999986e+01 1.719999999999999973e+00
-7.882000000000000455e+02 3.500999999999999801e+01 1.189999999999999947e+00
