-7.885299999999999727e+02 5.078000000000000114e+01 4.168999999999999773e+01
-7.878600000000000136e+02 1.994000000000000128e+01 7.549999999999999822e+00
-7.878400000000000318e+02 1.383999999999999986e+01 2.935999999999999943e+01
-7.886000000000000227e+02 4.010000000000000142e+01 4.572999999999999687e+01
-7.876499999999999773e+02 1.288000000000000078e+01 2.375000000000000000e+01
-7.883099999999999454e+02 1.701000000000000156e+01 2.685999999999999943e+01
-7.876200000000000045e+02 2.305999999999999872e+01 4.370000000000000107e+00
-7.880000000000000000e+02 2.787999999999999901e+01 3.720000000000000195e+00
-7.876599999999999682e+02 2.562999999999999901e+01 3.900000000000000133e-01
-7.883700000000000045e+02 8.150000000000000355e+00 4.142000000000000171e+01
-7.880299999999999727e+02 1.685000000000000142e+01 1.516999999999999993e+01
-7.883500000000000227e+02 2.312000000000000099e+01 1.637000000000000099e+01
-7.882500000000000000e+02 2.510000000000000142e+01 1.230000000000000071e+01
-7.882000000000000455e+02 3.222999999999999687e+01 4.179999999999999716e+00
-7.885000000000000000e+02 9.050000000000000711e+00 4.856000000000000227e+01
-7.878400000000000318e+02 2.441000000000000014e+01 3.700000000000000178e+00
-7.883099999999999454e+02 2.630000000000000071e+01 1.088000000000000078e+01
-7.880499999999999545e+02 2.021999999999999886e+01 1.140000000000000036e+01
-7.883700000000000045e+02 1.266999999999999993e+01 3.742000000000000171e+01
-7.880299999999999727e+02 2.394999999999999929e+01 7.330000000000000071e+00
-7.884700000000000273e+02 4.403999999999999915e+01 2.621999999999999886e+01
-7.882100000000000364e+02 2.848999999999999844e+01 8.380000000000000782e+00
-7.885299999999999727e+02 1.434999999999999964e+01 4.790999999999999659e+01
-7.879700000000000273e+02 3.253999999999999915e+01 0.000000000000000000e+00
-7.883700000000000045e+02 1.600000000000000000e+01 3.133999999999999986e+01
-7.882899999999999636e+02 9.470000000000000639e+00 3.538000000000000256e+01
-7.883200000000000500e+02 2.117000000000000171e+01 1.948999999999999844e+01
-7.883999999999999773e+02 5.200000000000000178e-01 4.834000000000000341e+01
-7.885700000000000500e+02 2.119000000000000128e+01 4.724000000000000199e+01
-7.886100000000000136e+02 2.987000000000000099e+01 4.728999999999999915e+01
-7.878500000000000227e+02 1.830999999999999872e+01 1.065000000000000036e+01
-7.883099999999999454e+02 1.176999999999999957e+01 3.062999999999999901e+01
-7.882699999999999818e+02 1.817999999999999972e+01 2.062000000000000099e+01
-7.883999999999999773e+02 3.850000000000000089e+00 4.428999999999999915e+01
-7.879299999999999500e+02 1.621000000000000085e+01 2.146999999999999886e+01
-7.877200000000000273e+02 1.560999999999999943e+01 1.755000000000000071e+01
-7.882000000000000455e+02 3.618999999999999773e+01 0.000000000000000000e+00
-7.878200000000000500e+02 2.792000000000000171e+01 0.000000000000000000e+00
-7.882799999999999727e+02 2.160999999999999943e+01 1.642000000000000171e+01
-7.883700000000000045e+02 2.044999999999999929e+01 2.705000000000000071e+01
-7.884600000000000364e+02 4.030000000000000249e+00 4.863000000000000256e+01
-7.883099999999999454e+02 9.599999999999999645e+00 3.764999999999999858e+01
-7.885299999999999727e+02 1.591000000000000014e+01 4.772999999999999687e+01
-7.878400000000000318e+02 1.418999999999999950e+01 2.794000000000000128e+01
-7.880700000000000500e+02 3.014999999999999858e+01 4.549999999999999822e+00
-7.877699999999999818e+02 2.360999999999999943e+01 3.819999999999999840e+00
-7.883799999999999955e+02 3.082000000000000028e+01 2.528999999999999915e+01
-7.877200000000000273e+02 2.282000000000000028e+01 6.330000000000000071e+00
-7.879400000000000546e+02 2.414000000000000057e+01 6.610000000000000320e+00
-7.877200000000000273e+02 2.521000000000000085e+01 8.100000000000000533e-01
-7.879500000000000455e+02 2.978999999999999915e+01 1.350000000000000089e+00
-7.884099999999999682e+02 1.260000000000000009e+00 4.786999999999999744e+01
-7.878799999999999955e+02 1.671999999999999886e+01 1.805000000000000071e+01
-7.878899999999999864e+02 1.678999999999999915e+01 2.078999999999999915e+01
-7.880199999999999818e+02 2.228999999999999915e+01 9.859999999999999432e+00
-7.882999999999999545e+02 2.096000000000000085e+01 1.719999999999999929e+01
-7.880099999999999909e+02 1.691000000000000014e+01 1.300999999999999979e+01
-7.877100000000000364e+02 1.319999999999999929e+01 2.458999999999999986e+01
-7.882799999999999727e+02 9.970000000000000639e+00 3.514000000000000057e+01
-7.885299999999999727e+02 5.002000000000000313e+01 4.196999999999999886e+01
-7.878600000000000136e+02 1.887999999999999901e+01 1.024000000000000021e+01
-7.882899999999999636e+02 2.666000000000000014e+01 1.047000000000000064e+01
-7.885800000000000409e+02 2.501000000000000156e+01 4.820000000000000284e+01
-7.884900000000000091e+02 9.029999999999999361e+00 4.860000000000000142e+01
-7.884400000000000546e+02 4.307000000000000028e+01 2.603999999999999915e+01
-7.883700000000000045e+02 1.021000000000000085e+01 3.760000000000000142e+01
-7.882300000000000182e+02 2.817999999999999972e+01 8.689999999999999503e+00
-7.885099999999999909e+02 2.501999999999999957e+01 4.506000000000000227e+01
-7.882999999999999545e+02 2.541000000000000014e+01 1.193999999999999950e+01
-7.877999999999999545e+02 2.526000000000000156e+01 1.030000000000000027e+00
-7.883899999999999864e+02 2.778000000000000114e+01 3.137000000000000099e+01
-7.884500000000000455e+02 4.321000000000000085e+01 2.607000000000000028e+01
-7.881799999999999500e+02 3.207999999999999829e+01 4.330000000000000071e+00
-7.882599999999999909e+02 1.914999999999999858e+01 1.941000000000000014e+01
-7.882000000000000455e+02 3.500999999999999801e+01 1.189999999999999947e+00
-7.885800000000000409e+02 4.295000000000000284e+01 4.532000000000000028e+01
-7.876299999999999955e+02 2.308999999999999986e+01 4.070000000000000284e+00
-7.883300000000000409e+02 1.646999999999999886e+01 3.110999999999999943e+01
-7.882300000000000182e+02 1.398000000000000043e+01 3.030000000000000071e+01
-7.882799999999999727e+02 2.703999999999999915e+01 1.002999999999999936e+01
-7.886000000000000227e+02 3.818999999999999773e+01 4.613000000000000256e+01
-7.883099999999999454e+02 2.091000000000000014e+01 1.730000000000000071e+01
-7.883600000000000136e+02 2.701999999999999957e+01 2.137000000000000099e+01
-7.884199999999999591e+02 2.390000000000000124e+00 4.770000000000000284e+01
-7.877500000000000000e+02 2.287999999999999901e+01 5.889999999999999680e+00
-7.880800000000000409e+02 2.696000000000000085e+01 7.530000000000000249e+00
-7.878600000000000136e+02 2.373000000000000043e+01 5.349999999999999645e+00
-7.885000000000000000e+02 9.720000000000000639e+00 4.850999999999999801e+01
-7.878300000000000409e+02 2.758999999999999986e+01 1.719999999999999973e+00
-7.883099999999999454e+02 2.614000000000000057e+01 1.106000000000000050e+01
-7.876599999999999682e+02 2.332999999999999829e+01 4.089999999999999858e+00
-7.876599999999999682e+02 1.275999999999999979e+01 2.430999999999999872e+01
-7.878200000000000500e+02 1.310999999999999943e+01 2.526000000000000156e+01
-7.884700000000000273e+02 2.807000000000000028e+01 4.232999999999999829e+01
-7.879299999999999500e+02 3.200999999999999801e+01 8.800000000000000044e-01
-7.880499999999999545e+02 3.114999999999999858e+01 2.720000000000000195e+00
-7.884500000000000455e+02 7.019999999999999574e+00 4.693999999999999773e+01
-7.884400000000000546e+02 4.357000000000000028e+01 2.603000000000000114e+01
-7.883300000000000409e+02 1.789000000000000057e+01 2.664000000000000057e+01
-7.878799999999999955e+02 1.552999999999999936e+01 2.126000000000000156e+01
-7.877400000000000091e+02 1.513000000000000078e+01 1.760999999999999943e+01
-7.884099999999999682e+02 2.007999999999999829e+01 3.859000000000000341e+01
-7.883999999999999773e+02 3.778999999999999915e+01 2.619000000000000128e+01
-7.880599999999999454e+02 3.314999999999999858e+01 3.250000000000000000e+00
-7.883300000000000409e+02 1.060999999999999943e+01 3.196000000000000085e+01
-7.885199999999999818e+02 5.078000000000000114e+01 4.160999999999999943e+01
-7.880000000000000000e+02 1.705999999999999872e+01 1.283999999999999986e+01
-7.882599999999999909e+02 1.921999999999999886e+01 1.930999999999999872e+01
-7.880599999999999454e+02 2.123999999999999844e+01 1.461999999999999922e+01
-7.878400000000000318e+02 1.851000000000000156e+01 1.034999999999999964e+01
-7.881699999999999591e+02 3.578999999999999915e+01 3.599999999999999867e-01
-7.885000000000000000e+02 1.785000000000000142e+01 4.503000000000000114e+01
-7.884400000000000546e+02 1.176999999999999957e+01 4.370000000000000284e+01
-7.883099999999999454e+02 2.512999999999999901e+01 1.225000000000000000e+01
-7.880499999999999545e+02 1.876999999999999957e+01 1.408999999999999986e+01
-7.884900000000000091e+02 4.959000000000000341e+01 2.605000000000000071e+01
-7.885000000000000000e+02 9.259999999999999787e+00 4.853000000000000114e+01
-7.883799999999999955e+02 1.980999999999999872e+01 3.279999999999999716e+01
-7.884900000000000091e+02 3.679999999999999716e+01 4.211999999999999744e+01
-7.880900000000000318e+02 2.289999999999999858e+01 1.089000000000000057e+01
-7.879199999999999591e+02 2.410000000000000142e+01 4.709999999999999964e+00
-7.881000000000000227e+02 3.030000000000000071e+01 6.519999999999999574e+00
-7.883899999999999864e+02 1.469999999999999973e+00 4.734000000000000341e+01
-7.883999999999999773e+02 3.335000000000000142e+01 2.628999999999999915e+01
-7.878999999999999773e+02 1.978999999999999915e+01 1.008999999999999986e+01
-7.885900000000000318e+02 3.066000000000000014e+01 4.628000000000000114e+01
-7.876499999999999773e+02 2.339000000000000057e+01 3.700000000000000178e+00
-7.885199999999999818e+02 4.889000000000000057e+01 4.192000000000000171e+01
