-7.876499999999999773e+02 1.288000000000000078e+01 2.375000000000000000e+01
-7.883099999999999454e+02 2.630000000000000071e+01 1.088000000000000078e+01
-7.878500000000000227e+02 1.830999999999999872e+01 1.065000000000000036e+01
-7.883500000000000227e+02 2.312000000000000099e+01 1.637000000000000099e+01
-7.882799999999999727e+02 2.160999999999999943e+01 1.642000000000000171e+01
-7.885700000000000500e+02 2.119000000000000128e+01 4.724000000000000199e+01
-7.880399999999999636e+02 1.685999999999999943e+01 1.508000000000000007e+01
-7.883700000000000045e+02 8.150000000000000355e+00 4.142000000000000171e+01
-7.883099999999999454e+02 1.176999999999999957e+01 3.062999999999999901e+01
-7.879700000000000273e+02 3.253999999999999915e+01 0.000000000000000000e+00
-7.876299999999999955e+02 2.308999999999999986e+01 4.070000000000000284e+00
-7.882699999999999818e+02 1.817999999999999972e+01 2.062000000000000099e+01
-7.883999999999999773e+02 3.850000000000000089e+00 4.428999999999999915e+01
-7.883700000000000045e+02 2.044999999999999929e+01 2.705000000000000071e+01
-7.882100000000000364e+02 2.848999999999999844e+01 8.380000000000000782e+00
-7.880299999999999727e+02 2.394999999999999929e+01 7.330000000000000071e+00
-7.882000000000000455e+02 3.222999999999999687e+01 4.179999999999999716e+00
-7.883200000000000500e+02 2.117000000000000171e+01 1.948999999999999844e+01
-7.878400000000000318e+02 1.383999999999999986e+01 2.935999999999999943e+01
-7.878200000000000500e+02 2.792000000000000171e+01 0.000000000000000000e+00
-7.884800000000000182e+02 4.875999999999999801e+01 2.867000000000000171e+01
-7.878400000000000318e+02 2.441000000000000014e+01 3.700000000000000178e+00
-7.879299999999999500e+02 1.621000000000000085e+01 2.146999999999999886e+01
-7.885299999999999727e+02 1.434999999999999964e+01 4.790999999999999659e+01
-7.880000000000000000e+02 2.787999999999999901e+01 3.720000000000000195e+00
-7.882500000000000000e+02 2.510000000000000142e+01 1.230000000000000071e+01
-7.882000000000000455e+02 3.618999999999999773e+01 0.000000000000000000e+00
-7.883999999999999773e+02 5.200000000000000178e-01 4.834000000000000341e+01
-7.877200000000000273e+02 1.560999999999999943e+01 1.755000000000000071e+01
-7.886100000000000136e+02 2.987000000000000099e+01 4.728999999999999915e+01
-7.876499999999999773e+02 2.575000000000000000e+01 2.899999999999999800e-01
-7.883700000000000045e+02 1.266999999999999993e+01 3.742000000000000171e+01
-7.882699999999999818e+02 6.129999999999999893e+00 4.325999999999999801e+01
-7.880499999999999545e+02 2.021999999999999886e+01 1.140000000000000036e+01
-7.886000000000000227e+02 4.010000000000000142e+01 4.572999999999999687e+01
-7.878600000000000136e+02 1.994000000000000128e+01 7.549999999999999822e+00
-7.885000000000000000e+02 9.050000000000000711e+00 4.856000000000000227e+01
-7.885299999999999727e+02 5.078000000000000114e+01 4.168999999999999773e+01
-7.883700000000000045e+02 1.600000000000000000e+01 3.133999999999999986e+01
-7.878400000000000318e+02 1.851000000000000156e+01 1.034999999999999964e+01
-7.882699999999999818e+02 7.959999999999999964e+00 4.174000000000000199e+01
-7.884500000000000455e+02 7.019999999999999574e+00 4.693999999999999773e+01
-7.883300000000000409e+02 1.060999999999999943e+01 3.196000000000000085e+01
-7.878200000000000500e+02 1.310999999999999943e+01 2.526000000000000156e+01
-7.882599999999999909e+02 1.914999999999999858e+01 1.941000000000000014e+01
-7.883500000000000227e+02 1.707999999999999829e+01 3.071999999999999886e+01
-7.885299999999999727e+02 1.591000000000000014e+01 4.772999999999999687e+01
-7.878300000000000409e+02 2.753999999999999915e+01 3.300000000000000155e-01
-7.883099999999999454e+02 2.512999999999999901e+01 1.225000000000000000e+01
-7.880199999999999818e+02 2.228999999999999915e+01 9.859999999999999432e+00
-7.877500000000000000e+02 2.412000000000000099e+01 3.020000000000000018e+00
-7.881699999999999591e+02 3.578999999999999915e+01 3.599999999999999867e-01
-7.876599999999999682e+02 1.275999999999999979e+01 2.430999999999999872e+01
-7.882999999999999545e+02 2.096000000000000085e+01 1.719999999999999929e+01
-7.880000000000000000e+02 1.705999999999999872e+01 1.283999999999999986e+01
-7.883899999999999864e+02 1.469999999999999973e+00 4.734000000000000341e+01
-7.877500000000000000e+02 2.287999999999999901e+01 5.889999999999999680e+00
-7.876599999999999682e+02 2.562999999999999901e+01 3.900000000000000133e-01
-7.876599999999999682e+02 2.332999999999999829e+01 4.089999999999999858e+00
-7.880599999999999454e+02 3.314999999999999858e+01 3.250000000000000000e+00
-7.880700000000000500e+02 3.014999999999999858e+01 4.549999999999999822e+00
-7.880700000000000500e+02 2.717000000000000171e+01 6.679999999999999716e+00
-7.883999999999999773e+02 3.279999999999999716e+01 2.910999999999999943e+01
-7.885199999999999818e+02 5.078000000000000114e+01 4.160999999999999943e+01
-7.884900000000000091e+02 2.082000000000000028e+01 4.295000000000000284e+01
-7.882799999999999727e+02 2.703999999999999915e+01 1.002999999999999936e+01
-7.883099999999999454e+02 1.603999999999999915e+01 2.328000000000000114e+01
-7.882300000000000182e+02 1.398000000000000043e+01 3.030000000000000071e+01
-7.879299999999999500e+02 3.250000000000000000e+01 6.500000000000000222e-01
-7.885800000000000409e+02 2.712999999999999901e+01 4.768999999999999773e+01
-7.877400000000000091e+02 1.513000000000000078e+01 1.760999999999999943e+01
-7.882899999999999636e+02 2.666000000000000014e+01 1.047000000000000064e+01
-7.885599999999999454e+02 3.677000000000000313e+01 4.492999999999999972e+01
-7.884900000000000091e+02 4.959000000000000341e+01 2.605000000000000071e+01
-7.884400000000000546e+02 4.182000000000000028e+01 2.610000000000000142e+01
-7.878799999999999955e+02 1.552999999999999936e+01 2.126000000000000156e+01
-7.885000000000000000e+02 9.259999999999999787e+00 4.853000000000000114e+01
-7.878400000000000318e+02 1.667999999999999972e+01 1.817000000000000171e+01
-7.879299999999999500e+02 3.200999999999999801e+01 8.800000000000000044e-01
-7.877200000000000273e+02 2.519999999999999929e+01 8.199999999999999512e-01
-7.880700000000000500e+02 2.317000000000000171e+01 9.960000000000000853e+00
-7.883300000000000409e+02 8.910000000000000142e+00 3.389000000000000057e+01
-7.880900000000000318e+02 2.289999999999999858e+01 1.089000000000000057e+01
-7.885000000000000000e+02 9.669999999999999929e+00 4.842000000000000171e+01
-7.883099999999999454e+02 2.614000000000000057e+01 1.106000000000000050e+01
-7.878999999999999773e+02 1.921999999999999886e+01 1.063000000000000078e+01
-7.881799999999999500e+02 3.207999999999999829e+01 4.330000000000000071e+00
-7.878400000000000318e+02 1.418999999999999950e+01 2.794000000000000128e+01
-7.882000000000000455e+02 3.500999999999999801e+01 1.189999999999999947e+00
-7.885199999999999818e+02 4.889000000000000057e+01 4.192000000000000171e+01
-7.882999999999999545e+02 2.182999999999999829e+01 1.616000000000000014e+01
-7.883799999999999955e+02 1.439000000000000057e+01 3.774000000000000199e+01
-7.884199999999999591e+02 3.804999999999999716e+01 3.368999999999999773e+01
-7.882599999999999909e+02 1.762000000000000099e+01 2.128999999999999915e+01
-7.882999999999999545e+02 2.541000000000000014e+01 1.193999999999999950e+01
-7.883999999999999773e+02 3.892000000000000171e+01 2.605999999999999872e+01
-7.880199999999999818e+02 1.801000000000000156e+01 1.441999999999999993e+01
-7.884400000000000546e+02 1.310000000000000053e+00 4.871000000000000085e+01
-7.886000000000000227e+02 2.944999999999999929e+01 4.722999999999999687e+01
-7.885599999999999454e+02 2.058999999999999986e+01 4.747999999999999687e+01
-7.884299999999999500e+02 2.733999999999999986e+01 3.536999999999999744e+01
-7.884500000000000455e+02 7.000000000000000000e+00 4.696999999999999886e+01
-7.882899999999999636e+02 2.719999999999999929e+01 9.820000000000000284e+00
-7.877100000000000364e+02 1.319999999999999929e+01 2.458999999999999986e+01
-7.885099999999999909e+02 4.518999999999999773e+01 4.478000000000000114e+01
-7.876499999999999773e+02 2.339000000000000057e+01 3.700000000000000178e+00
-7.878500000000000227e+02 2.500000000000000000e+01 4.419999999999999929e+00
-7.884700000000000273e+02 4.403999999999999915e+01 2.621999999999999886e+01
-7.877699999999999818e+02 1.535999999999999943e+01 2.467999999999999972e+01
-7.883899999999999864e+02 1.994000000000000128e+01 3.228000000000000114e+01
-7.877400000000000091e+02 2.541000000000000014e+01 6.899999999999999467e-01
-7.879800000000000182e+02 2.726999999999999957e+01 3.930000000000000160e+00
-7.878999999999999773e+02 1.978999999999999915e+01 1.008999999999999986e+01
-7.885900000000000318e+02 3.012999999999999901e+01 4.646999999999999886e+01
-7.879500000000000455e+02 2.978999999999999915e+01 1.350000000000000089e+00
-7.878899999999999864e+02 2.317999999999999972e+01 5.870000000000000107e+00
-7.882599999999999909e+02 1.921999999999999886e+01 1.930999999999999872e+01
-7.883700000000000045e+02 1.021000000000000085e+01 3.760000000000000142e+01
-7.878799999999999955e+02 1.671999999999999886e+01 1.805000000000000071e+01
-7.885700000000000500e+02 4.679999999999999716e+01 4.482999999999999829e+01
-7.885599999999999454e+02 3.546000000000000085e+01 4.539000000000000057e+01
-7.880700000000000500e+02 2.289999999999999858e+01 1.028999999999999915e+01
-7.884400000000000546e+02 3.200000000000000178e+00 4.860000000000000142e+01
-7.883899999999999864e+02 2.778000000000000114e+01 3.137000000000000099e+01
-7.884400000000000546e+02 4.307000000000000028e+01 2.603999999999999915e+01
-7.882300000000000182e+02 2.817999999999999972e+01 8.689999999999999503e+00
-7.884099999999999682e+02 1.260000000000000009e+00 4.786999999999999744e+01
-7.879500000000000455e+02 2.078999999999999915e+01 9.080000000000000071e+00
