-7.879700000000000273e+02 8.810000000000000497e+00 3.256000000000000227e+01
-7.884099999999999682e+02 4.330000000000000071e+00 4.511999999999999744e+01
-7.882799999999999727e+02 8.179999999999999716e+00 3.340999999999999659e+01
-7.882699999999999818e+02 1.873999999999999844e+01 1.992999999999999972e+01
-7.883799999999999955e+02 4.103999999999999915e+01 2.605999999999999872e+01
-7.878799999999999955e+02 1.623000000000000043e+01 1.708999999999999986e+01
-7.879500000000000455e+02 2.492000000000000171e+01 3.640000000000000124e+00
-7.884099999999999682e+02 1.796000000000000085e+01 3.411999999999999744e+01
-7.880800000000000409e+02 3.117999999999999972e+01 4.250000000000000000e+00
-7.886000000000000227e+02 3.032999999999999829e+01 4.625999999999999801e+01
-7.885000000000000000e+02 9.230000000000000426e+00 4.864999999999999858e+01
-7.882599999999999909e+02 1.516999999999999993e+01 2.435000000000000142e+01
-7.880800000000000409e+02 2.673000000000000043e+01 8.150000000000000355e+00
-7.882500000000000000e+02 3.311999999999999744e+01 3.640000000000000124e+00
-7.878500000000000227e+02 1.372000000000000064e+01 2.251000000000000156e+01
-7.883799999999999955e+02 3.026000000000000156e+01 2.691000000000000014e+01
-7.880399999999999636e+02 1.689000000000000057e+01 2.219999999999999929e+01
-7.882699999999999818e+02 1.172000000000000064e+01 2.876999999999999957e+01
-7.877300000000000182e+02 1.998000000000000043e+01 9.509999999999999787e+00
-7.883999999999999773e+02 2.360999999999999943e+01 3.026000000000000156e+01
-7.880700000000000500e+02 2.176999999999999957e+01 1.265000000000000036e+01
-7.883099999999999454e+02 4.259999999999999787e+00 3.597999999999999687e+01
-7.879700000000000273e+02 2.085000000000000142e+01 7.480000000000000426e+00
-7.885800000000000409e+02 2.251999999999999957e+01 4.842000000000000171e+01
-7.884900000000000091e+02 3.828999999999999915e+01 2.844999999999999929e+01
-7.882799999999999727e+02 2.217999999999999972e+01 1.573000000000000043e+01
-7.885299999999999727e+02 1.491999999999999993e+01 4.768999999999999773e+01
-7.882899999999999636e+02 1.100000000000000089e+00 4.275000000000000000e+01
-7.882799999999999727e+02 2.885999999999999943e+01 7.929999999999999716e+00
-7.885000000000000000e+02 4.817999999999999972e+01 2.626000000000000156e+01
-7.880599999999999454e+02 3.613000000000000256e+01 2.000000000000000042e-02
-7.882200000000000273e+02 3.650000000000000000e+01 1.199999999999999956e-01
-7.883999999999999773e+02 1.398000000000000043e+01 3.859000000000000341e+01
-7.877799999999999727e+02 2.246999999999999886e+01 3.660000000000000142e+00
-7.877400000000000091e+02 2.666000000000000014e+01 1.900000000000000022e-01
-7.879400000000000546e+02 1.821000000000000085e+01 1.160999999999999943e+01
-7.885900000000000318e+02 4.114999999999999858e+01 4.499000000000000199e+01
-7.884199999999999591e+02 8.759999999999999787e+00 4.168999999999999773e+01
-7.882799999999999727e+02 2.551999999999999957e+01 1.175999999999999979e+01
-7.880499999999999545e+02 1.288000000000000078e+01 2.730000000000000071e+01
-7.879299999999999500e+02 2.978999999999999915e+01 4.000000000000000083e-02
-7.880599999999999454e+02 2.123999999999999844e+01 1.658999999999999986e+01
-7.884199999999999591e+02 4.299999999999999933e-01 4.810999999999999943e+01
