-7.884299999999999500e+02 2.410999999999999943e+01 3.988000000000000256e+01
-7.882699999999999818e+02 7.240000000000000213e+00 3.424000000000000199e+01
-7.882000000000000455e+02 1.801000000000000156e+01 2.080000000000000071e+01
-7.882100000000000364e+02 2.162999999999999901e+01 1.639999999999999858e+01
-7.883099999999999454e+02 2.641000000000000014e+01 1.075000000000000000e+01
-7.885599999999999454e+02 1.812000000000000099e+01 4.779999999999999716e+01
-7.880700000000000500e+02 2.255000000000000071e+01 1.247000000000000064e+01
-7.883400000000000318e+02 2.270000000000000018e+00 4.746000000000000085e+01
-7.880800000000000409e+02 2.948999999999999844e+01 4.549999999999999822e+00
-7.880800000000000409e+02 2.492999999999999972e+01 8.140000000000000568e+00
-7.885900000000000318e+02 2.498999999999999844e+01 4.767000000000000171e+01
-7.879900000000000091e+02 1.455000000000000071e+01 2.112000000000000099e+01
-7.884400000000000546e+02 1.726999999999999957e+01 4.282000000000000028e+01
-7.879600000000000364e+02 2.087999999999999901e+01 7.990000000000000213e+00
-7.884500000000000455e+02 1.175999999999999979e+01 4.700000000000000000e+01
-7.884299999999999500e+02 2.746999999999999886e+01 2.998000000000000043e+01
-7.879400000000000546e+02 2.496999999999999886e+01 3.959999999999999964e+00
-7.883500000000000227e+02 2.001999999999999957e+01 1.885000000000000142e+01
-7.883300000000000409e+02 2.310000000000000142e+01 1.464000000000000057e+01
-7.882100000000000364e+02 2.523000000000000043e+01 1.213000000000000078e+01
-7.877000000000000455e+02 2.853000000000000114e+01 0.000000000000000000e+00
-7.877500000000000000e+02 2.262999999999999901e+01 4.480000000000000426e+00
-7.878400000000000318e+02 1.533000000000000007e+01 1.908999999999999986e+01
-7.883300000000000409e+02 1.807999999999999829e+01 2.382000000000000028e+01
-7.882100000000000364e+02 3.625999999999999801e+01 2.200000000000000011e-01
-7.880299999999999727e+02 3.609000000000000341e+01 8.000000000000000167e-02
-7.884400000000000546e+02 1.699999999999999956e+00 4.814999999999999858e+01
-7.884299999999999500e+02 3.486999999999999744e+01 2.798999999999999844e+01
-7.880399999999999636e+02 1.862999999999999901e+01 1.698999999999999844e+01
-7.886100000000000136e+02 3.422999999999999687e+01 4.674000000000000199e+01
-7.882300000000000182e+02 3.242000000000000171e+01 3.970000000000000195e+00
-7.877999999999999545e+02 1.942999999999999972e+01 8.949999999999999289e+00
-7.882000000000000455e+02 1.048000000000000043e+01 3.039000000000000057e+01
-7.879099999999999682e+02 1.780999999999999872e+01 1.241999999999999993e+01
-7.878799999999999955e+02 3.224000000000000199e+01 0.000000000000000000e+00
-7.883400000000000318e+02 1.293999999999999950e+01 2.755000000000000071e+01
-7.882300000000000182e+02 2.862999999999999901e+01 8.199999999999999289e+00
-7.885800000000000409e+02 4.568999999999999773e+01 4.506000000000000227e+01
-7.884600000000000364e+02 6.190000000000000391e+00 4.810000000000000142e+01
-7.883400000000000318e+02 9.140000000000000568e+00 3.304999999999999716e+01
-7.882899999999999636e+02 6.089999999999999858e+00 4.290999999999999659e+01
-7.882000000000000455e+02 1.400999999999999979e+01 2.582999999999999829e+01
-7.884199999999999591e+02 4.504999999999999716e+01 2.610000000000000142e+01
