-7.880099999999999909e+02 1.905999999999999872e+01 1.166000000000000014e+01
-7.882599999999999909e+02 3.275000000000000000e+01 3.629999999999999893e+00
-7.881100000000000136e+02 1.737999999999999901e+01 2.160000000000000142e+01
-7.886000000000000227e+02 3.082000000000000028e+01 4.657999999999999829e+01
-7.876299999999999955e+02 2.564999999999999858e+01 6.099999999999999867e-01
-7.883099999999999454e+02 1.046000000000000085e+01 3.715999999999999659e+01
-7.878200000000000500e+02 1.717999999999999972e+01 1.230000000000000071e+01
-7.880000000000000000e+02 1.664999999999999858e+01 1.644000000000000128e+01
-7.884199999999999591e+02 2.453000000000000114e+01 3.039999999999999858e+01
-7.883099999999999454e+02 2.250000000000000000e+01 1.533999999999999986e+01
-7.884900000000000091e+02 3.857999999999999829e+01 2.846000000000000085e+01
-7.884900000000000091e+02 4.875000000000000000e+01 2.605999999999999872e+01
-7.882400000000000091e+02 3.485999999999999943e+01 1.370000000000000107e+00
-7.880000000000000000e+02 2.330999999999999872e+01 8.189999999999999503e+00
-7.883799999999999955e+02 3.160000000000000142e+01 2.737999999999999901e+01
-7.885800000000000409e+02 2.348999999999999844e+01 4.707999999999999829e+01
-7.884099999999999682e+02 1.566000000000000014e+01 4.103000000000000114e+01
-7.884199999999999591e+02 5.969999999999999751e+00 4.646999999999999886e+01
-7.884199999999999591e+02 4.232000000000000028e+01 2.601999999999999957e+01
-7.885299999999999727e+02 1.637999999999999901e+01 4.728999999999999915e+01
-7.883300000000000409e+02 6.599999999999999645e+00 4.139999999999999858e+01
-7.883099999999999454e+02 2.589999999999999858e+01 1.132000000000000028e+01
-7.883200000000000500e+02 1.243999999999999950e+01 2.796999999999999886e+01
-7.883099999999999454e+02 1.589000000000000057e+01 2.346000000000000085e+01
-7.881299999999999955e+02 2.473999999999999844e+01 1.271000000000000085e+01
-7.884199999999999591e+02 1.064000000000000057e+01 4.402000000000000313e+01
-7.881299999999999955e+02 3.176999999999999957e+01 4.719999999999999751e+00
-7.884400000000000546e+02 2.069999999999999840e+00 4.797999999999999687e+01
-7.879700000000000273e+02 9.730000000000000426e+00 4.035999999999999943e+01
-7.879600000000000364e+02 3.178000000000000114e+01 5.899999999999999689e-01
-7.881100000000000136e+02 3.689999999999999858e+01 1.000000000000000056e-01
-7.883099999999999454e+02 1.910999999999999943e+01 1.946000000000000085e+01
-7.880199999999999818e+02 2.685000000000000142e+01 3.959999999999999964e+00
-7.881299999999999955e+02 2.107999999999999829e+01 1.707000000000000028e+01
-7.876399999999999864e+02 2.248000000000000043e+01 4.830000000000000071e+00
-7.878500000000000227e+02 2.319000000000000128e+01 4.019999999999999574e+00
-7.881200000000000045e+02 2.830000000000000071e+01 8.580000000000000071e+00
-7.877500000000000000e+02 2.969999999999999929e+01 2.200000000000000011e-01
-7.882899999999999636e+02 2.921000000000000085e+01 7.549999999999999822e+00
-7.885700000000000500e+02 4.096999999999999886e+01 4.439999999999999858e+01
-7.878400000000000318e+02 2.092999999999999972e+01 8.589999999999999858e+00
-7.883999999999999773e+02 2.132999999999999829e+01 3.992000000000000171e+01
