-7.883999999999999773e+02 1.873000000000000043e+01 3.603000000000000114e+01
-7.881000000000000227e+02 2.355000000000000071e+01 1.211999999999999922e+01
-7.882200000000000273e+02 6.450000000000000178e+00 4.325999999999999801e+01
-7.884099999999999682e+02 2.290000000000000036e+00 4.727000000000000313e+01
-7.879800000000000182e+02 1.864000000000000057e+01 1.141999999999999993e+01
-7.884099999999999682e+02 1.033000000000000007e+01 4.289999999999999858e+01
-7.884099999999999682e+02 2.321999999999999886e+01 2.964000000000000057e+01
-7.879500000000000455e+02 2.628999999999999915e+01 4.030000000000000249e+00
-7.885199999999999818e+02 5.032000000000000028e+01 4.103999999999999915e+01
-7.882899999999999636e+02 2.551999999999999957e+01 1.175999999999999979e+01
-7.877999999999999545e+02 1.701999999999999957e+01 1.310999999999999943e+01
-7.880800000000000409e+02 3.225999999999999801e+01 4.169999999999999929e+00
-7.882899999999999636e+02 1.900000000000000000e+01 1.958999999999999986e+01
-7.886000000000000227e+02 3.021999999999999886e+01 4.668999999999999773e+01
-7.879500000000000455e+02 1.601000000000000156e+01 1.607999999999999829e+01
-7.880599999999999454e+02 1.348000000000000043e+01 2.650000000000000000e+01
-7.878999999999999773e+02 1.523000000000000043e+01 2.428000000000000114e+01
-7.878200000000000500e+02 1.962999999999999901e+01 8.279999999999999361e+00
-7.884199999999999591e+02 6.360000000000000320e+00 4.615999999999999659e+01
-7.885900000000000318e+02 4.120000000000000284e+01 4.542000000000000171e+01
-7.875599999999999454e+02 2.564999999999999858e+01 9.899999999999999911e-01
-7.877699999999999818e+02 2.666000000000000014e+01 0.000000000000000000e+00
-7.882799999999999727e+02 2.896999999999999886e+01 7.809999999999999609e+00
-7.882500000000000000e+02 3.439999999999999947e+00 4.614999999999999858e+01
-7.882899999999999636e+02 2.214000000000000057e+01 1.577999999999999936e+01
-7.882899999999999636e+02 1.566999999999999993e+01 2.373999999999999844e+01
-7.882300000000000182e+02 1.006000000000000050e+01 3.704999999999999716e+01
-7.883999999999999773e+02 1.483000000000000007e+01 4.027000000000000313e+01
-7.882799999999999727e+02 1.242999999999999972e+01 2.787000000000000099e+01
-7.882599999999999909e+02 3.229999999999999716e+01 4.099999999999999645e+00
-7.885700000000000500e+02 2.180999999999999872e+01 4.689000000000000057e+01
-7.880700000000000500e+02 2.080000000000000071e+01 1.739999999999999858e+01
-7.880900000000000318e+02 1.717999999999999972e+01 2.187999999999999901e+01
-7.883799999999999955e+02 3.075000000000000000e+01 2.773999999999999844e+01
-7.880700000000000500e+02 3.646999999999999886e+01 0.000000000000000000e+00
-7.877899999999999636e+02 2.305000000000000071e+01 3.930000000000000160e+00
-7.885399999999999636e+02 1.601000000000000156e+01 4.849000000000000199e+01
-7.879900000000000091e+02 2.148000000000000043e+01 7.330000000000000071e+00
-7.882200000000000273e+02 4.195000000000000284e+01 0.000000000000000000e+00
-7.879099999999999682e+02 3.198000000000000043e+01 7.000000000000000666e-02
-7.880800000000000409e+02 2.835999999999999943e+01 8.529999999999999361e+00
-7.884800000000000182e+02 4.677000000000000313e+01 2.614999999999999858e+01
-7.883999999999999773e+02 3.845000000000000284e+01 2.610999999999999943e+01
